Trading Day,Date,Open,High,Low,Close,Volume,Dividends,Stock Splits,date_only,RollingMean,RollingStd,UpperBand1,LowerBand1,UpperBand2,LowerBand2,CCI_10,CCI_40,OBV,VPT,VPT_signal,VWAP,MFI_14,PP,R1,S1,R2,S2,R3,S3,CMF,%R,macd,macd_signal,macde_histogram,rsi,ADX,sma_5,sma_20,sma_50,sma_100,symbol,created_on
1,2025-07-29 00:00:00+05:30,933.75,960.7999877929688,918.0,957.7999877929688,27078,0.0,0.0,2025-07-29,992.7624908447266,23.654106952547533,1016.4165977972741,969.1083838921791,1040.0707047498217,945.4542769396315,-128.218338379426,-204.57475927847008,8851677,35591.59079361652,20090.562865484764,1045.373965810222,27.211201808780388,945.5333251953125,973.066650390625,930.2666625976562,988.3333129882812,902.7333374023438,1015.8666381835938,887.4666748046875,-0.06176672146904769,-64.01446963969383,-5.6269534514855195,1.328840192718624,-6.955793644204143,42.42513013910391,23.687696212242177,963.4799926757812,992.7624908447266,976.9549975585937,937.2430548095704,GESHIP.BO,2025-07-29 11:48:54.474430
2,2025-07-28 00:00:00+05:30,964.9500122070312,966.0,930.4000244140625,934.0,6048,0.0,0.0,2025-07-28,993.8824920654297,22.40907937929048,1016.2915714447201,971.4734126861392,1038.7006508240106,949.0643333068488,-212.85800568985016,-229.83511448732773,8824599,7752.015764279599,16215.305883451823,1045.474869763963,26.547872696532096,943.4666748046875,956.5333251953125,920.933349609375,979.066650390625,907.86669921875,992.13330078125,885.3333740234375,-0.13789318211623908,-96.50657142687918,-4.385506328932138,3.06778860376966,-7.453294932701798,32.48355633335332,24.342852668971414,969.9299926757812,993.8824920654297,976.152998046875,935.8423455810547,GESHIP.BO,2025-07-29 11:48:54.474430
3,2025-07-25 00:00:00+05:30,972.3499755859375,972.7999877929688,947.7000122070312,961.25,11474,0.0,0.0,2025-07-25,996.1649932861328,17.849699948753873,1014.0146932348866,978.315293337379,1031.8643931836405,960.465593388625,-302.25682944837814,-150.57292651182226,8830647,15135.862955433891,18331.128413244878,1045.5035654795433,24.35824452983097,960.5833333333334,973.4666544596355,948.366678873698,985.6833089192709,935.4833577473959,998.566630045573,923.2667032877605,-0.14862140225181159,-84.98615295657201,-0.3856925586443367,4.931112336945109,-5.316804895589446,39.78783534658121,25.6463782475466,981.1199951171875,996.1649932861328,976.7209985351562,934.5588482666016,GESHIP.BO,2025-07-29 11:48:54.474430
4,2025-07-24 00:00:00+05:30,1007.6500244140625,1007.6500244140625,972.3499755859375,975.0999755859375,9633,0.0,0.0,2025-07-24,996.7924926757812,16.744025771676455,1013.5365184474576,980.0484669041048,1030.280544219134,963.3044411324283,-137.07051100720702,-18.88569626118555,8842121,12890.408911883778,19129.944777697623,1045.5447319452226,36.11270307626328,985.0333251953125,997.7166748046875,962.4166259765625,1020.3333740234375,949.7332763671875,1033.0167236328125,927.1165771484375,-0.18704626404387772,-96.61954416065568,2.057412837537072,6.260313560842469,-4.202900723305397,44.51156740098167,27.228592323562673,987.0799926757812,996.7924926757812,976.952998046875,933.2747479248047,GESHIP.BO,2025-07-29 11:48:54.474430
5,2025-07-23 00:00:00+05:30,993.9000244140625,994.9500122070312,984.8499755859375,989.25,5135,0.0,0.0,2025-07-23,997.4799926757812,16.07539921226165,1013.5553918880429,981.4045934635195,1029.6307911003046,965.329194251258,-66.65770123250532,8.51031510663504,8851754,6971.118983423088,20689.828744151084,1045.5736406654964,57.86629091884394,989.6833292643229,994.5166829427083,984.4166463216145,999.7833658854166,979.5832926432291,1004.616719563802,974.3166097005208,-0.15855410762415367,-89.26592071849079,3.790142410736962,7.311038741668818,-3.5208963309318557,50.16126798490836,27.179417748038084,991.1599975585938,997.4799926757812,975.6249987792969,932.303984375,GESHIP.BO,2025-07-29 11:48:54.474430
6,2025-07-22 00:00:00+05:30,990.5,1002.5,988.9500122070312,990.0499877929688,3826,0.0,0.0,2025-07-22,997.2999938964844,16.19213277986851,1013.4921266763529,981.1078611166158,1029.6842594562213,964.9157283367473,-31.936871746435855,30.440640802523426,8856889,5198.260948379628,24119.50618433308,1045.5859644704694,67.35671390567737,993.8333333333334,998.7166544596355,985.1666666666667,1007.3833211263021,980.2833455403646,1012.2666422526042,971.616678873698,-0.16737329081651697,-88.15790363539838,4.55757192336182,8.19126282440178,-3.6336909010399605,50.497759032381346,27.76885977445483,991.3799926757813,997.2999938964844,974.1589978027343,931.2826837158203,GESHIP.BO,2025-07-29 11:48:54.474430
7,2025-07-21 00:00:00+05:30,983.0499877929688,991.9500122070312,981.5,989.9500122070312,8338,0.0,0.0,2025-07-21,996.5024932861328,16.943367328118313,1013.4458606142512,979.5591259580144,1030.3892279423694,962.6157586298962,-77.96586119917484,10.863591391322894,8853063,11327.423676572958,28849.817493321443,1045.5950197911923,70.48322215729507,987.8000081380209,994.1000162760417,983.6500040690105,998.2500203450521,977.3499959309896,1004.550028483073,973.1999918619792,-0.16575635812869194,-78.07711887022492,5.392273457288411,9.099685549661771,-3.7074120923733602,50.4591851383305,28.073087891019433,991.1699951171875,996.5024932861328,972.1689929199218,930.3672119140625,GESHIP.BO,2025-07-29 11:48:54.474430
8,2025-07-18 00:00:00+05:30,995.5,998.0999755859375,983.0,991.0499877929688,16261,0.0,0.0,2025-07-18,996.7224914550782,16.88226502040761,1013.6047564754858,979.8402264346705,1030.4870214958935,962.957961414263,-70.31023822851091,25.2664437022409,8861401,22115.603690376596,33230.41594750856,1045.614799819298,65.4459482980924,990.7166544596354,998.4333089192708,983.3333333333333,1005.8166300455729,975.6166788736979,1013.5332845052083,968.2333577473958,-0.04890951650848957,-76.72993444978259,6.389089328017121,10.02653857275511,-3.6374492447379883,50.86402883514919,28.951502961990705,991.8799926757813,996.7224914550782,970.5219775390625,929.5263067626953,GESHIP.BO,2025-07-29 11:48:54.474430
9,2025-07-17 00:00:00+05:30,990.4000244140625,998.5499877929688,986.5499877929688,995.5,12967,0.0,0.0,2025-07-17,995.3174926757813,18.47349338281436,1013.7909860585956,976.8439992929669,1032.26447944141,958.3705059101526,-70.4806614142555,37.95226301645981,8877662,17714.82081030985,36009.11901179155,1045.6526527837807,68.92291989748709,993.5333251953125,1000.5166625976562,988.5166625976562,1005.5333251953125,981.5333251953125,1012.5166625976562,976.5166625976562,-0.023470481695513547,-71.27982519942022,7.460180395289399,10.935900883939606,-3.4757204886502073,52.44466197097138,29.78474746061032,992.1799926757812,995.3174926757813,968.1113354492187,928.5889056396485,GESHIP.BO,2025-07-29 11:48:54.474430
10,2025-07-16 00:00:00+05:30,989.0,995.2000122070312,983.0,990.3499755859375,14467,0.0,0.0,2025-07-16,993.3699920654296,20.405314259953613,1013.7753063253832,972.9646778054761,1034.1806205853368,952.5593635455224,-109.44627940446762,28.831641929754184,8864695,19661.79506620802,40582.69356216196,1045.6804124168461,64.62156056773604,989.5166625976562,996.0333251953125,983.8333129882812,1001.7166748046875,977.316650390625,1008.2333374023438,971.63330078125,-0.02885531075271757,-77.58726760470729,8.28020972019101,11.804831006102157,-3.524621285911147,50.801678688251805,30.424090513437605,994.2599975585938,993.3699920654296,965.3840344238281,927.5195202636719,GESHIP.BO,2025-07-29 11:48:54.474430
11,2025-07-15 00:00:00+05:30,993.6500244140625,1008.8499755859375,986.7999877929688,989.0,15014,0.0,0.0,2025-07-15,992.1274932861328,21.33430650231716,1013.46179978845,970.7931867838156,1034.796106290767,949.4588802814985,-83.92265912389392,46.83316082517105,8850228,20377.396295970586,45812.91818615045,1045.714601791262,64.16303830954708,994.8833211263021,1002.9666544596355,980.9166666666667,1016.9333089192709,972.8333333333334,1025.0166422526042,958.866678873698,-0.055792125356443144,-79.24063709817881,9.711837400878721,12.685986327579943,-2.974148926701222,50.38443122798408,31.266742631806007,1001.9299926757812,992.1274932861328,962.94265625,926.5836511230468,GESHIP.BO,2025-07-29 11:48:54.474430
12,2025-07-14 00:00:00+05:30,990.9500122070312,1001.9000244140625,982.3499755859375,993.5,23289,0.0,0.0,2025-07-14,991.6624938964844,21.50671453025355,1013.169208426738,970.1557793662308,1034.6759229569916,948.6490648359774,-80.85943521962783,43.01739981365977,8865242,31752.264293916807,52171.798658695414,1045.7509948421334,65.67111354253473,992.5833333333334,1002.8166910807292,983.2666422526042,1012.1333821614584,973.0332845052084,1022.3667399088542,963.7165934244792,-0.06790254411732417,-73.72930578365363,11.530557748239744,13.429523559255248,-1.898965811015504,51.74270273110936,31.920402438211976,1007.2099975585937,991.6624938964844,960.8155822753906,925.6652587890625,GESHIP.BO,2025-07-29 11:48:54.474430
13,2025-07-11 00:00:00+05:30,1002.4500122070312,1021.0,990.0999755859375,992.5499877929688,24458,0.0,0.0,2025-07-11,992.2274932861328,21.705043627818075,1013.9325369139509,970.5224496583147,1035.637580541769,948.8174060304966,-31.98101433702911,68.20383066567484,8841953,33314.19454086607,57276.68224989006,1045.8030549499138,63.839325848260586,1001.2166544596354,1012.3333333333333,981.4333089192708,1032.1166788736978,970.3166300455729,1043.2333577473958,950.5332845052083,-0.08933478236249158,-69.21333364651136,13.241183681630105,13.904265012009121,-0.6630813303790166,51.486324696339004,32.91670734508537,1013.0299926757813,992.2274932861328,959.4494921875,924.7863684082031,GESHIP.BO,2025-07-29 11:48:54.474430
14,2025-07-10 00:00:00+05:30,1025.3499755859375,1028.5999755859375,1003.0,1005.9000244140625,35074,0.0,0.0,2025-07-10,992.1799926757812,21.705340245665077,1013.8853329214463,970.4746524301162,1035.5906731671114,948.7693121844511,24.458369306786405,101.87950328360789,8866411,48416.8025071008,63267.30417714605,1045.8588351273113,71.26678375872933,1012.5,1022.0,996.4000244140625,1038.0999755859375,986.9000244140625,1047.5999755859375,970.800048828125,-0.06755360396895771,-52.672131026258924,15.324241060956865,14.070035344603873,1.2542057163529918,55.32149547809068,33.49827494841645,1021.1099853515625,992.1799926757812,957.0277368164062,923.7375360107421,GESHIP.BO,2025-07-29 11:48:54.474430
15,2025-07-09 00:00:00+05:30,1010.5499877929688,1033.449951171875,1005.0,1028.699951171875,23185,0.0,0.0,2025-07-09,990.5949920654297,21.807905370690094,1012.4028974361197,968.7870866947396,1034.2108028068099,946.9791813240495,67.18726042464083,130.6443597930218,8901485,32730.43731033626,66979.92959465735,1045.9189476592692,76.70917925861123,1022.38330078125,1039.7666015625,1011.316650390625,1050.833251953125,993.933349609375,1068.216552734375,982.86669921875,-0.04859767129348504,-21.19543056323131,16.444223931487954,13.756483915515624,2.687740015972331,62.732059438482366,33.25189051211053,1019.9999755859375,990.5949920654297,954.2057678222657,922.4607598876953,GESHIP.BO,2025-07-29 11:48:54.474430
16,2025-07-08 00:00:00+05:30,1017.4000244140625,1037.949951171875,1012.0,1015.4000244140625,23919,0.0,0.0,2025-07-08,987.4824951171875,20.48535984972868,1007.9678549669161,966.9971352674588,1028.4532148166447,946.5117754177301,81.76363121661136,132.08558809923593,8878300,33330.06624284171,75542.30266573763,1045.936087792661,70.17954058516837,1021.7833251953125,1031.566650390625,1005.61669921875,1047.7332763671875,995.8333740234375,1057.5166015625,979.666748046875,-0.07102510298944623,-32.47133752688239,15.383539154254663,13.084548911522539,2.298990242732124,59.8163890993192,32.84773865366339,1014.2599853515625,987.4824951171875,951.5640490722657,921.2522381591797,GESHIP.BO,2025-07-29 11:48:54.474430
17,2025-07-07 00:00:00+05:30,1046.8499755859375,1053.699951171875,1020.2999877929688,1022.5999755859375,34451,0.0,0.0,2025-07-07,985.797494506836,19.426803947545814,1005.2242984543818,966.3706905592901,1024.6511024019276,946.9438866117443,151.8746208166698,159.48074413399505,8902219,48346.339683002414,86095.36177146161,1045.9674785322134,68.32481667574957,1032.199971516927,1044.0999552408853,1010.699991861979,1065.5999348958333,998.8000081380208,1077.4999186197915,977.3000284830728,-0.06246869849300652,-26.36709492199709,15.102298564789635,12.509801350839506,2.5924972139501286,62.26513739957811,31.934904262441368,1007.2199829101562,985.797494506836,949.3135900878906,920.142417602539,GESHIP.BO,2025-07-29 11:48:54.474430
18,2025-07-04 00:00:00+05:30,1002.1500244140625,1040.0,1002.1500244140625,1032.949951171875,114053,0.0,0.0,2025-07-04,984.0549957275391,17.410337438788858,1001.4653331663279,966.6446582887503,1018.8756706051169,949.2343208499614,209.50346588819832,146.69444630224152,8936670,161674.66926623855,95532.6172935764,1046.0021285232222,62.027529042332134,1025.0333251953125,1047.9166259765625,1010.066650390625,1062.88330078125,987.183349609375,1085.7666015625,972.2166748046875,-0.05047273933289138,-6.76263676558753,13.804316580065915,11.861677047351971,1.9426395327139439,65.86426263812538,30.3739166032943,998.6299926757813,984.0549957275391,946.4747509765625,918.8537274169922,GESHIP.BO,2025-07-29 11:48:54.474430
19,2025-07-03 00:00:00+05:30,1000.3499755859375,1031.0,998.0,1000.3499755859375,93004,0.0,0.0,2025-07-03,981.6524993896485,13.086422810288543,994.7389221999371,968.5660765793599,1007.8253450102255,955.4796537690714,208.32323250200642,114.36197863231487,8822617,127676.09224442155,78997.10430041087,1046.0665181461677,62.282371165391474,1009.7833251953125,1021.566650390625,988.566650390625,1042.7833251953125,976.7833251953125,1054.566650390625,955.566650390625,-0.12235574655777427,-32.17850332185039,10.914034222523242,11.376017164173486,-0.4619829416502448,58.919059499067465,29.01054789208465,986.8,981.6524993896485,944.06814453125,917.712060546875,GESHIP.BO,2025-07-29 11:48:54.474430
20,2025-07-02 00:00:00+05:30,975.7999877929688,1003.75,972.0499877929688,1000.0,51665,0.0,0.0,2025-07-02,981.6325012207031,13.056617878502585,994.6891190992058,968.5758833422005,1007.7457369777084,955.5192654636979,95.33498540660838,78.2508536371057,8729613,70901.01006039933,66827.35731440819,1046.251169207844,78.14893984566535,991.9333292643229,1011.816670735677,980.1166585286458,1023.6333414713541,960.2333170572916,1043.5166829427083,948.4166463216145,-0.0660730824163661,-43.61559672536471,10.258836463034072,11.491512899586047,-1.2326764365519747,58.8355638979187,27.764579012243306,984.5,981.6325012207031,942.4318395996094,917.0251348876953,GESHIP.BO,2025-07-29 11:48:54.474430
21,2025-07-01 00:00:00+05:30,981.2000122070312,991.5,976.0,980.2000122070312,47187,0.0,0.0,2025-07-01,981.2275024414063,12.573586933211429,993.8010893746177,968.6539155081948,1006.3746763078291,956.0803285749835,44.09624262873858,61.31988897282599,8677948,63473.58955807457,65808.9441279104,1046.3551783449461,77.7837733998875,982.5666707356771,989.1333414713542,973.6333414713542,998.0666707356771,967.0666707356771,1004.6333414713542,958.1333414713542,-0.08151962284954141,-60.991635582199045,9.299015162560181,11.799682008724039,-2.500666846163858,53.91524864867677,27.204909563185712,981.6300048828125,981.2275024414063,940.5490295410157,916.513197631836,GESHIP.BO,2025-07-29 11:48:54.474430
22,2025-06-30 00:00:00+05:30,975.0,996.25,975.0,979.6500244140625,24359,0.0,0.0,2025-06-30,980.9600006103516,12.653255555684192,993.6132561660357,968.3067450546674,1006.26651172172,955.6534894989832,47.74361030803869,65.90226654507582,8630761,32748.121841645287,66392.78277036936,1046.4913326508427,78.63206541305826,983.6333414713541,992.2666829427083,971.0166829427083,1004.8833414713541,962.3833414713541,1013.5166829427083,949.7666829427083,-0.06647092734512673,-61.47429291316989,9.879257671676669,12.424848720265002,-2.5455910485883333,53.77272666695762,27.02176964417922,980.4099975585938,980.9600006103516,938.9846752929687,916.5839916992187,GESHIP.BO,2025-07-29 11:48:54.474430
23,2025-06-27 00:00:00+05:30,991.9500122070312,991.9500122070312,972.3499755859375,973.7999877929688,29591,0.0,0.0,2025-06-27,980.5674987792969,12.816726921085209,993.3842257003821,967.7507718582117,1006.2009526214673,954.9340449371265,0.8447008662541324,60.540049886973904,8606402,39544.436857111556,74803.94800255039,1046.5624231073725,76.421618485394,979.3666585286459,986.3833414713542,966.7833048502605,998.9666951497396,959.7666219075521,1005.983378092448,947.1832682291667,-0.009767204775907338,-66.608157878386,10.526623656569996,13.061246482412084,-2.5346228258420886,52.316250111170135,26.824542039095302,983.3499877929687,980.5674987792969,936.8686389160156,916.482788696289,GESHIP.BO,2025-07-29 11:48:54.474430
24,2025-06-26 00:00:00+05:30,994.9500122070312,994.9500122070312,973.8499755859375,988.8499755859375,18561,0.0,0.0,2025-06-26,978.4225006103516,16.936630734965863,995.3591313453175,961.4858698753857,1012.2957620802833,944.5492391404198,27.837132921574124,75.594556782775,8635993,25187.656758542915,83618.82578891008,1046.6565546662666,77.31974461601078,985.8833211263021,997.9166666666667,976.816630045573,1006.9833577473959,964.7832845052084,1019.0167032877605,955.7165934244792,0.0005783353222727038,-53.4006157616998,11.772093961176438,13.694902188872605,-1.9228082276961675,56.57440194110962,26.753388409644423,981.1799926757812,978.4225006103516,935.1052136230469,916.0885424804687,GESHIP.BO,2025-07-29 11:48:54.474430
25,2025-06-25 00:00:00+05:30,978.5499877929688,1005.0,975.2000122070312,985.6500244140625,40057,0.0,0.0,2025-06-25,975.8500030517578,19.045508100790606,994.8955111525484,956.8044949509672,1013.9410192533389,937.7589868501766,48.33933401561455,84.05360459379456,8617432,54182.26373892387,98226.61804650186,1046.703500772859,75.96914264352631,988.6166788736979,1002.0333455403645,972.2333577473958,1018.4166666666666,958.8166910807291,1031.8333333333333,942.433369954427,-0.012763070560689,-56.20882334666698,11.706112538809293,14.175604245796645,-2.469491706987352,55.865159208096266,26.593047805512708,974.7199951171875,975.8500030517578,932.8320190429688,915.3746813964843,GESHIP.BO,2025-07-29 11:48:54.474430
26,2025-06-24 00:00:00+05:30,976.2000122070312,987.2999877929688,965.3499755859375,974.0999755859375,40933,0.0,0.0,2025-06-24,973.6575012207031,20.338087205467506,993.9955884261707,953.3194140152356,1014.3336756316381,932.9813268097681,-11.45144291734686,64.45149944673251,8577375,54718.36302889137,109237.70662339634,1046.810695049989,76.08482183212833,975.5833129882812,985.816650390625,963.8666381835938,997.5333251953125,953.63330078125,1007.7666625976562,941.9166259765625,-0.0013704617377542413,-66.3448951126861,11.75941768863288,14.79297717254348,-3.033559483910601,53.309363084054226,26.34930880052756,970.689990234375,973.6575012207031,930.2877990722657,914.470454711914,GESHIP.BO,2025-07-29 11:48:54.474430
27,2025-06-23 00:00:00+05:30,968.0499877929688,997.0,962.9500122070312,994.3499755859375,96586,0.0,0.0,2025-06-23,971.6575012207031,22.175994706400775,993.8334959271039,949.4815065143024,1016.0094906335047,927.3055118079016,34.142441582026805,84.4356202027745,8618308,131798.1870994709,122867.54252202257,1046.9413827408357,79.56437766863712,984.7666625976562,1006.5833129882812,972.5333251953125,1018.816650390625,950.7166748046875,1040.63330078125,938.4833374023438,0.009712748346227821,-48.573935325738795,12.786996247030856,15.551367043521129,-2.7643707964902724,58.85831311372193,26.60359054942238,971.8099975585938,971.6575012207031,927.914931640625,913.7172283935547,GESHIP.BO,2025-07-29 11:48:54.474430
28,2025-06-20 00:00:00+05:30,950.0499877929688,972.5,935.75,962.9500122070312,42239,0.0,0.0,2025-06-20,968.5100036621094,23.228047147611033,991.7380508097204,945.2819565144983,1014.9660979573315,922.0539093668873,-111.4388739252039,38.57928095941903,8521722,55817.88278030879,120634.88137766048,1047.1653772821398,78.37424687180473,957.0666707356771,978.3833414713542,941.6333414713542,993.8166707356771,920.3166707356771,1015.1333414713542,904.8833414713542,-0.048908045356771936,-76.1298605858949,11.914547640025035,16.242459742643696,-4.3279121026186615,51.6051704107865,26.87743243284757,973.9,968.5100036621094,925.2255432128907,913.0203521728515,GESHIP.BO,2025-07-29 11:48:54.474430
29,2025-06-19 00:00:00+05:30,964.0999755859375,968.2999877929688,944.4500122070312,956.5499877929688,55469,0.0,0.0,2025-06-19,966.5250030517578,25.32946192791144,991.8544649796693,941.1955411238464,1017.1839269075807,915.866079195935,-147.5328227841067,39.369304145861165,8479483,72813.8501095999,136839.1310269984,1047.3225304364378,79.44496422223308,956.4333292643229,968.4166463216145,944.566670735677,980.2833048502604,932.5833536783854,992.266621907552,920.7166951497395,-0.062008839825679916,-76.35246719733927,13.709446231401671,17.32443776829836,-3.6149915368966887,49.934668939916875,27.935176754199663,979.6299926757813,966.5250030517578,923.3053210449219,912.9022418212891,GESHIP.BO,2025-07-29 11:48:54.474430
30,2025-06-18 00:00:00+05:30,983.1500244140625,992.0999755859375,956.1500244140625,965.5,44946,0.0,0.0,2025-06-18,964.307504272461,28.044521815870215,992.3520260883312,936.2629824565907,1020.3965479042014,908.2184606407205,-103.552176102091,68.5683668159751,8534952,59552.406244801736,152845.45125634802,1047.5455220625918,81.0715987639038,971.25,986.3499755859375,950.4000244140625,1007.199951171875,935.300048828125,1022.2999267578125,914.4500732421875,-0.06595367526361436,-67.44090319338346,16.430046889452115,18.22818565252253,-1.7981387630704155,52.27795249763995,28.688115291120937,983.1599975585938,964.307504272461,922.19607421875,912.6809887695313,GESHIP.BO,2025-07-29 11:48:54.474430
31,2025-06-17 00:00:00+05:30,1009.7000122070312,1009.7000122070312,969.0999755859375,979.7000122070312,52770,0.0,0.0,2025-06-17,961.5450042724609,30.53175436789015,992.076758640351,931.0132499045708,1022.6085130082412,900.4814955366807,-20.732289063103085,100.21443415740347,8579898,70947.35288205194,176168.7125092346,1047.7091641450193,84.19005920332913,986.1666666666666,1003.2333577473958,962.633321126302,1026.7667032877603,945.5666300455729,1043.8333943684895,922.0332845052083,-0.06831438990348801,-56.067242813885024,18.78285945566597,18.677720343290133,0.10513911237583784,56.16066791459787,28.965787023691714,983.35,961.5450042724609,921.4874096679688,912.3884783935547,GESHIP.BO,2025-07-29 11:48:54.474430
32,2025-06-16 00:00:00+05:30,1003.5999755859375,1024.9000244140625,991.5999755859375,1004.7999877929688,121072,0.0,0.0,2025-06-16,958.4450042724609,31.7159693189372,990.1609735913981,926.7290349535236,1021.8769429103353,895.0130656345865,132.0497221307966,145.89895286943818,8632668,166947.27175608475,202474.05241603026,1047.8687967909532,87.99113781418872,1007.0999959309896,1022.6000162760417,989.2999674479167,1040.4000447591147,973.7999471028646,1055.9000651041667,955.9999186197917,-0.06761426983349611,-35.96313348735934,20.112097683600723,18.651435565196174,1.4606621184045494,63.95731563418185,28.647449958042362,983.75,958.4450042724609,920.3396594238282,912.05060546875,GESHIP.BO,2025-07-29 11:48:54.474430
33,2025-06-13 00:00:00+05:30,940.3499755859375,1049.699951171875,940.3499755859375,991.5999755859375,641354,0.0,0.0,2025-06-13,956.3250061035156,29.814444864830868,986.1394509683465,926.5105612386848,1015.9538958331774,896.6961163738539,68.84060814168423,130.26959195317428,8511596,872750.8964732914,211355.74758101662,1048.101991648842,85.88102938400607,993.88330078125,1047.4166259765625,938.066650390625,1103.2332763671875,884.5333251953125,1156.7666015625,828.7166748046875,-0.08914707442378322,-45.89256460519503,19.037229369483953,18.286270035595038,0.7509593338889147,61.33613830872776,27.122281099790243,980.3400024414062,956.3250061035156,918.6014306640625,911.4040460205078,GESHIP.BO,2025-07-29 11:48:54.474430
34,2025-06-12 00:00:00+05:30,965.7999877929688,983.7999877929688,961.75,974.2000122070312,30836,0.0,0.0,2025-06-12,955.3875061035156,28.92849109967169,984.3159972031873,926.459015003844,1013.244488302859,897.5305239041722,-16.31304947112282,98.54397671359304,7870242,41225.14161266254,46006.96035794788,1049.7704398519743,66.58370826092009,973.25,984.75,962.7000122070312,995.2999877929688,951.2000122070312,1006.7999877929688,940.6500244140625,-0.029766358623745694,-47.80385712166006,18.67263054271666,18.098530202122806,0.574100340593855,57.55811558474971,25.479791560134114,979.0000122070312,955.3875061035156,917.2922290039063,911.2277178955078,GESHIP.BO,2025-07-29 11:48:54.474430
35,2025-06-11 00:00:00+05:30,982.6500244140625,985.1500244140625,962.4500122070312,966.4500122070312,33618,0.0,0.0,2025-06-11,952.1125061035157,30.358900151018933,982.4714062545346,921.7536059524967,1012.8303064055535,891.3947058014778,-9.133677524856186,100.91254393232812,7839406,44586.89785281553,47202.41504426921,1049.877882800262,66.94815763606836,971.3500162760416,980.250020345052,957.5500081380208,994.0500284830729,948.6500040690104,1002.9500325520833,934.8499959309895,-0.04798941746498104,-48.51043296690533,19.63654767238836,17.95500511697434,1.681542555414019,55.770650101929455,25.342674647763598,984.1500122070313,952.1125061035157,916.1023742675782,910.4991290283203,GESHIP.BO,2025-07-29 11:48:54.474430
36,2025-06-10 00:00:00+05:30,988.3499755859375,990.5,975.0,981.7000122070312,29487,0.0,0.0,2025-06-10,949.5875030517578,31.19231268226782,980.7798157340256,918.39519036949,1011.9721284162935,887.2028776872222,36.92459462830393,130.21836569679232,7873024,39725.13435093218,47856.294342132634,1050.0073991880017,68.75652046576205,982.4000040690104,989.8000081380208,974.3000081380208,997.9000040690104,966.9000040690104,1005.3000081380208,958.8000081380208,0.017242214157795647,-33.83553984704167,21.336387820643722,17.534619478120835,3.8017683425228874,60.42017343053112,25.155096137541076,989.2400146484375,949.5875030517578,914.9591589355468,910.0462463378906,GESHIP.BO,2025-07-29 11:48:54.474430
37,2025-06-09 00:00:00+05:30,999.2999877929688,1000.0,984.9000244140625,987.75,14452,0.0,0.0,2025-06-09,945.0299896240234,32.86741487975011,977.8974045037735,912.1625747442733,1010.7648193835237,879.2951598645232,70.256383187008,157.16689163597817,7902511,19589.844097064328,49889.084339932735,1050.1005382206374,69.01546043110747,990.8833414713541,996.8666585286458,981.7666829427083,1005.9833170572916,975.7833658854166,1011.9666341145833,966.6667073567708,-0.019268100498154934,-28.62676970386789,21.687525770748948,16.584177392490112,5.103348378258836,62.334572875566536,24.237318030085696,987.8700073242187,945.0299896240234,913.6839233398438,909.0626953125,GESHIP.BO,2025-07-29 11:48:54.474430
38,2025-06-06 00:00:00+05:30,1000.7999877929688,1021.0,982.75,984.9000244140625,40630,0.0,0.0,2025-06-06,941.0224517822265,32.26528732703977,973.2877391092663,908.7571644551867,1005.553026436306,876.491877128147,102.27744724584889,181.18641691576522,7888059,54915.50213294544,57463.89440064983,1050.1422339859769,67.82634981196756,996.2166748046875,1009.683349609375,971.433349609375,1034.4666748046875,957.9666748046875,1047.933349609375,933.183349609375,0.11048248428243627,-31.080471801921384,21.212657745883007,15.308340297925401,5.904317447957606,61.80520253439025,22.654765516697626,984.6800048828125,941.0224517822265,912.7201379394531,908.4318188476562,GESHIP.BO,2025-07-29 11:48:54.474430
39,2025-06-05 00:00:00+05:30,995.0,1009.0,985.5,999.9500122070312,45827,0.0,0.0,2025-06-05,935.3033447265625,34.16016119618833,969.4635059227509,901.1431835303741,1003.6236671189391,866.9830223341859,136.48029364702947,197.68426035784327,7928689,62886.25120819449,58100.992467575925,1050.2651239846778,77.64177172266476,998.1500040690104,1010.8000081380208,987.3000081380208,1021.6500040690104,974.6500040690104,1034.3000081380208,963.8000081380208,0.18252404737752984,-8.68937654492456,20.563958283178977,13.832260935935999,6.731697347242978,66.37987602430695,20.950478194587397,973.8800048828125,935.3033447265625,911.7596704101562,907.9783422851563,GESHIP.BO,2025-07-29 11:48:54.474430
40,2025-06-04 00:00:00+05:30,974.1500244140625,1007.2999877929688,966.4500122070312,991.9000244140625,62459,0.0,0.0,2025-06-04,928.2625915527344,34.642842712785864,962.9054342655203,893.6197488399486,997.5482769783061,858.9769061271627,162.8062073588322,195.41515309722385,7882862,85019.57234801572,56904.677782421284,1050.372247441383,78.6912088284879,988.5500081380209,1010.6500040690105,969.800028483073,1029.3999837239585,947.7000325520834,1051.499979654948,928.9500528971355,0.154569654430524,-15.031685255230585,17.93965550233088,12.149336599125252,5.790318903205627,65.09673061435413,19.380743793881223,961.3700073242187,928.2625915527344,910.720888671875,907.4936840820312,GESHIP.BO,2025-07-29 11:48:54.474430
41,2025-06-03 00:00:00+05:30,979.75,984.0,963.4500122070312,974.8499755859375,24336,0.0,0.0,2025-06-03,922.0816436767578,33.70645930558739,955.7881029823452,888.3751843711705,989.4945622879326,854.6687250655831,177.27641819285216,173.88141622584308,7820403,32556.894360531052,49875.954141022674,1050.5424128911584,76.66746203812548,974.0999959309896,984.749979654948,964.1999918619792,994.6499837239584,953.5500081380209,1005.2999674479167,943.6500040690105,0.13440760397394885,-20.11173184357542,15.100741565517296,10.701756873323847,4.39898469219345,62.26420470506136,17.727701675710723,951.35,922.0816436767578,909.3758618164062,907.2453283691407,GESHIP.BO,2025-07-29 11:48:54.474430
42,2025-06-02 00:00:00+05:30,927.9500122070312,981.3499755859375,927.7000122070312,971.7999877929688,108610,0.0,0.0,2025-06-02,917.4714599609375,32.38904629646014,949.8605062573977,885.0824136644774,982.2495525538578,852.6933673680172,192.35470317856968,149.49591116726268,7796067,144844.7276346463,54205.71908614558,1050.6283382130375,78.35149742502011,960.2833251953125,992.8666381835938,939.2166748046875,1013.9332885742188,906.6333618164062,1046.5166015625,885.5667114257812,0.11391005589742254,-20.576670070325235,12.916443810313694,9.602010700275484,3.3144331100382107,61.74856507758226,16.48470836996784,943.2,917.4714599609375,907.7345935058594,906.8193817138672,GESHIP.BO,2025-07-29 11:48:54.474430
43,2025-05-30 00:00:00+05:30,937.5999755859375,942.2999877929688,924.8499755859375,930.9000244140625,29130,0.0,0.0,2025-05-30,915.1412353515625,29.851764415392587,944.9929997669551,885.2894709361699,974.8447641823477,855.4377065207773,-5.9340928583869745,81.7576128040973,7687457,37213.414025927086,31545.966949020403,1051.0297384123944,75.02530105821913,932.6833292643229,940.5166829427083,923.066670735677,950.1333414713541,915.2333170572916,957.9666951497395,905.6166585286458,0.06499062622710514,-58.40040483711769,10.224554666817767,8.77340242276593,1.451152244051837,53.905611991926044,15.210337181638787,935.1200073242187,915.1412353515625,906.03900390625,906.8257690429688,GESHIP.BO,2025-07-29 11:48:54.474430
44,2025-05-29 00:00:00+05:30,936.6500244140625,957.0,934.4000244140625,937.4000244140625,17908,0.0,0.0,2025-05-29,912.1693450927735,31.131557281987735,943.3009023747612,881.0377878107857,974.432459656749,849.906230528798,36.898343061122446,111.30701977574043,7716587,23037.11205112036,30129.105179793733,1051.1940279075616,84.4526436252188,942.933349609375,951.4666748046875,928.86669921875,965.5333251953125,920.3333740234375,974.066650390625,906.2667236328125,0.07966624276731103,-40.861169856772335,10.651230040615815,8.410614361752971,2.2406156788628433,55.58756916693885,14.913979609293108,933.5900024414062,912.1693450927735,905.2826989746094,907.1593090820312,GESHIP.BO,2025-07-29 11:48:54.474430
45,2025-05-28 00:00:00+05:30,934.5999755859375,945.0499877929688,930.7999877929688,941.7999877929688,11021,0.0,0.0,2025-05-28,908.5394226074219,32.24731328224457,940.7867358896665,876.2921093251773,973.0340491719111,844.0447960429327,31.44560418533442,105.7111533539527,7734495,14244.121561635982,31902.103461962073,1051.289780516521,79.53635128117764,939.2166544596354,947.633321126302,933.383321126302,953.4666544596354,924.9666544596354,961.883321126302,919.133321126302,0.07564321435592558,-32.84288634983727,10.395970026150849,7.85046044203726,2.5455095841135886,56.69959674948068,14.138602018993625,928.55,908.5394226074219,904.3327697753906,907.3519207763671,GESHIP.BO,2025-07-29 11:48:54.474430
46,2025-05-27 00:00:00+05:30,930.0,935.0,923.0999755859375,934.0999755859375,10027,0.0,0.0,2025-05-27,906.2801239013672,31.36521424956034,937.6453381509276,874.9149096518069,969.0105524004879,843.5496954022466,3.9594677025685923,85.35664697779956,7723474,12853.469287178305,36316.59893704359,1051.346509336191,76.00150061335117,930.7333170572916,938.3666585286458,926.4666341145833,942.6333414713541,918.8332926432291,950.2666829427083,914.5666097005208,0.06252393631313087,-37.796670606034844,9.478315432039835,7.214083046008862,2.264232386030973,55.24468773881411,13.658041263900195,922.2400024414062,906.2801239013672,903.4986401367188,907.4329846191406,GESHIP.BO,2025-07-29 11:48:54.474430
47,2025-05-26 00:00:00+05:30,932.2999877929688,943.2999877929688,924.0499877929688,931.4000244140625,12827,0.0,0.0,2025-05-26,904.7189788818359,30.677138539789848,935.3961174216258,874.041840342046,966.0732559614156,843.3647018022563,24.4408239856154,92.06911608329614,7713447,16395.223003646086,42182.38134950991,1051.4018042147866,74.41335538458722,932.9166666666666,941.7833455403645,922.5333455403645,952.1666666666666,913.6666666666666,961.0333455403645,903.2833455403645,0.07436949621467309,-39.5336776714942,8.918163170089429,6.648024949501118,2.2701382205883105,54.74963169521214,13.449136359571035,918.960009765625,904.7189788818359,902.562021484375,907.4337658691406,GESHIP.BO,2025-07-29 11:48:54.474430
48,2025-05-23 00:00:00+05:30,912.25,936.5999755859375,908.5499877929688,923.25,37990,0.0,0.0,2025-05-23,902.1818786621094,30.451828871688733,932.6337075337981,871.7300497904207,963.0855364054869,841.2782209187319,1.2810146509676135,60.91213881186149,7700620,48133.18480361246,48629.17093597586,1051.4742459352556,71.75143818672899,922.7999877929688,937.0499877929688,909.0,950.8499755859375,894.75,965.0999755859375,880.9500122070312,0.05019897367122894,-44.77697619420846,8.331779129366623,6.080490394354039,2.251288735012584,53.301796568430824,13.184388103525725,925.160009765625,902.1818786621094,901.9557739257813,907.8185137939453,GESHIP.BO,2025-07-29 11:48:54.474430
49,2025-05-22 00:00:00+05:30,910.9500122070312,921.5,904.8499755859375,912.2000122070312,22442,0.0,0.0,2025-05-22,901.6503601074219,30.156080302454072,931.8064404098759,871.4942798049678,961.96252071233,841.3381995025137,-10.104218687643028,30.530018233504958,7662630,28093.614596499378,48753.16746906671,1051.7039097610266,71.35530293216172,912.8499959309896,920.8500162760417,904.1999918619792,929.5000203450521,896.1999715169271,937.5000406901042,887.5499674479167,0.0444107282899018,-51.88595915270285,8.25744470695679,5.517668210600894,2.739776496355896,51.34171674186041,13.090865917290204,935.0800048828125,901.6503601074219,900.8037048339844,908.0998687744141,GESHIP.BO,2025-07-29 11:48:54.474430
50,2025-05-21 00:00:00+05:30,924.2000122070312,928.6500244140625,908.2000122070312,910.25,29789,0.0,0.0,2025-05-21,901.9670959472656,30.305614146138584,932.2727100934043,871.661481801127,962.5783242395428,841.3558676549885,10.735454581916953,35.48048006807696,7640188,37211.10789227479,53918.05568720854,1051.8516710955316,73.15469459917188,915.7000122070312,923.2000122070312,902.75,936.1500244140625,895.25,943.6500244140625,882.2999877929688,0.055071828771613734,-53.14049479639489,9.125417695649503,4.832724086511919,4.292693609137584,51.00472798677187,13.430750466526588,934.3800048828125,901.9670959472656,899.3984313964844,908.5316607666016,GESHIP.BO,2025-07-29 11:48:54.474430
51,2025-05-20 00:00:00+05:30,972.1500244140625,972.1500244140625,916.0,917.7000122070312,23724,0.0,0.0,2025-05-20,901.7475708007812,30.258322202656014,932.0058930034372,871.4892485981252,962.2642152060932,841.2309263954692,63.53858066757776,89.55843041784131,7669977,29877.526573073417,58094.79263594198,1052.0510357814837,74.3484500857227,935.2833455403646,954.5666910807292,898.4166666666667,991.4333699544271,879.1333211263021,1010.7167154947917,842.2666422526042,0.05870758080401037,-48.347547436393214,10.290468895567415,3.7595506842275226,6.530918211339892,52.28945155607907,13.67993542663252,935.5199951171875,901.7475708007812,897.5311120605469,908.8069348144531,GESHIP.BO,2025-07-29 11:48:54.474430
52,2025-05-19 00:00:00+05:30,981.0499877929688,992.8499755859375,958.8499755859375,962.4000244140625,61693,0.0,0.0,2025-05-19,900.9616851806641,30.025408165508622,930.9870933461727,870.9362770151554,961.0125015116813,840.9108688496468,167.34805092025505,196.80538180417594,7693701,81479.34017869343,65149.10915165912,1052.2018492266911,78.0107308021627,971.3666585286459,983.8833414713542,949.8833414713542,1005.3666585286459,937.3666585286459,1017.8833414713542,915.8833414713542,0.11721035822604749,-19.589902543203475,10.892457958473187,2.1268211313925494,8.765636827080638,60.8253774386492,13.684155112492226,930.08994140625,900.9616851806641,895.5316931152344,909.4026403808593,GESHIP.BO,2025-07-29 11:48:54.474430
53,2025-05-16 00:00:00+05:30,911.6500244140625,983.0,906.5999755859375,972.8499755859375,72516,0.0,0.0,2025-05-16,896.5340942382812,26.849853074747994,923.3839473130292,869.6842411635332,950.2338003877773,842.8343880887852,194.5527323466988,164.57408024110913,7755394,96813.45098112148,61066.55139490054,1052.4647560242006,75.95368409451407,954.1499837239584,1001.6999918619792,925.2999674479167,1030.550008138021,877.7499593098959,1078.1000162760417,848.8999430338542,0.20660627561926942,-6.971793306176993,7.095875208645566,-0.06458807537761002,7.1604632840231766,63.0600555850609,12.036715232535247,919.12978515625,896.5340942382812,892.3966979980469,909.8792230224609,GESHIP.BO,2025-07-29 11:48:54.474430
54,2025-05-15 00:00:00+05:30,919.9500122070312,922.0,903.3499755859375,908.7000122070312,20204,5.4,0.0,2025-05-15,892.1730316162109,20.01553820295608,912.188569819167,872.1574934132548,932.204108022123,852.1419552102988,89.69510487853842,42.165110243204175,7682878,25194.97212588443,52129.8264983453,1052.7396754279807,65.87631275647658,911.3499959309896,919.3500162760417,900.6999918619792,930.0000203450521,892.6999715169271,938.0000406901042,882.0499674479167,0.13261925689897922,-22.268500345661987,1.098423690671666,-1.8547038963834042,2.95312758705507,53.274661728613644,10.472421288767435,898.6633666992187,892.1730316162109,889.5964978027343,910.2966662597656,GESHIP.BO,2025-07-29 11:48:54.474430
55,2025-05-14 00:00:00+05:30,899.4472679024428,927.233465324332,890.5497116412572,915.949951171875,64963,0.0,0.0,2025-05-14,890.4975433349609,19.961729571174743,910.4592729061357,870.5358137637862,930.4210024773104,850.5740841926115,109.21286036119051,43.81426634161426,7703082,81657.0722916453,58863.54009146051,1052.8783878450797,64.74216793736372,911.2443760458214,931.9390404503855,895.2552867673107,947.9281297288961,874.5606223627466,968.6227941334603,858.571533084236,0.16469864560845857,-17.751236418282247,-0.27897502139751396,-2.5929857931471716,2.3140107717496576,54.79802558105472,10.44638057882485,888.7503540039063,890.4975433349609,888.9829699707032,911.5700848388672,GESHIP.BO,2025-07-29 11:48:54.474430
56,2025-05-13 00:00:00+05:30,907.5495577144983,914.0611563184741,886.7720274198979,890.5497436523438,43255,0.0,0.0,2025-05-13,887.6219970703125,20.24259507542182,907.8645921457344,867.3794019948907,928.1071872211562,847.1368069194689,60.897625607485146,-0.4773954124253891,7638119,52862.83955920531,53165.15704141431,1053.3036947714722,60.51487496425181,897.127642463572,907.4832575072461,880.1941286086699,924.4167713621482,869.8385135649958,934.7723864058223,852.9049997100936,0.09728587688438621,-44.35190971932968,-2.7522450126086824,-3.171488486084586,0.4192434734759036,50.161896966489735,10.418336737348222,879.2165771484375,887.6219970703125,888.4063696289063,912.9608270263672,GESHIP.BO,2025-07-29 11:48:54.474430
57,2025-05-12 00:00:00+05:30,869.8219598746317,912.8184730922076,857.1466871919937,907.5992431640625,124232,0.0,0.0,2025-05-12,885.8673400878906,21.459821504274206,907.3271615921649,864.4075185836164,928.786983096439,842.9476970793422,44.970536035840475,-14.971504740236025,7681374,154733.22968818725,53240.73641196656,1053.64098961372,59.13844807329348,892.5214678160879,927.8962484401821,872.2244625399683,948.1932537163018,836.849681915874,983.568034340396,816.5526766397544,0.16138873158026895,-26.496615973841106,-3.3755438060600227,-3.2762993544535615,-0.09924445160646123,53.58775714799255,10.821114564666937,877.635888671875,885.8673400878906,888.5654309082031,914.6233215332031,GESHIP.BO,2025-07-29 11:48:54.474430
58,2025-05-09 00:00:00+05:30,837.4130043977408,874.693218768343,837.4130043977408,870.5178833007812,31569,0.0,0.0,2025-05-09,883.4814056396484,21.568908674288558,905.050314313937,861.9124969653599,926.6192229882255,840.3435882910713,-101.67329321728853,-118.27144108023803,7557142,37713.29784301559,27867.613092911382,1054.515459898644,45.17201438297109,860.8747021556215,884.3363999135023,847.0561855429002,898.1549165262237,823.5944877850194,921.6166142841045,809.775971172298,-0.059734826275831064,-65.33051678048778,-5.801527913132077,-3.2514882415519457,-2.550039671580131,46.16250540456182,11.295423025064844,881.1551391601563,883.4814056396484,888.5306359863281,916.2247778320312,GESHIP.BO,2025-07-29 11:48:54.474430
59,2025-05-08 00:00:00+05:30,878.1726744575375,881.9504512557428,854.9595527327992,859.1349487304688,24185,0.0,0.0,2025-05-08,883.302456665039,21.69659154323562,904.9990482082746,861.6058651218034,926.6956397515103,839.9092735785678,-105.39665578709057,-103.66016141314971,7525573,28514.349357017305,25406.191905385327,1054.7958539577824,44.53500263829526,865.3483175730036,875.7370824132079,848.7461838902643,892.3392160959471,838.35741905006,902.7279809361514,821.7552853673208,-0.11041403400410513,-94.64284417641372,-5.167668671058323,-2.6139783236569123,-2.5536903474014103,43.590643627047584,11.142245984464374,881.3440063476562,883.302456665039,889.0664758300782,918.2074017333985,GESHIP.BO,2025-07-29 11:48:54.474430
60,2025-05-07 00:00:00+05:30,869.4242903907708,880.8071946009535,861.2226432627144,868.2810668945312,23746,0.0,0.0,2025-05-07,885.4000915527344,21.260715814541083,906.6608073672754,864.1393757381933,927.9215231818165,842.8786599236522,-107.61494723955684,-82.27473137645251,7549758,28294.810077151255,24629.152542477328,1055.0245472083188,52.18016726079938,870.1036349193997,878.984626576085,859.400075237846,889.6881862576388,850.5190835811607,898.5691779143241,839.8155238996069,-0.08278280005386841,-87.48309789878157,-3.1567921660079037,-1.9755557368065593,-1.1812364292013444,45.20285814396129,11.56061864209992,882.4773315429687,885.4000915527344,889.6550061035156,920.2599743652344,GESHIP.BO,2025-07-29 11:48:54.474430
61,2025-05-06 00:00:00+05:30,925.1954997051889,925.1954997051889,878.9182799587503,882.6463012695312,17198,0.0,0.0,2025-05-06,888.4893768310546,23.055448504896862,911.5448253359515,865.4339283261578,934.6002738408483,842.378479821261,-8.994346391769804,2.527514906515954,7573504,20831.50459096283,23712.738158808846,1055.239101791075,59.103145230020175,895.5866936444901,912.2551073302299,865.9778875837912,941.8639133909287,849.3094738980515,958.5323270766685,819.7006678373526,-0.053721606650393584,-66.16495941856785,-1.435184760305333,-1.680246629506223,0.24506186920089013,47.779926974296394,12.22770148167518,888.1439208984375,888.4893768310546,890.2246459960937,922.4917694091797,GESHIP.BO,2025-07-29 11:48:54.474430
62,2025-05-05 00:00:00+05:30,868.9271911309589,929.1222961601468,868.9271911309589,925.1954956054688,30308,0.0,0.0,2025-05-05,890.4726867675781,24.203862428040644,914.6765491956188,866.2688243395374,938.8804116236594,842.0649619114969,51.6254719849352,41.32573015373281,7590702,38481.03786231387,24433.04655077035,1055.3828372877952,65.5946441159746,907.7483276321915,946.569464133424,886.3743591042362,967.9434326613793,847.5532226030036,1006.7645691626119,826.1792540750483,-0.00851395123213659,-10.012934547691307,-0.6240182890223878,-1.7415120968064457,1.117493807784058,56.66189802769738,12.755745014825978,892.1900756835937,890.4726867675781,890.5149353027343,924.5212390136719,GESHIP.BO,2025-07-29 11:48:54.474430
63,2025-05-02 00:00:00+05:30,881.6024491284949,881.6024491284949,861.7693640315562,871.4622192382812,8320,0.0,0.0,2025-05-02,890.1073394775391,23.702097055684742,913.8094365332238,866.4052424218544,937.5115335889086,842.7031453661696,-102.37698735607565,-47.600340796281294,7560394,9950.109921441617,20921.048722884465,1055.5741867779334,59.83499021870266,871.6113441327774,881.4533242339986,861.6202391370599,891.4444292297161,851.7782590358387,901.2864093309373,841.7871540401212,-0.10916088232625343,-70.62863657902385,-3.7664755325249644,-2.02088554875246,-1.7455899837725042,44.582567482478204,13.324407281296068,883.2825805664063,890.1073394775391,890.1232446289063,925.8875677490234,GESHIP.BO,2025-07-29 11:48:54.474430
64,2025-04-30 00:00:00+05:30,892.7368574452013,895.3215946768539,859.9302691426493,864.8015747070312,21585,0.0,0.0,2025-04-30,892.8412231445312,24.57557695207751,917.4168000966088,868.2656461924537,941.9923770486862,843.6900692403763,-110.96499129482254,-40.36350534069605,7552074,25616.778508303556,23663.783423245175,1055.6485027020558,63.24474911489021,873.3511461755115,886.7720232083738,851.3806976741691,908.7424717097161,837.9598206413069,922.1633487425784,815.9893721399645,-0.07904758867572222,-78.28567678780377,-2.4407916712632414,-1.5844880528093344,-0.856303618453907,42.74580501452882,12.978806760584535,891.5140625,892.8412231445312,890.4473352050782,927.8740600585937,GESHIP.BO,2025-07-29 11:48:54.474430
65,2025-04-29 00:00:00+05:30,909.3389810954658,910.034890550589,890.8977142605709,896.614013671875,8102,0.0,0.0,2025-04-29,895.3365081787109,24.107865146283608,919.4443733249946,871.2286430324273,943.5522384712781,847.1207778861437,21.371098056101104,23.368122877531412,7573659,9969.04943826437,23175.53465198058,1055.8485666313488,66.74348654600973,899.1822061610115,907.4666980614522,888.3295217714341,918.3193824510297,880.0450298709934,926.6038743514704,869.1923454814159,-0.04726748218900618,-30.115503704941595,-0.05056034700567125,-1.3704121481958575,1.3198518011901863,50.112196407550655,12.606621584433652,902.260693359375,895.3365081787109,890.715751953125,930.1707244873047,GESHIP.BO,2025-07-29 11:48:54.474430
66,2025-04-28 00:00:00+05:30,865.8950913071006,904.6665133059261,865.8950913071006,902.8770751953125,19107,0.0,0.0,2025-04-28,895.9702697753906,24.308984544925384,920.279254320316,871.6612852304653,944.5882388652415,847.3523006855398,-3.537860180458976,4.100756585075836,7581761,23674.29844533288,26477.155955409627,1055.911247071811,64.39370976402999,891.1462266027797,916.3973618984588,877.6259398996334,929.9176486016052,852.3748046039543,955.1687838972842,838.854517900808,-0.05773386607271199,-24.917497338648513,-0.12261710495579337,-1.700375098493404,1.5777579935376107,51.74159401595435,13.214747568517387,904.1097900390625,895.9702697753906,890.9404272460938,931.8228680419921,GESHIP.BO,2025-07-29 11:48:54.474430
67,2025-04-25 00:00:00+05:30,914.6575863851185,915.6020305825517,868.4301223003316,880.6580200195312,38628,0.0,0.0,2025-04-25,896.7233276367188,24.763250957163297,921.4865785938821,871.9600766795554,946.2498295510453,847.1968257223922,-0.7636787317532363,-3.9791223480171047,7562654,46683.72539055142,27177.870332928815,1056.053442868279,62.852565384385585,888.2300576341382,908.0299929679448,860.8580846857247,935.4019659163583,841.0581493519181,955.201901250165,813.6861764035046,-0.14219489655510753,-43.729549460476825,-0.8298304207766023,-2.0948145968778067,1.2649841761012044,45.94901021321367,13.657283123945735,903.9308349609375,896.7233276367188,890.9712451171876,933.6505230712891,GESHIP.BO,2025-07-29 11:48:54.474430
68,2025-04-24 00:00:00+05:30,918.5844630821078,932.900089375139,909.4880666929522,912.61962890625,5209,0.0,0.0,2025-04-24,899.6684631347656,26.2123171429708,925.8807802777364,873.4561459917948,952.0930974207072,847.243828848824,111.18412538469703,69.27138500826341,7601282,6523.79268424452,22301.40656852316,1056.3835408726482,72.10057809700695,918.3359283247804,927.1837899566086,903.7717672744218,941.7479510069672,894.9239056425936,950.5958126387955,880.359744592235,-0.158648315456182,-17.377066642539717,0.4655356985642811,-2.4110606409031075,2.8765963394673886,54.721800891673,14.217126010676372,902.5688720703125,899.6684631347656,891.2327038574218,935.7225537109375,GESHIP.BO,2025-07-29 11:48:54.474430
69,2025-04-23 00:00:00+05:30,921.1194660986558,926.5375357122874,904.7658676300509,918.5347290039062,16686,0.0,0.0,2025-04-23,900.881314086914,27.378364492859426,928.2596785797734,873.5029495940546,955.6380430726329,846.1245851011952,135.4638343510783,67.84160156917818,7606491,21033.125297075374,26245.81003959282,1056.4200361689302,68.41849249556611,916.6127107820815,928.4595539341121,906.6878858518756,938.384378864318,894.841042699845,950.2312220163486,884.9162177696392,-0.15490635237895684,-13.176123337028548,-1.0307909132226314,-3.130209725769954,2.0994188125473228,56.57983435216049,14.264093061536355,897.1706909179687,900.881314086914,891.3559765625,937.5198376464843,GESHIP.BO,2025-07-29 11:48:54.474430
70,2025-04-22 00:00:00+05:30,902.4794000943593,928.1281749554913,902.4794000943593,905.8594970703125,29020,0.0,0.0,2025-04-22,902.3551239013672,29.11685792276241,931.4719818241296,873.2382659786048,960.588839746892,844.1214080558424,127.8215293589968,58.85405824653641,7589805,36075.65611543454,27548.98122522218,1056.5322525313043,74.40611860399413,912.1556907067211,921.8319813190828,896.1832064579509,937.8044655678531,886.5069158455891,947.4807561802148,870.5344315968189,-0.11735833063666777,-30.652881566361575,-3.513472101367256,-3.655064428906784,0.1415923275395281,53.43524969502473,14.525287640853144,888.5017944335938,902.3551239013672,891.6184301757812,939.2910040283203,GESHIP.BO,2025-07-29 11:48:54.474430
71,2025-04-21 00:00:00+05:30,877.4270544443342,905.6606262289187,874.7429276944903,901.9822998046875,23203,0.0,0.0,2025-04-21,903.2945831298828,29.53597922170773,932.8305623515905,873.758603908175,962.3665415732983,844.2226246864673,48.85360082125743,14.443417120283446,7560785,28720.906536034778,25417.312502669087,1056.7458190836091,72.53463523764555,894.1286179093655,913.5143081242408,882.5966095898124,925.0463164437939,863.2109193749371,944.4320066586691,851.678911055384,-0.011523464088265805,-33.53008934605633,-5.3905036275566545,-3.690462510791666,-1.7000411167649885,52.456916132706375,14.806574110886608,879.0177001953125,903.2945831298828,892.4773657226563,941.0592498779297,GESHIP.BO,2025-07-29 11:48:54.474430
72,2025-04-17 00:00:00+05:30,883.8392906617988,883.8392906617988,859.0355097790068,873.8482055664062,35482,0.0,0.0,2025-04-17,902.8347961425782,29.62891162981924,932.4637077723974,873.205884512759,962.0926194022167,843.5769728829397,-31.695060025234966,-42.256271235315864,7537582,42550.05039647742,24591.41399432766,1056.9214117203612,66.92914227777428,872.241002002404,885.4464942258012,860.6427133430092,897.044782885196,847.437221119612,910.2502751085932,835.8389324602172,-0.061816088762295995,-54.4079630448555,-7.33015329587306,-3.265452231600418,-4.064701064272642,44.624396974146975,15.841754418186012,869.7125610351562,902.8347961425782,894.1833081054688,942.7592767333985,GESHIP.BO,2025-07-29 11:48:54.474430
73,2025-04-16 00:00:00+05:30,874.941728662052,899.695814571511,873.8978948248308,885.6287231445312,22479,0.0,0.0,2025-04-16,903.4934112548829,29.092203230978207,932.585614485861,874.4012080239047,961.6778177168393,845.3090047929264,-3.7812096212532667,-7.705187278222183,7573064,27320.250001382054,20101.75489379022,1057.2395973793132,72.14474608964179,886.4074775136245,898.9170602024182,873.1191404557379,912.2053972603047,860.6095577669442,924.7149799490984,847.3212207090577,-0.11124908313379045,-48.13381949155149,-6.931647706903732,-2.2492769655322573,-4.682370741371475,47.67882981105523,16.35530448914408,866.9190307617188,903.4934112548829,896.0969384765625,944.6326684570313,GESHIP.BO,2025-07-29 11:48:54.474430
74,2025-04-15 00:00:00+05:30,874.7926273874879,879.8130172146392,856.9478201570836,875.1902465820312,17514,0.0,0.0,2025-04-15,903.8662139892579,28.8983540040225,932.7645679932804,874.9678599852353,961.6629219973029,846.0695059812128,-48.34382747908103,-47.49723642368959,7550585,21035.062316346004,18297.131116892262,1057.4287655118387,73.74903028411377,870.650361317918,884.3529024787525,861.4877054211969,893.5155583754737,847.7851642603624,907.2180995363082,838.6225083636413,-0.11305021316422294,-56.67240372643766,-7.4766173172522485,-1.0786842801893886,-6.3979330370628595,44.555733427964775,17.41341571857465,863.1810668945312,903.8662139892579,897.0718713378906,946.2408331298828,GESHIP.BO,2025-07-29 11:48:54.474430
75,2025-04-11 00:00:00+05:30,893.6812655388937,893.6812655388937,855.9536783807044,858.4390258789062,22880,0.0,0.0,2025-04-11,904.6018798828125,28.31124270626148,932.913122589074,876.290637176551,961.2243652953355,847.9793944702894,-62.97808190954002,-52.80755551804108,7533071,26953.890621322433,17612.648317028823,1057.585413512814,61.989215981592665,869.3579899328348,882.7623014849652,845.0347143267759,907.0855770910241,831.6304027746455,920.4898886431545,807.3071271685866,-0.16789378858628776,-68.23328212827263,-7.033029697569646,0.5207989790763263,-7.553828676645972,39.143937420593794,17.774344565542787,868.360546875,904.6018798828125,897.91734375,947.9450012207031,GESHIP.BO,2025-07-29 11:48:54.474430
76,2025-04-09 00:00:00+05:30,862.8629516418081,867.1874319930528,845.9128939361939,855.4566040039062,8285,0.0,0.0,2025-04-09,906.684603881836,26.189154413823932,932.87375829566,880.495449468012,959.0629127094838,854.3062950541881,-115.21781025383015,-91.10155120038641,7510191,9726.273655674864,15277.33774095542,1057.8092937441704,62.346502139984764,856.185643311051,866.458392685908,845.1838546290492,877.4601813679099,834.9111052541921,887.7329307427669,823.9093165721903,-0.08856125263085703,-70.29160475746559,-4.70880063497782,2.4092561482378194,-7.118056783215639,38.14654629754046,18.163037169970004,882.6860961914062,906.684603881836,898.6531103515625,950.2407806396484,GESHIP.BO,2025-07-29 11:48:54.474430
77,2025-04-08 00:00:00+05:30,875.3890985809945,885.9270085591916,856.4010676425125,859.8805541992188,11831,0.0,0.0,2025-04-08,908.2752258300782,23.768199497540916,932.043425327619,884.5070263325373,955.81162482516,860.7388268349963,-136.92763229765208,-66.59099955321922,7518476,13960.969250323951,16665.103762275558,1057.8917010312064,68.59307733005872,867.4028768003076,878.4046859581026,848.8787450414236,896.9288177169866,837.8769358836286,907.9306268747816,819.3528041247446,-0.09802348322658194,-67.23840934142999,-1.368014292379712,4.188770344041729,-5.556784636421441,39.02750128237536,17.473213866167107,896.057275390625,908.2752258300782,899.5195251464844,952.3332788085937,GESHIP.BO,2025-07-29 11:48:54.474430
78,2025-04-07 00:00:00+05:30,845.018150968944,869.8716259974424,812.41040386704,866.9389038085938,6877,0.0,0.0,2025-04-07,910.335580444336,20.974087611553635,931.3096680558896,889.3614928327823,952.2837556674432,868.3874052212287,-301.6753320382319,-119.98940743119259,7530307,8181.6991344254,17341.13739026346,1058.0069210263287,68.15998845512911,849.7403112243587,887.0702185816774,829.6089964512751,907.2015333547611,792.2790890939564,944.5314407120798,772.1477743208727,-0.04311951164840583,-62.36707948447211,2.494240010232261,5.577966503147089,-3.0837264929148285,40.41171623544767,17.006711867563858,907.6588745117188,910.335580444336,900.8151611328125,954.6866314697265,GESHIP.BO,2025-07-29 11:48:54.474430
79,2025-04-04 00:00:00+05:30,927.5317205705036,928.177935214864,899.0993684124126,901.087646484375,5005,0.0,0.0,2025-04-04,910.270962524414,21.116331259493887,931.3872937839079,889.1546312649201,952.5036250434018,868.0383000054262,-128.4181833070638,42.80757206938263,7537184,6189.0943881717685,19630.996954222974,1058.0715683719436,64.86456549860502,909.4549833705505,919.8105983286885,890.732031526237,938.5335501730019,880.3764165680991,948.8891651311399,861.6534647237856,-0.03875308237248703,-76.47049448506682,6.706163890528501,6.348898126375795,0.3572657641527055,48.06951298874995,15.78807640515113,919.499072265625,910.270962524414,902.4991625976562,957.5746984863281,GESHIP.BO,2025-07-29 11:48:54.474430
80,2025-04-03 00:00:00+05:30,922.1136600919873,933.6954042502439,914.1605477230371,930.0667724609375,7976,0.0,0.0,2025-04-03,907.3133972167968,26.038870657316675,933.3522678741135,881.2745265594801,959.3911385314302,855.2356559021634,-15.468446219261532,85.3965964665068,7542189,10180.175448806385,22991.472595735777,1058.1102344291553,67.57919754968,925.9742414780727,937.7879352331083,918.2530787059015,945.5090980052795,906.4393849508659,957.3227917603151,898.7182221786948,0.0480166168068316,-37.05201013225469,8.633960505709183,6.259581685337618,2.3743788203715654,56.507197873862076,16.3917088293392,922.222998046875,907.3133972167968,903.1659033203125,960.3490014648437,GESHIP.BO,2025-07-29 11:48:54.474430
81,2025-04-02 00:00:00+05:30,913.6137833468067,927.4820351750983,913.1167138237671,922.3125,6231,0.0,0.0,2025-04-02,901.6542602539063,32.36442986129108,934.0186901151974,869.2898303926152,966.3831199764884,836.9254005313242,-42.603605228266524,67.40293164140625,7534213,7886.63668129952,26194.296882468123,1058.1605130881808,68.53709423449483,920.9704163329552,928.8241188421433,914.4587974908121,935.3357376842864,906.605094981624,943.1894401934745,900.0934761394809,0.06981730278155945,-47.599659772071895,8.117301939488016,5.665986980244726,2.45131495924329,54.52500992731293,16.139696965718265,918.0674926757813,901.6542602539063,903.2895471191406,963.6924853515625,GESHIP.BO,2025-07-29 11:48:54.474430
82,2025-04-01 00:00:00+05:30,926.1398915781187,934.6398287852734,914.6079031571101,917.8885498046875,8936,0.0,0.0,2025-04-01,896.4250885009766,36.97186759734992,933.3969560983265,859.4532209036266,970.3688236956764,822.4813533062768,-10.30527286966118,63.08120052766378,7527982,11256.130016777108,30771.211932760274,1058.202198627026,71.09534013866545,922.3787605823569,930.1496180076037,910.1176923794404,942.4106862105202,902.3468349541936,950.1815436357671,890.0857667512771,0.10238545127717037,-45.00566385276901,8.096511336623166,5.053158240433903,3.0433530961892634,53.40028429557944,16.136643853571456,917.1926391601562,896.4250885009766,903.7615515136719,966.7873571777344,GESHIP.BO,2025-07-29 11:48:54.474430
83,2025-03-28 00:00:00+05:30,901.7337916193161,947.1659572541622,901.7337916193161,926.139892578125,66521,0.0,0.0,2025-03-28,890.8131744384766,41.75175827077979,932.5649327092564,849.0614161676968,974.3166909800361,807.3096578969171,18.505814582728625,64.90460379949356,7536918,84545.66592003111,35649.982411756064,1058.2639730384858,70.0972162783175,925.0132138172012,948.2926360150863,902.8604703802401,970.4453794520473,879.5810481823551,993.7248016499324,857.428304745394,0.07744044081963147,-35.58456304585507,8.382910715272033,4.292319966386587,4.090590748885446,55.79190420305416,16.04602327423295,921.5270751953125,890.8131744384766,904.2066613769531,970.2682958984375,GESHIP.BO,2025-07-29 11:48:54.474430
84,2025-03-27 00:00:00+05:30,911.2277888687083,922.560997811066,910.2834053547032,914.707275390625,10758,0.0,0.0,2025-03-27,886.1481781005859,42.796119561946,928.9442976625319,843.35205853864,971.7404172244779,800.5559389766939,-7.536798472059823,41.91649876921936,7470397,13504.22489125874,23426.061534687306,1058.698415196497,63.86937447032445,915.850559518798,921.4177136828929,909.14012122653,928.1281519751609,903.5729670624352,933.6953061392558,896.8625287701672,-0.03554030420813331,-48.17316740052115,7.8099426660782,3.269672279165225,4.540270386912975,53.088998505094935,15.948431881099175,923.6744262695313,886.1481781005859,905.1632067871094,973.576611328125,GESHIP.BO,2025-07-29 11:48:54.474430
85,2025-03-26 00:00:00+05:30,928.625200294222,929.7684843963141,906.4062182821058,909.2892456054688,9597,0.0,0.0,2025-03-26,884.3139953613281,42.29081710184776,926.6048124631759,842.0231782594803,968.8956295650237,799.7323611576326,-1.0396710078723264,40.68620950384972,7459639,11975.496768543813,25906.520695544445,1058.7750259140992,63.93202805077565,915.1546494279628,923.9030805738198,900.5408144596115,938.5169155421711,891.7923833137545,947.2653466880281,877.1785483454032,-0.05170085377206845,-43.63143080590498,8.083977043287291,2.1346046824369815,5.94937236085031,51.79114929855904,16.870423528649116,930.33515625,884.3139953613281,904.8958837890625,977.0589978027343,GESHIP.BO,2025-07-29 11:48:54.474430
86,2025-03-25 00:00:00+05:30,953.3793124692048,953.5781524070827,914.6078910027826,917.938232421875,16565,0.0,0.0,2025-03-25,883.2055297851563,41.890387831233866,925.0959176163901,841.3151419539224,966.986305447624,799.4247541226886,50.0277160261686,75.98736826773948,7469236,20867.041869051485,29389.276677294598,1058.846010454991,69.8856664107074,928.7080919439135,942.8082928850444,903.8380314807442,967.6783533482136,889.7378305396134,981.7785542893445,864.8677700764441,-0.031132780577410292,-25.890820836553413,8.84593342865685,0.6472615922244038,8.198671836432446,54.005357813830805,17.863337610625976,933.4070434570312,883.2055297851563,905.1333337402343,980.1112298583985,GESHIP.BO,2025-07-29 11:48:54.474430
87,2025-03-24 00:00:00+05:30,954.3237303067584,957.30614726026,936.4789233994884,939.5607299804688,34022,0.0,0.0,2025-03-24,882.2337585449219,41.26298618561141,923.4967447305334,840.9707723593104,964.7597309161447,799.7077861736991,112.77181712585956,119.29864614248407,7485801,43867.277844590266,31519.835379355376,1058.9615979669022,67.75834182124315,944.4486002134057,952.418277027323,931.5910531665514,965.2758240741773,923.6213763526341,973.2455008880946,910.7638293057798,-0.027080483479280323,-10.772502804069193,8.835645047269622,-1.4024063668837075,10.238051414153329,59.95427650891558,18.543399087171167,928.376708984375,882.2337585449219,904.4414672851562,983.1327996826171,GESHIP.BO,2025-07-29 11:48:54.474430
88,2025-03-21 00:00:00+05:30,951.6395883022085,951.6395883022085,927.1340368944908,936.8766479492188,32877,0.0,0.0,2025-03-21,880.548696899414,39.4468675042372,919.9955644036512,841.1018293951769,959.4424319078885,801.6549618909396,136.190645092959,105.6330543666069,7451779,42269.83808369121,28432.97476304665,1059.1631021853334,58.550134317808464,938.5500910486394,949.966145202788,925.4605937950703,963.0556424563571,914.0445396409217,974.4716966105057,900.9550423873526,0.03763938008208315,-9.281233526383774,6.559110995673109,-3.9619192204220397,10.521030216095149,59.440003759063245,18.126555796805654,917.8686645507812,880.548696899414,904.1434997558594,985.9259008789063,GESHIP.BO,2025-07-29 11:48:54.474430
89,2025-03-20 00:00:00+05:30,941.3999373552565,950.3471883473659,928.5755199955948,948.0109252929688,23400,0.0,0.0,2025-03-20,878.5703582763672,37.412968709927256,915.9833269862944,841.15738956644,953.3962956962217,803.7444208565126,234.31824051491597,114.33011604739234,7484656,30442.84162095472,24973.75893288551,1059.3628565104868,62.178927188356205,942.3112112119765,956.0469024283581,934.275234076587,964.0828795637475,920.5395428602054,977.8185707801291,912.503565724816,0.07018698224116311,-1.48080436020516,3.8094184933634097,-6.592176774445827,10.401595267809236,62.5370706807729,17.877054045505748,909.1102905273438,878.5703582763672,904.1970141601563,988.802162475586,GESHIP.BO,2025-07-29 11:48:54.474430
90,2025-03-19 00:00:00+05:30,894.7251212992554,932.5024041985573,889.7544261809262,924.648681640625,32977,0.0,0.0,2025-03-19,875.5978851318359,33.79192694641072,909.3898120782467,841.8059581854252,943.1817390246574,808.0140312390145,130.3146455045265,47.96877197556475,7461256,41845.03038289156,23606.48826086821,1059.4924682937426,47.49111950597877,915.6351706733694,941.5159151658127,898.7679371481815,958.3831486910005,872.8871926557383,984.2638931834438,856.0199591305504,0.0050207550719659905,-5.6128054067384925,-0.8652972289534091,-9.192575591398136,8.327278362444726,58.302875661680346,17.532565101063117,897.488818359375,875.5978851318359,904.2664794921875,991.23162109375,GESHIP.BO,2025-07-29 11:48:54.474430
91,2025-03-18 00:00:00+05:30,900.6402828099777,900.6402828099777,887.7164751839847,892.7865600585938,7635,0.0,0.0,2025-03-18,874.2036041259765,32.19929377400965,906.4028978999862,842.0043103519669,938.6021916739958,809.8050165779573,53.017923860245,-9.381328422099644,7428279,9354.329717838093,19046.85273036237,1059.7140255344889,38.35978999838129,893.7144393508521,899.7124035177195,886.7885958917265,906.6382469768452,880.790631724859,912.6362111437126,873.8647882657334,-0.026203154780976488,-10.875311070249712,-4.536412343598727,-11.274395182009318,6.737982838410591,51.337364365461255,17.77633343145911,892.577783203125,874.2036041259765,905.114794921875,994.0474963378906,GESHIP.BO,2025-07-29 11:48:54.474430
92,2025-03-17 00:00:00+05:30,896.5145229671341,897.0115924587634,883.7895561169095,887.0205078125,20818,0.0,0.0,2025-03-17,874.422314453125,32.34667821955349,906.7689926726785,842.0756362335715,939.115670892232,809.728958014018,50.79312872027917,-22.75776672977861,7420644,25341.286182551317,21469.983483493437,1059.7775507206375,35.51299744946654,889.2738854627243,894.758214808539,881.5361784666851,902.4959218045782,876.0518491208703,907.980251150393,868.3141421248312,-0.014653645240106013,-16.00355697520693,-6.029882412700658,-12.958890891611965,6.929008478911307,49.93078901570791,18.893155120024698,891.4742797851562,874.422314453125,905.904169921875,997.3827777099609,GESHIP.BO,2025-07-29 11:48:54.474430
93,2025-03-13 00:00:00+05:30,900.6899657208454,900.6899657208454,887.1696991156551,893.0847778320312,13935,0.0,0.0,2025-03-13,875.3518371582031,32.988499790624594,908.3403369488277,842.3633373675785,941.3288367394523,809.374837576954,69.32028291729779,-15.249244756367435,7441462,17078.732983970876,20502.157808728967,1059.9569971198337,36.063955626559675,893.6481475561773,900.1265959966994,886.6063293915091,907.1684141613675,880.127880950987,913.6468626018897,873.0860627863188,0.026076055910032057,-19.57040296364469,-7.282746031288525,-14.69114301133979,7.408396980051265,51.37911431190168,19.919200275636662,894.2877075195313,875.3518371582031,907.6125341796875,1000.9201885986328,GESHIP.BO,2025-07-29 11:48:54.474430
94,2025-03-12 00:00:00+05:30,900.6402536905566,902.9764561072101,886.076092835025,889.903564453125,17474,0.0,0.0,2025-03-12,875.0809356689454,32.8571976759411,907.9381333448864,842.2237379930043,940.7953310208276,809.3665403170631,82.961320437139,-19.81995567712686,7427527,21339.845272047907,21358.014014918488,1060.0731026921314,36.85786280505961,892.9853711317868,899.8946494285486,882.9942861563635,909.8857344039719,876.0850078596017,916.7950127007338,866.0939228841784,0.08280232660876434,-22.11612167665553,-9.373685195930193,-16.543242256352606,7.169557060422413,50.682050541911124,21.166699488300445,888.8000610351562,875.0809356689454,909.0359191894531,1004.8910864257813,GESHIP.BO,2025-07-29 11:48:54.474430
95,2025-03-11 00:00:00+05:30,887.6667679315475,902.5290979512841,869.7225098218195,900.093505859375,11792,0.0,0.0,2025-03-11,874.4968780517578,32.68320784628817,907.180085898046,841.8136702054696,939.8632937443341,809.1304623591815,83.61965864180554,-25.678211940417174,7445001,14565.690825864049,21362.55620063613,1060.221701483838,31.38268528724788,890.7817045441594,911.8408992664994,879.0343111370347,923.5882926736241,857.9751164146948,944.647487395964,846.22772300757,0.041977053475606804,-13.961772554908327,-11.595394093708933,-18.335631521458208,6.740237427749275,52.94044398839981,22.510160178861444,879.2066162109375,874.4968780517578,910.3710717773438,1009.1082958984375,GESHIP.BO,2025-07-29 11:48:54.474430
96,2025-03-10 00:00:00+05:30,904.6664751838235,904.6664751838235,878.7691667934425,887.26904296875,13784,0.0,0.0,2025-03-10,874.8845916748047,33.046807460966214,907.9313991357709,841.8377842138385,940.9782065967371,808.7909767528723,84.86156581772715,-28.15043141190688,7433209,16783.656482637838,23061.772544329146,1060.3161189643497,31.056664119513073,890.2348949820054,901.7006231705682,875.8033147801872,916.1322033723864,864.3375865916244,927.5979315609492,849.9060063898062,0.03530256287121655,-24.22435832845423,-15.267721774151482,-20.020690878395527,4.752969104244045,50.35616178617376,23.939065033149955,862.5647216796875,874.8845916748047,911.3673291015625,1012.6481799316406,GESHIP.BO,2025-07-29 11:48:54.474430
97,2025-03-07 00:00:00+05:30,870.8657955195725,905.0144471345558,868.8775174476101,901.087646484375,13537,0.0,0.0,2025-03-07,875.7420379638672,33.602850465495294,909.3448884293625,842.1391874983719,942.9477388948578,808.5363370328766,81.27905864599606,-25.320912486990878,7446993,16739.614532004234,24631.301559751973,1060.4354727213772,31.0131033715155,891.6598703555137,914.4422232634173,878.3052935764716,927.7968000424594,855.522940668568,950.579152950363,842.168363889526,0.0017767788961155456,-13.16622629912811,-18.475069629215,-21.20893315445654,2.7338635252415386,53.28526428837557,25.758125160543468,848.6567260742188,875.7420379638672,912.3055102539063,1016.2957421875,GESHIP.BO,2025-07-29 11:48:54.474430
98,2025-03-06 00:00:00+05:30,853.9654120095598,869.7722465843176,847.254973673047,865.6465454101562,11924,0.0,0.0,2025-03-06,875.3742034912109,33.35011632795527,908.7243198191661,842.0240871632557,942.0744361471214,808.6739708353003,12.348205290337843,-96.01019952381566,7433456,14165.064488574737,26604.223316688905,1060.5434815882322,25.84618544582935,860.891255222507,874.527536771967,852.0102638606963,883.4085281337776,838.3739823112363,897.0448096832376,829.4929909494257,-0.07024245297317352,-41.5274405491975,-23.662444583384968,-21.89239903576692,-1.7700455476180466,45.774452442608755,27.71711299004417,829.5692504882812,875.3742034912109,913.6812536621094,1019.7399841308594,GESHIP.BO,2025-07-29 11:48:54.474430
99,2025-03-05 00:00:00+05:30,817.1325602360738,843.9743131391893,805.2525870934683,841.9363403320312,32096,0.0,0.0,2025-03-05,878.031039428711,34.626517519561375,912.6575569482724,843.4045219091496,947.2840744678338,808.7780043895882,-51.91874521802251,-169.49547280862322,7421532,37083.96436854684,29714.013023717445,1060.6599148840755,25.623275308644253,830.3877468548962,855.5229066163242,816.8011805706032,869.1094729006173,791.6660208091752,894.2446326620453,778.0794545248821,-0.13215853338504613,-60.5011796755745,-26.45492309946917,-21.44988764886241,-5.0050354506067585,39.75730680992091,28.541891123227693,823.0079345703125,878.031039428711,915.3960327148437,1023.5342291259766,GESHIP.BO,2025-07-29 11:48:54.474430
100,2025-03-04 00:00:00+05:30,824.5389156832877,824.5389156832877,792.5773223757762,816.884033203125,28859,0.0,0.0,2025-03-04,882.5170928955079,35.504918386594746,918.0220112821027,847.0121745089131,953.5269296686973,811.5072561223184,-100.72543032805903,-223.10779349541858,7389436,32351.742268502356,27871.525187510095,1061.012201099335,14.899032794742709,811.333423754063,830.0895251323498,798.1279318248384,843.2950170615744,779.3718304465516,862.0511184398612,766.166338517327,-0.22666853515250387,-80.54891601575007,-27.294213682830218,-20.19862878621072,-7.095584896619499,32.39798659025183,28.227893717849838,830.225390625,882.5170928955079,917.6648901367188,1027.7737084960938,GESHIP.BO,2025-07-29 11:48:54.474430
101,2025-03-03 00:00:00+05:30,813.9513486799659,821.109161988577,795.7089213499894,817.7290649414062,23094,0.0,0.0,2025-03-03,889.1132049560547,34.919281763463275,924.0324867195179,854.1939231925915,958.9517684829813,819.2746414291281,-138.51717175817407,-238.5574080989881,7418295,25915.797889251015,26751.470917262028,1061.3662617943733,14.441266733359967,811.5157160933242,827.3225108366589,801.9222701980714,836.9159567319117,786.1154754547366,852.7227514752465,776.5220295594838,-0.2901921778122559,-81.9257643007573,-25.487938596061895,-18.424732562055844,-7.0632060340060505,32.52317171476095,26.838093586348204,844.2725708007813,889.1132049560547,920.0827575683594,1032.0629248046876,GESHIP.BO,2025-07-29 11:48:54.474430
102,2025-02-28 00:00:00+05:30,830.1557584581925,831.0008130132694,802.7672411884262,805.6502685546875,19975,0.0,0.0,2025-02-28,897.59072265625,37.18468313337329,934.7754057896233,860.4060395228768,971.9600889229966,823.2213563895034,-220.26018051131666,-255.1457526757813,7395201,22084.589576585433,26960.38917426478,1061.649352513954,14.761718506592217,813.1394409187943,823.5116406491625,795.2780688243192,841.3730127436376,784.9058690939511,851.7452124740057,767.044496999476,-0.27051663603345644,-97.48806904502676,-22.872401063802045,-16.658931053554333,-6.213470010247711,28.897549069102524,25.148027336274353,860.4273193359375,897.59072265625,923.2735876464844,1035.665425415039,GESHIP.BO,2025-07-29 11:48:54.474430
103,2025-02-27 00:00:00+05:30,878.5703608399895,878.5703608399895,827.1236664428528,832.8399658203125,57372,0.0,0.0,2025-02-27,905.7846954345703,33.756606814057434,939.5413022486277,872.0280886205128,973.2979090626851,838.2714818064554,-260.04287995189515,-189.9845240831305,7415176,65571.86497237183,28179.339073684612,1061.90689255766,31.67426693473574,846.1779977010516,865.2323289592504,813.7856345621137,897.6246920981882,794.731303303915,916.679023356387,762.3389401649771,-0.1944943808055382,-94.02907462365009,-17.987590472083298,-15.105563550992404,-2.882026921090894,32.55333746966595,23.46164004706784,880.4691650390625,905.7846954345703,927.361748046875,1039.6835272216797,GESHIP.BO,2025-07-29 11:48:54.474430
104,2025-02-25 00:00:00+05:30,880.0118987043592,892.5380264563955,874.9417531457294,878.0236206054688,15783,0.0,0.0,2025-02-25,910.8614654541016,29.586343372273895,940.4478088263754,881.2751220818277,970.0341521986494,851.6887787095537,-98.56673033886155,-108.90932729882738,7472548,19017.42641376209,18831.207599012803,1062.5706946943678,34.954169441341165,881.8344667358646,888.7271803259997,871.1309070153336,899.4307400465307,864.2381934251985,906.3234536366658,853.5346337046675,-0.10182608509720255,-65.28967138252808,-14.13878663502635,-14.38505682071968,0.24627018569333003,40.448809969574405,22.142491667558623,893.3631469726563,910.8614654541016,930.9968347167969,1043.4380584716796,GESHIP.BO,2025-07-29 11:48:54.474430
105,2025-02-24 00:00:00+05:30,893.6812880490095,893.6812880490095,876.8803142670092,887.1199340820312,8275,0.0,0.0,2025-02-24,912.8334777832031,28.579688748741216,941.4131665319443,884.2537890344619,969.9928552806855,855.6741002857207,-70.38075320105979,-104.33888604848588,7488331,10074.101660623393,18784.65289532548,1062.7179325026573,33.75604770158161,885.8938454660166,894.907376665024,878.1064028830237,902.6948192480169,869.0928716840164,911.7083504470243,861.3054291010235,-0.06635652886626041,-57.86097926663665,-13.44683277498359,-14.446624367143011,0.9997915921594203,42.37083996376715,22.029372133868712,895.4707153320312,912.8334777832031,934.1571997070313,1046.4180249023439,GESHIP.BO,2025-07-29 11:48:54.474430
106,2025-02-21 00:00:00+05:30,897.6081189320565,917.5405935591743,895.5700854592739,898.5028076171875,16315,0.0,0.0,2025-02-21,913.2388488769532,28.251386786768684,941.4902356637218,884.9874620901845,969.7416224504906,856.7360753034158,81.23534772993622,-61.602363589294754,7496606,20116.96707566617,20962.290704000996,1062.7914163509313,32.694868525799095,903.8711622118785,912.1722389644832,890.2017308645827,925.841670311779,881.900654111978,934.1427470643837,868.2312227646822,-0.0568121732010228,-54.37420747882018,-13.253031315121007,-14.696572265182866,1.443540950061859,44.84534274222079,21.97154807250142,897.3993408203125,913.2388488769532,937.5152844238281,1049.3075177001954,GESHIP.BO,2025-07-29 11:48:54.474430
107,2025-02-20 00:00:00+05:30,894.7251277890075,916.8944160420712,888.9094387293513,905.8594970703125,17154,0.0,0.0,2025-02-20,913.2525756835937,28.24391569520539,941.4964913787991,885.0086599883883,969.7404070740045,856.764744293183,74.56065247237349,-64.89993161092083,7512921,21324.665920198615,21173.621611084705,1062.9270780743104,29.102026342899308,903.8877839472449,918.8661291651384,890.8811518524186,931.8727612599647,875.9028066345251,946.8511064778583,862.8961745396988,-0.04497436754655839,-57.481731761660164,-13.925143789439176,-15.05745750269833,1.1323137132591548,46.47536895062269,22.551015206516272,897.1309326171875,913.2525756835937,940.6812121582032,1052.168392944336,GESHIP.BO,2025-07-29 11:48:54.474430
108,2025-02-19 00:00:00+05:30,884.8334426404099,902.6782505887466,879.4153727233061,897.3098754882812,9817,0.0,0.0,2025-02-19,914.1927185058594,28.297763302375895,942.4904818082352,885.8949552034835,970.7882451106111,857.5971919011076,-23.35138291439013,-98.38971034114432,7495767,12088.633945450543,21135.860533806226,1063.0635652937883,33.93455290971369,893.1344996001113,906.8536264769166,883.5907486114761,916.3973774655518,869.8716217346708,930.1165043423571,860.3278707460356,-0.07241036122116558,-66.06284550799633,-15.299186846041607,-15.340535931013118,0.04134908497151102,44.29110351991898,23.14441741850175,897.0812255859375,914.1927185058594,943.9189196777344,1054.918482055664,GESHIP.BO,2025-07-29 11:48:54.474430
109,2025-02-18 00:00:00+05:30,914.7073070360955,914.7073070360955,884.2369818464653,888.5614624023438,10464,0.0,0.0,2025-02-18,916.8841735839844,29.15441807612242,946.0385916601068,887.729755507862,975.1930097362292,858.5753374317396,-20.805890083412837,-97.22775799789596,7485950,12759.721433399593,23397.667180895147,1063.1460356840823,40.141308194770694,895.8352504283015,907.4335190101377,876.9631938205075,926.3055756179317,865.3649252386713,937.903844199768,846.4928686308773,-0.048917486978133584,-72.07788406091908,-15.98456428776376,-15.350873202255993,-0.6336910855077669,42.043546130599786,23.107278558275773,895.1526000976562,916.8841735839844,947.3483276367188,1057.7604345703126,GESHIP.BO,2025-07-29 11:48:54.474430
110,2025-02-17 00:00:00+05:30,894.6753939206949,900.9881522202397,875.8364479724088,896.7630615234375,14144,0.0,0.0,2025-02-17,919.1773345947265,28.608007265017775,947.7853418597443,890.5693273297087,976.393349124762,861.961320064691,-61.66202506779164,-116.39407843798212,7496414,17406.279269178296,26057.153617769036,1063.2386738685695,40.545917747180326,891.1958872386954,906.555326504982,881.403622257151,916.3475914865263,866.0441829908644,931.7070307528129,856.2519180093201,-0.016586452849764805,-66.4388116457978,-15.758278598054176,-15.19245043087905,-0.5658281671751251,43.57332278675098,23.21240963727881,893.0847900390625,919.1773345947265,950.8649426269532,1060.8460931396485,GESHIP.BO,2025-07-29 11:48:54.474430
111,2025-02-14 00:00:00+05:30,900.7396427861037,910.531948494452,878.3218201238612,897.1607666015625,14502,0.0,0.0,2025-02-14,921.1516296386719,28.340994609916955,949.4926242485889,892.810635028755,977.8336188585058,864.469640418838,-53.162008172416016,-112.56453001919013,7510558,17854.765992818433,28219.872204916715,1063.3581609375867,43.682868961447106,895.3381784066252,912.3545366893891,880.1444083187984,927.5483067772159,863.1280500360344,944.5646650599798,847.9342799482076,-0.034868777542255536,-66.16536646732762,-16.037535793638995,-15.050993389085269,-0.9865424045537257,43.64525562346954,22.671732663630664,895.3017333984375,921.1516296386719,954.7588928222656,1064.0147723388673,GESHIP.BO,2025-07-29 11:48:54.474430
112,2025-02-13 00:00:00+05:30,905.4618167885243,910.879886639904,893.3830639751468,905.6109619140625,10571,0.0,0.0,2025-02-13,923.5892272949219,28.265414947104297,951.8546422420262,895.3238123478176,980.1200571891305,867.0583974007133,-39.384623591353595,-96.24519516721061,7525060,13137.530342435524,30811.148757941286,1063.4805576833282,41.733598460859085,903.291304176371,913.1995443775952,895.702721712838,920.7881268411282,885.7944815116138,930.6963670423524,878.2058990480807,-0.032762885644755664,-60.35536983306745,-16.191244585170693,-14.804357787946838,-1.3868867972238554,45.105925734991594,22.153244860142586,896.753173828125,923.5892272949219,958.5275427246094,1067.025210571289,GESHIP.BO,2025-07-29 11:48:54.474430
113,2025-02-12 00:00:00+05:30,878.2224274332889,890.2514852069897,847.9508823837293,887.666748046875,22107,0.0,0.0,2025-02-12,925.3158813476563,28.16395341944543,953.4798347671017,897.1519279282109,981.6437881865471,868.9879745087654,-115.24345671285333,-182.6324120908936,7514489,26929.96266185551,35229.55336181772,1063.5653517633739,38.52696616289336,875.2897052125313,902.6285280413333,860.3279252180729,917.5903080357917,832.9891023892709,944.9291308645937,818.0273223948125,-0.08060599170273282,-72.69305178209684,-16.97493273411783,-14.457636088640871,-2.517296645476957,41.228314226693925,21.984063973355855,894.3771728515625,925.3158813476563,961.6518908691406,1069.785619506836,GESHIP.BO,2025-07-29 11:48:54.474430
114,2025-02-11 00:00:00+05:30,906.5553734557577,906.5553734557577,873.003182387673,878.222412109375,34697,0.0,0.0,2025-02-11,929.6309020996093,28.698119383390363,958.3290214829997,900.932782716219,987.02714086639,872.2346633328286,-122.87302379065923,-163.09399326716877,7492382,41816.95742334507,37304.45103680828,1063.7631540312416,39.78431934295,885.9269893176019,898.8507962475308,865.298605179446,919.4791803856866,852.3747982495171,932.4029873156155,831.7464141113612,-0.024126067172027366,-91.67561563053864,-15.953861911620834,-13.828311927271631,-2.1255499843492025,39.1273136570372,20.842427699953753,900.6004760742187,929.6309020996093,965.3007849121094,1073.008042602539,GESHIP.BO,2025-07-29 11:48:54.474430
115,2025-02-10 00:00:00+05:30,912.5699387335603,912.5699387335603,893.4824571382092,907.8477783203125,14996,0.0,0.0,2025-02-10,930.7868377685547,26.929551307606538,957.7163890761612,903.8572864609482,984.6459403837678,876.9277351533417,-85.92197189344346,-116.18000944384974,7527079,18682.907145304136,36176.324440174074,1064.0912020816372,47.289107002439756,904.6333913973607,915.7843256565122,896.6968440611611,923.7208729927119,885.5459098020095,934.8718072518634,877.6093624658099,-0.025189478493432935,-68.09391488343432,-13.474732669099922,-13.29692443118433,-0.17780823791559186,43.67822034606584,20.232749010624985,911.2874755859375,930.7868377685547,969.6256970214844,1076.5159002685548,GESHIP.BO,2025-07-29 11:48:54.474430
116,2025-02-07 00:00:00+05:30,894.9239532937712,922.8592353397819,894.9239532937712,904.41796875,55323,0.0,0.0,2025-02-07,931.4525360107422,26.493686292292434,957.9462223030346,904.9588497184498,984.439908595327,878.4651634261573,-70.41718423169111,-109.9681904037774,7512083,68664.28360023424,40549.678763891556,1064.2106876407854,46.4034447409024,907.4003857945177,919.8768182952641,891.9415362492534,935.3356678405283,879.465103748507,947.8121003412748,864.0062542032427,-0.019530117152128587,-70.82403279424021,-13.01418307378151,-13.252472371705432,0.23828929792392195,42.96514399456433,20.16348291539979,919.4791748046875,931.4525360107422,972.7053088378906,1079.7754962158203,GESHIP.BO,2025-07-29 11:48:54.474430
117,2025-02-06 00:00:00+05:30,934.5900454788373,934.5900454788373,889.7544010489086,893.73095703125,25911,0.0,0.0,2025-02-06,930.3988830566407,28.001564851140788,958.4004479077814,902.3973182054999,986.4020127589223,874.395753354359,-72.50412644114652,-114.50760205448995,7456760,31779.49298201091,33521.027554805885,1064.6627808067226,34.2047276790524,906.0251345196652,922.2958679904219,877.4602235604932,950.860778949594,861.1894900897365,967.1315124203506,832.6245791305645,-0.05411063631236046,-79.33086138288786,-11.889571163399296,-13.31204469618641,1.422473532787114,40.7958899100283,20.131689878852033,936.05146484375,930.3988830566407,976.3298010253907,1083.0796759033203,GESHIP.BO,2025-07-29 11:48:54.474430
118,2025-02-05 00:00:00+05:30,939.4116481457784,940.9028566266667,917.4411401208997,918.7832641601562,24318,0.0,0.0,2025-02-05,931.9454528808594,26.693384214749003,958.6388370956084,905.2520686661104,985.3322213103575,878.5586844513614,-26.06705590791096,-70.8289576872139,7482671,30661.748597231424,33956.41119800463,1064.8895834961384,34.8864382620318,925.709086969241,933.9770338175822,910.5153173118152,949.1708034750079,902.247370463474,957.4387503233492,887.0536008060483,-0.04308251376522705,-59.389301655592256,-9.217073379118006,-13.667663079383187,4.450589700265182,44.47674215425634,20.09745122410829,951.2112182617187,931.9454528808594,980.2124035644531,1086.663598022461,GESHIP.BO,2025-07-29 11:48:54.474430
119,2025-02-04 00:00:00+05:30,949.700996528816,958.7476980445019,926.0404999170914,931.6574096679688,16476,0.0,0.0,2025-02-04,932.9839080810547,26.558032405755686,959.5419404868104,906.4258756752989,986.099972892566,879.8678432695433,10.427883829650293,-45.28917157368932,7506989,21065.123717531544,34780.076848197925,1065.0717544412396,34.50588944781593,938.8152025431873,951.5899051692832,918.8827070418727,971.5224006705978,906.1080044157768,984.2971032966936,886.1755089144622,-0.03606567323827531,-49.14152127109775,-8.123086412254452,-14.780310504449483,6.657224092195031,46.47733795078338,20.86885414596403,954.329638671875,932.9839080810547,983.6836987304688,1089.9979760742187,GESHIP.BO,2025-07-29 11:48:54.474430
120,2025-02-03 00:00:00+05:30,984.1479033018237,984.1479033018237,933.0491350478736,948.8062744140625,48886,8.1,0.0,2025-02-03,933.9752471923828,26.87407130195095,960.8493184943337,907.1011758904318,987.7233897962847,880.2271045884809,66.07486209191899,-17.11594523348003,7523465,63652.87731204498,38208.81513086452,1065.1845530123512,50.78966698765278,955.33443758792,977.6197401279663,926.5209718740163,1006.4332058418701,904.2356693339699,1028.7185083819163,875.4222036200662,-0.0326781081940177,-35.49107746846053,-7.867282786323585,-16.44461652749824,8.577333741174655,49.216635435081926,21.97402181866745,951.4909301757813,933.9752471923828,986.9635778808594,1093.3211456298827,GESHIP.BO,2025-07-29 11:48:54.474430
121,2025-02-01 00:00:00+05:30,981.0176726517473,993.3932267505264,963.5638199796842,987.2794189453125,37473,0.0,0.0,2025-02-01,934.8881561279297,27.70176375233502,962.5899198802648,907.1863923755947,990.2916836325998,879.4846286232597,172.47827892834886,21.684743255621846,7572351,50770.86179519206,31847.799585569395,1065.4772353841176,53.4836134369224,981.4121552251744,999.2604904706645,969.4310836998224,1011.2415619960166,951.5827484543322,1029.0898972415066,939.6016769289802,0.05754705637743311,-4.866572283404795,-9.109478720749735,-18.588949962791904,9.47947124204217,56.104218493438886,23.386810849262034,940.775146484375,934.8881561279297,989.6411340332031,1096.3082794189454,GESHIP.BO,2025-07-29 11:48:54.474430
122,2025-01-31 00:00:00+05:30,946.2578194115576,976.1365802094184,935.0656524445194,969.5297241210938,27575,0.0,0.0,2025-01-31,932.1369506835938,24.805635412032853,956.9425860956267,907.3313152715609,981.7482215076595,882.525679859528,130.29979893954325,-15.685233065654947,7534878,36688.72655875047,27117.034033163727,1065.6282751336905,49.945599074803305,960.2439855916772,985.422318738835,944.351390973936,1001.3149133565762,919.1730578267782,1026.493246503734,903.280463209037,-0.04101217622456021,-17.70336144422448,-14.350865344861518,-20.958817773302446,6.607952428440928,53.30445144759911,24.402772821387458,923.0747314453125,932.1369506835938,991.3352453613281,1099.1085308837892,GESHIP.BO,2025-07-29 11:48:54.474430
123,2025-01-30 00:00:00+05:30,930.6775057619576,942.3134279374415,917.0693913470176,934.3753662109375,12476,0.0,0.0,2025-01-30,932.2824005126953,25.043815776189394,957.3262162888847,907.2385847365059,982.370032065074,882.1947689603165,13.944144780076712,-59.10189785342407,7507303,15997.522688960215,24724.11090176704,1065.765056910579,39.72262248193766,931.2527284984654,945.4360656499133,920.1920290594894,956.4967650888893,906.0086919080416,970.6801022403372,894.9479924690655,-0.07612544207192495,-46.13240905912825,-19.095915163576137,-22.610805880412677,3.5148907168365398,47.10010224910149,26.057979312025317,914.1012573242188,932.2824005126953,993.1683984375,1102.4584692382812,GESHIP.BO,2025-07-29 11:48:54.474430
124,2025-01-29 00:00:00+05:30,911.0542423162256,923.8734920587744,892.4170013082148,917.4638671875,9566,0.0,0.0,2025-01-29,933.776333618164,26.04634454682355,959.8226781649876,907.7299890713405,985.8690227118111,881.6836445245169,-77.78076867360596,-87.03873385725713,7494827,12044.127221877425,26905.757954968743,1065.84972354635,34.72311370243651,911.2514535181631,930.0859057281114,898.6294149775517,942.7079442687227,879.7949627676035,961.542396478671,867.1729242269921,-0.09173573147076378,-59.80860283872803,-21.419513165118474,-23.48952855962181,2.0700153945033364,43.762126011333066,26.988752767784234,917.4539794921875,933.776333618164,995.409794921875,1106.1452587890626,GESHIP.BO,2025-07-29 11:48:54.474430
125,2025-01-28 00:00:00+05:30,915.7382038029668,915.7382038029668,867.7646025531164,895.2273559570312,31706,0.0,0.0,2025-01-28,935.7361999511719,26.228377527314912,961.9645774784868,909.507822423857,988.1929550058018,883.279444896542,-146.0490149535778,-111.67220087885634,7485261,38952.09210655266,30621.16563824157,1065.9230757498517,31.16720743324676,892.9100541043714,918.0555056556263,870.081904405776,940.8836553542218,844.936452854521,966.0291069054767,822.1083031559256,-0.08394395975344622,-77.79109133065135,-22.40435823046505,-24.007032408247646,1.6026741777825961,39.06652899515836,27.147390062004607,920.846142578125,935.7361999511719,997.9726586914062,1109.8655102539062,GESHIP.BO,2025-07-29 11:48:54.474430
126,2025-01-27 00:00:00+05:30,925.1061228691309,925.2047084090567,888.5219197633655,898.77734375,14766,0.0,0.0,2025-01-27,938.4701507568359,24.581727876595103,963.051878633431,913.8884228802408,987.6336065100261,889.3066950036457,-125.23176864206387,-101.03759654928649,7516967,18212.558880096913,28538.434021163797,1066.2032101985521,36.56748982145053,904.1679906408075,919.8140615182494,883.1312728725583,940.8507792864987,867.4852019951163,956.4968501639406,846.4484842268671,-0.07449421319184835,-81.41246594692072,-21.13583893945406,-24.407700952693293,3.2718620132392324,39.55606414757193,26.923758710918246,929.0504638671875,938.4701507568359,1001.8284509277344,1113.818411254883,GESHIP.BO,2025-07-29 11:48:54.474430
127,2025-01-24 00:00:00+05:30,964.0075530067613,964.0075530067613,922.9859780566346,924.662353515625,8936,0.0,0.0,2025-01-24,940.2401885986328,22.78181136222981,963.0219999608627,917.458377236403,985.8038113230924,894.6765658741732,22.855334126034947,-63.91891317039778,7531733,11339.197634620987,31119.902806430517,1066.3312720894507,43.167977955404844,937.218628193007,951.4512783293794,910.4297033792527,978.2402031431337,896.1970532428803,992.4728532795061,869.408128429126,-0.10249766354839998,-58.665514703765936,-19.541129873157388,-25.225666456003097,5.684536582845709,43.22401193484452,27.262579869143465,938.4775390625,940.2401885986328,1005.1470324707032,1117.8406134033203,GESHIP.BO,2025-07-29 11:48:54.474430
128,2025-01-23 00:00:00+05:30,935.1149154959822,956.0201647617029,922.9859455564248,951.1389770507812,21521,0.0,0.0,2025-01-23,942.5008117675782,23.389765593730484,965.8905773613086,919.1110461738477,989.2803429550391,895.7212805801172,52.304275988482395,-59.0576063361521,7540669,28090.69052323963,36065.0790993829,1066.3968795619076,40.46920719068502,943.3816957896364,963.777446022848,930.74322681757,976.4159149949145,910.3474765843583,996.8116652281261,897.7090076122919,-0.04075345168158731,-35.39867145778186,-19.75262256257156,-26.646800601714524,6.894178039142965,47.39821218938846,28.814600427273856,941.573876953125,942.5008117675782,1008.5581018066406,1121.3321697998047,GESHIP.BO,2025-07-29 11:48:54.474430
129,2025-01-22 00:00:00+05:30,944.6308138264689,944.6308138264689,914.0125405716896,934.4246826171875,21251,0.0,0.0,2025-01-22,942.5131378173828,23.394621815882367,965.9077596332652,919.1185160015004,989.3023814491476,895.7238941856181,0.09558293884414654,-75.37929350123545,7519148,27250.82542129129,38058.67624341871,1066.5255721021258,39.02703972755284,931.0226790051153,948.032817438541,917.4145441837617,961.6409522598946,900.404405750336,978.6510906933203,886.7962709289824,-0.0789656589306035,-50.086679845153256,-22.331661390926683,-28.370345111500264,6.03868372057358,44.24305529968234,30.117097311148115,946.1395141601563,942.5131378173828,1012.650234375,1124.6417211914063,GESHIP.BO,2025-07-29 11:48:54.474430
130,2025-01-21 00:00:00+05:30,956.4639326298262,956.4639326298262,915.0971888343304,936.2489624023438,23363,0.0,0.0,2025-01-21,943.5608642578125,23.48237457389634,967.0432388317088,920.0784896839161,990.5256134056051,896.5961151100198,8.270973721873382,-73.05506287650606,7540399,30017.59867031193,40760.63894895057,1066.671381133224,45.45846657137364,935.9366946221668,956.7762004100032,915.4094566145073,977.3034384176626,894.569950826671,998.142944205499,874.0427128190115,-0.14368416814625753,-48.4835588225014,-23.649149357392275,-29.880016041643657,6.230866684251382,44.51308929694377,30.977280378457834,939.522802734375,943.5608642578125,1017.532099609375,1127.7951989746093,GESHIP.BO,2025-07-29 11:48:54.474430
131,2025-01-20 00:00:00+05:30,942.0669207163921,953.0126239525905,935.7066487798878,945.9127197265625,18564,0.0,0.0,2025-01-20,943.6372863769532,23.459802221166434,967.0970885981196,920.1774841557867,990.5568908192861,896.7176819346203,31.357980836212615,-66.65847944705573,7563762,24097.86758869546,43446.399018610224,1066.8298366966233,50.72152343058926,944.8773308196802,954.0480128594726,936.7420376867699,962.1833059923829,927.5713556469775,971.3539880321753,919.4360625140672,-0.17693478316426095,-39.99134581311696,-25.157276666671805,-31.437732712706502,6.280456046034697,45.89362208236824,31.938586552495238,936.5053588867188,943.6372863769532,1024.0954235839845,1131.3369036865233,GESHIP.BO,2025-07-29 11:48:54.474430
132,2025-01-17 00:00:00+05:30,970.5157907195073,970.5157907195073,935.6079648105632,940.14404296875,27189,0.0,0.0,2025-01-17,945.2051788330078,24.638158725866898,969.8433375588747,920.5670201071409,994.4814962847416,895.928861381274,44.43512048065699,-65.61346978062845,7545198,35078.71062385201,48283.53187608892,1066.9466804334731,55.3372395360757,948.7559328329402,961.9039008553171,926.996074946373,983.6637587418843,913.848106923996,996.8117267642613,892.0882490374289,-0.19715336065438996,-45.060681700397154,-27.65869944810936,-33.00784672421518,5.349147276105818,44.94660658626286,33.662112842107724,923.991796875,945.2051788330078,1029.8131628417968,1135.3285015869142,GESHIP.BO,2025-07-29 11:48:54.474430
133,2025-01-16 00:00:00+05:30,918.449962807725,991.4210766860268,917.5624522129708,973.9671630859375,87063,0.0,0.0,2025-01-16,948.7008911132813,28.53405085208607,977.2349419653674,920.1668402611951,1005.7689928174534,891.6327894091091,71.19015841527934,-55.51193334812182,7572387,116368.09679241551,51584.737189148145,1067.1263947582095,54.621935081337334,960.9835639949783,1004.4046757769859,930.5460513039299,1034.8421884680342,887.1249395219223,1078.263300250042,856.6874268308738,-0.16113505689020755,-15.337962985461592,-29.874080155042407,-34.34513354324163,4.471053388199223,49.67916542288862,35.51821807707501,920.895458984375,948.7008911132813,1036.3299304199218,1139.4399810791015,GESHIP.BO,2025-07-29 11:48:54.474430
134,2025-01-15 00:00:00+05:30,922.9366540886962,926.8810384769707,898.3335444295278,901.3411254882812,30920,0.0,0.0,2025-01-15,950.7322479248047,31.69814674797935,982.430394672784,919.0341011768254,1014.1285414207634,887.335954428846,-89.62975900006008,-115.82392304419965,7485324,38245.88024179807,35388.897288331296,1067.5511083422668,48.22629076844777,908.8519027982599,919.3702611669919,890.822767119549,937.3993968457028,880.304408750817,947.9177552144348,862.2752730721061,-0.2795783116284798,-76.5937105681567,-35.58886606932322,-35.46289689029143,-0.1259691790317845,36.305174542176644,37.517100637809015,914.0125,950.7322479248047,1041.9900158691407,1142.9859967041016,GESHIP.BO,2025-07-29 11:48:54.474430
135,2025-01-14 00:00:00+05:30,900.2071999636656,924.6623724614105,886.155329817517,921.1617431640625,13165,0.0,0.0,2025-01-14,957.46728515625,34.80903676585078,992.2763219221008,922.6582483903992,1027.0853586879516,887.8492116245484,-114.50400308797732,-121.7080938084282,7516244,16642.276946181784,34674.6515499646,1067.8206568648068,50.2209355842547,910.6598151476634,935.1643004778098,896.6572578339162,949.1668577915569,872.1527725037698,973.6713431217033,858.1502151900227,-0.26411922741462346,-57.031571330790094,-35.21373424057538,-35.431404595533486,0.21767035495810916,38.926762253699266,36.47060115487344,924.04111328125,957.46728515625,1049.2221118164061,1147.5677795410156,GESHIP.BO,2025-07-29 11:48:54.474430
136,2025-01-13 00:00:00+05:30,918.4006153875529,923.3310960847245,877.625564096556,883.3449096679688,48831,0.0,0.0,2025-01-13,964.1604064941406,39.95063249068724,1004.1110389848278,924.2097740034534,1044.0616714755151,884.2591415127661,-235.51869349342223,-148.70361888988145,7503079,59194.576448313106,39182.7452009103,1067.921994245632,59.23491446937463,894.7671899497496,911.9088158029433,866.2032838147747,940.4727219379182,849.0616579615811,957.6143477911119,820.4977518266062,-0.28762031669299654,-95.34698186029148,-36.15194092425429,-35.48582218427301,-0.6661187399812789,29.966164870984628,35.20097855527262,933.2216552734375,964.1604064941406,1055.0891259765624,1151.872509765625,GESHIP.BO,2025-07-29 11:48:54.474430
137,2025-01-10 00:00:00+05:30,932.8962321298724,945.5676035174619,918.0554974046227,924.662353515625,29653,0.0,0.0,2025-01-10,972.833120727539,40.30899647118485,1013.1421171987239,932.5241242563542,1053.4511136699086,892.2151277851693,-151.86931213147258,-118.6501299570266,7551910,37627.7112197198,34179.7873890596,1068.396267070899,61.857792401815324,929.4284848125699,940.8014722205171,913.2893661076779,956.9405909254091,901.9163786997307,968.3135783333563,885.7772599948387,-0.25179306808960095,-91.99042404184878,-33.08098798670892,-35.319292499277694,2.2383045125687744,35.20655550612173,33.75269798448475,943.0037353515625,972.833120727539,1061.824132080078,1156.4530572509766,GESHIP.BO,2025-07-29 11:48:54.474430
138,2025-01-09 00:00:00+05:30,946.6522722431926,957.4007439922327,937.1857735953728,939.5523681640625,22984,0.0,0.0,2025-01-09,979.9872467041016,43.85122952038364,1023.8384762244852,936.136017183718,1067.689705744869,892.2847876633343,-84.71016202102268,-107.87506724423199,7581563,29634.840423523496,33317.80643139455,1068.6208935305551,63.95929510626531,944.7129619172227,952.2401502390727,932.0251798422128,964.9279323140827,924.4979915203628,972.4551206359326,911.8102094453528,-0.1877030817272677,-86.44456596463142,-32.717152741261316,-35.87886862741989,3.161715886158575,37.394786990983015,33.044719906414144,952.5590087890625,979.9872467041016,1067.7083020019531,1160.6067181396484,GESHIP.BO,2025-07-29 11:48:54.474430
139,2025-01-08 00:00:00+05:30,978.0101420136782,978.0101420136782,943.9405323304144,951.4841918945312,16030,0.0,0.0,2025-01-08,986.4486419677735,46.98818770790908,1033.4368296756825,939.4604542598644,1080.4250173835917,892.4722665519553,18.992535608219747,-98.7865473971381,7604547,20931.05351586289,34238.547933362315,1068.777426337606,65.89330931341256,957.8116220795413,971.6827118286682,937.6131021454044,991.8812317628051,923.7420123962775,1005.752321511932,903.5434924621405,-0.1736013827203788,-72.7789718904182,-33.22205977509873,-36.66929759895954,3.44723782386081,39.20781024955937,32.801584587628234,957.4993408203125,986.4486419677735,1073.4073107910156,1164.300503540039,GESHIP.BO,2025-07-29 11:48:54.474430
140,2025-01-07 00:00:00+05:30,929.4448629980833,968.7901212925369,929.4448629980833,967.064453125,33048,0.0,0.0,2025-01-07,992.09404296875,49.29245814801989,1041.38650111677,942.8015848207301,1090.67895926479,893.5091266727103,-11.62768182648293,-109.22870101411168,7620577,43858.78439553431,37565.42153773717,1068.8767227139804,56.76806382321776,955.0998124718734,980.7547619456635,941.4095036512099,994.445070766327,915.7545541774198,1020.1000202401171,902.0642453567563,-0.18851366180931634,-65.61278835053349,-34.5402330907383,-37.53110705492474,2.9908739641864415,41.65700116883873,32.737848340256356,958.5347412109375,992.09404296875,1078.1967626953126,1167.7548193359376,GESHIP.BO,2025-07-29 11:48:54.474430
141,2025-01-06 00:00:00+05:30,970.3678895625843,973.2768851980002,929.2476686977637,932.2553100585938,35491,0.0,0.0,2025-01-06,998.3138488769531,53.625744527861734,1051.9395934048148,944.6881043490914,1105.5653379326766,891.0623598212296,-91.1403984851896,-129.47295330012687,7587529,45405.565664898546,35992.08082328789,1069.0547271625087,51.53620241081027,944.9266213181191,960.6055739384745,916.5763574382381,988.9558378183556,900.8974048178827,1004.634790438711,872.5471409380017,-0.25652837409081525,-96.92194794003102,-37.23897718284206,-38.278825545971344,1.0398483631292805,32.96997061004234,32.11489401981048,955.103125,998.3138488769531,1082.9801977539062,1171.3053100585937,GESHIP.BO,2025-07-29 11:48:54.474430
142,2025-01-03 00:00:00+05:30,966.867253505305,978.1087734391326,965.388109313303,972.438720703125,11094,0.0,0.0,2025-01-03,1005.980746459961,54.63613033968598,1060.616876799647,951.344616120275,1115.253007139333,896.7084857805891,77.29529317243525,-104.9682336490679,7623020,14804.931194106,33638.70961288522,1069.3120653498236,54.33620814368853,971.9785344851867,978.5689596570705,965.8482955312409,984.6991986110164,959.2578703593571,991.2896237829002,953.1276314054112,-0.17007011472199624,-68.41546994042125,-36.701787314179796,-38.53878763675367,1.8370003225738714,39.23078494032472,31.44402013625338,955.4876831054687,1005.980746459961,1088.861385498047,1175.062338256836,GESHIP.BO,2025-07-29 11:48:54.474430
143,2025-01-02 00:00:00+05:30,961.4436785652715,978.9468839955623,953.7521411740549,964.2540283203125,30907,0.0,0.0,2025-01-02,1010.450228881836,55.39874216519464,1065.8489710470305,955.0514867166413,1121.2477132122253,899.6527445514467,9.605317759503334,-117.8890540513971,7611926,40898.210182521194,38347.15421758003,1069.369062042788,51.38300177559334,965.6510178299765,977.549894485898,952.3551516643906,990.8457606514838,940.4562750084691,1002.7446373074054,927.1604088428833,-0.20822577142733734,-74.5335405002799,-39.41539091983611,-38.99803771739713,-0.41735320243898144,36.968060741586065,31.7358820985729,954.97490234375,1010.450228881836,1094.2278430175782,1177.903843383789,GESHIP.BO,2025-07-29 11:48:54.474430
144,2025-01-01 00:00:00+05:30,958.4854476311893,960.0138846101672,948.6244862358067,956.6611938476562,21501,0.0,0.0,2025-01-01,1015.7430999755859,55.80816518745861,1071.5512651630445,959.9349347881273,1127.359430350503,904.1267696006687,-44.338214891927855,-133.83551197050477,7581019,28227.52529230107,37709.39022634474,1069.5416423899812,41.99955904703095,955.0998548978768,961.5752235599468,950.1858251855863,966.4892532722373,943.7104565235162,972.9646219343074,938.7964268112257,-0.2443795631005746,-80.27735261836939,-41.486354757257914,-38.893699416787385,-2.592655340470529,34.87889177352102,32.05019498107085,952.4011962890625,1015.7430999755859,1100.7462536621094,1180.5231658935547,GESHIP.BO,2025-07-29 11:48:54.474430
145,2024-12-31 00:00:00+05:30,936.74201305779,956.5132280539707,929.7900475097554,949.9063720703125,20921,0.0,0.0,2024-12-31,1022.6334411621094,56.63078933653717,1079.2642304986466,966.0026518255722,1135.8950198351838,909.371862489035,-74.97967016215993,-148.53149390931281,7559518,27272.140708725878,40079.85645985565,1069.6707177534686,36.693576164122724,945.4032158780128,961.0163842462703,934.2932037020549,972.1263964222281,918.6800353337975,987.7395647904856,907.5700231578396,-0.22932750880369043,-85.3385864222539,-42.761455748661206,-38.245535581669756,-4.5159201669914495,33.04630407700114,31.289453559580508,952.1447998046875,1022.6334411621094,1107.8455200195312,1183.9257116699218,GESHIP.BO,2025-07-29 11:48:54.474430
146,2024-12-30 00:00:00+05:30,966.9657953607971,971.304642202608,927.9164145306133,934.1781005859375,32913,0.0,0.0,2024-12-30,1028.229541015625,54.55782487457616,1082.7873658902013,973.6717161410489,1137.3451907647773,919.1138912664727,-87.29342951083407,-154.0313144401516,7538597,42194.23724165315,43281.78539763809,1069.8041188600503,31.270071256579968,944.4663857730529,961.0163570154925,917.6281293434979,987.8546134450476,901.0781581010583,1004.4045846874872,874.2399016715033,-0.27730731553303845,-96.43159623412097,-43.080822967937024,-37.1165555399219,-5.964267428015127,28.704764566715284,30.256226249651174,949.7190063476562,1028.229541015625,1113.9290307617186,1187.6730798339843,GESHIP.BO,2025-07-29 11:48:54.474430
147,2024-12-27 00:00:00+05:30,946.7015583109329,973.6713230297197,945.7154622009925,969.8748168945312,34386,0.0,0.0,2024-12-27,1035.8027648925781,51.22606133151773,1087.0288262240958,984.5767035610604,1138.2548875556135,933.3506422295427,-68.33810490382734,-138.32352824468472,7571510,45767.09322173171,43553.67243663432,1070.0421981533814,38.6854451439294,963.0872007084145,980.4589392158364,952.5030783871092,991.0430615371416,935.1313398796873,1008.4148000445635,924.547217558382,-0.25902443902013944,-78.72759068061777,-41.28797361054944,-35.62548868291812,-5.662484927631326,33.24829439512274,29.143519915881118,958.3375,1035.8027648925781,1120.2859741210937,1191.8311694335937,GESHIP.BO,2025-07-29 11:48:54.474430
148,2024-12-26 00:00:00+05:30,966.3248779234925,966.3248779234925,945.6661527474392,951.385498046875,14518,0.0,0.0,2024-12-26,1041.7020782470704,50.013479303930104,1091.7155575510005,991.6885989431403,1141.7290368549307,941.6751196392102,-98.21384303120841,-148.99641840066855,7537124,18954.804424866987,43000.31724035997,1070.2262398961925,41.16844855957219,954.4588429059355,963.2515330644318,942.5928078883785,975.1175680819888,933.8001177298822,983.9102582404851,921.9340827123252,-0.3391290591457517,-89.23768167954294,-41.88259348473207,-34.20986745101029,-7.67272603372178,27.748173488563097,28.344881076989545,966.3741943359375,1041.7020782470704,1125.7987145996094,1195.5238153076173,GESHIP.BO,2025-07-29 11:48:54.474430
149,2024-12-24 00:00:00+05:30,937.777419580817,1000.5424623266376,937.777419580817,955.3792114257812,91383,0.0,0.0,2024-12-24,1048.7502044677735,46.41915409522283,1095.1693585629964,1002.3310503725507,1141.588512658219,955.9118962773279,-104.55823136596374,-141.55022495217963,7551642,119811.13623955002,49011.695444233206,1070.3185007637906,38.65977758335293,964.566364444412,991.355309308007,928.5902665621863,1027.3314071902328,901.8013216985913,1054.1203520538277,865.8252238163657,-0.3333498578850149,-86.96749036628911,-40.188384596458604,-32.291685942579846,-7.896698653878758,28.21400177861797,27.083740958834213,979.0159545898438,1048.7502044677735,1131.6724255371093,1199.3682757568358,GESHIP.BO,2025-07-29 11:48:54.474430
150,2024-12-23 00:00:00+05:30,983.9266909013153,983.9266909013153,932.4524616928366,937.7774047851562,27181,0.0,0.0,2024-12-23,1055.7638122558594,41.95096279562435,1097.7147750514837,1013.812849460235,1139.6657378471082,971.8618866646107,-159.98181219049815,-159.748362596301,7460259,34980.11101911488,31311.835245403992,1070.8829264274066,20.645891070688364,951.3855191264361,970.3185765600356,918.8443473515568,1002.8597483349148,899.9112899179573,1021.7928057685143,867.3701181430781,-0.293752045699428,-96.97308284174716,-37.80368916172074,-30.317511279110153,-7.486177882610587,22.913396584156857,25.725590062359238,995.148486328125,1055.7638122558594,1137.8825268554688,1202.8906604003905,GESHIP.BO,2025-07-29 11:48:54.474430
151,2024-12-20 00:00:00+05:30,1013.75618626414,1013.75618626414,968.6422276108433,977.2705688476562,14523,0.0,0.0,2024-12-20,1063.0091461181642,31.781982343136296,1094.7911284613006,1031.2271637750277,1126.5731108044367,999.4451814318916,-153.3381624493701,-130.34694789316185,7487440,19477.227893296633,30394.766301976266,1071.0776278568849,30.33465376513061,986.5563275742132,1004.4704275375832,959.3564688842865,1031.67028622751,941.4423689209166,1049.5843861908797,914.2425102309899,-0.2710650582535541,-93.85964671410568,-32.44426194109769,-28.445966808457506,-3.9982951326401874,27.07934232246079,23.387808336930515,1018.5978393554688,1063.0091461181642,1144.0430920410156,1206.5739825439452,GESHIP.BO,2025-07-29 11:48:54.474430
152,2024-12-19 00:00:00+05:30,1004.9798695584873,1014.4957210470416,993.9848739123253,1010.0582885742188,10218,0.0,0.0,2024-12-19,1067.7448669433593,24.572893339504155,1092.3177602828634,1043.1719736038551,1116.8906536223676,1018.599080264351,-167.57697277751998,-114.63996964255315,7501963,14163.426190374494,33124.15090414617,1071.1510013266075,27.866386328419537,1006.1796278445286,1018.3743817767319,997.8635346420156,1026.6904749792448,985.6687807098123,1038.8852289114482,977.3526875072993,-0.2185779189645086,-86.04447554989275,-28.98046958234795,-27.446393025297457,-1.5340765570504935,31.494289972889646,21.508266599475366,1034.503564453125,1067.7448669433593,1148.0572631835937,1209.7339489746093,GESHIP.BO,2025-07-29 11:48:54.474430
153,2024-12-18 00:00:00+05:30,1037.0772181271834,1041.761174592728,1001.8736355774741,1014.5942993164062,48146,0.0,0.0,2024-12-18,1070.301321411133,20.59287664745383,1090.8941980585867,1049.7084447636792,1111.4870747060406,1029.1155681162252,-203.35818948655924,-104.92757339741439,7512181,67036.08111792643,37864.332082589084,1071.184640210101,27.306776777216527,1019.4097031622027,1036.9457707469314,997.0582317316776,1059.2972421774566,979.522164146949,1076.833309762185,957.1706927164238,-0.20573170202541796,-88.14335787905492,-27.335761314559022,-27.06287388603483,-0.2728874285241929,32.16858373129158,20.046610485456636,1046.0408813476563,1070.301321411133,1152.0053063964845,1212.5183673095703,GESHIP.BO,2025-07-29 11:48:54.474430
154,2024-12-17 00:00:00+05:30,1068.878797344377,1068.878797344377,1033.9710924246172,1036.0418701171875,11586,0.0,0.0,2024-12-17,1071.893865966797,16.971157444685453,1088.8650234114825,1054.9227085221114,1105.8361808561679,1037.951551077426,-145.36871847259354,-82.58985517271371,7560327,16472.777021984468,30571.39482375475,1071.33184332791,36.591057960428905,1046.2972532953938,1058.6234141661705,1023.7157092464106,1081.2049582151537,1011.3895483756339,1093.5311190859304,988.8080043266507,-0.20279802186127865,-97.51334703501037,-25.262586464278684,-26.994652028903783,1.732065564625099,35.503417899585116,18.665708534878252,1056.878076171875,1071.893865966797,1155.8792822265625,1215.665068359375,GESHIP.BO,2025-07-29 11:48:54.474430
155,2024-12-16 00:00:00+05:30,1066.1669828724291,1066.1669828724291,1047.4805111938097,1055.024169921875,12609,0.0,0.0,2024-12-16,1072.3721252441405,16.015518240950215,1088.3876434850908,1056.3566070031902,1104.403161726041,1040.3410887622401,-117.46385546082256,-76.47639099341662,7571913,18255.72320743387,34096.049274197314,1071.3539473485196,36.81736420076971,1056.223887996038,1064.9672647982663,1046.280793119647,1074.9103596746575,1037.5374163174185,1083.6537364768858,1027.5943214410274,-0.20573089938826414,-89.18724279534311,-24.337788720219805,-27.427668420060055,3.0898796998402496,38.80909180531817,18.083648234844105,1062.54814453125,1072.3721252441405,1158.6788500976563,1217.9152954101562,GESHIP.BO,2025-07-29 11:48:54.474430
156,2024-12-13 00:00:00+05:30,1067.7449578841658,1070.6045404167364,1053.6437348095524,1056.7991943359375,10549,0.0,0.0,2024-12-13,1074.0217651367188,15.83271591955526,1089.8544810562742,1058.1890492171635,1105.6871969758295,1042.3563332976082,-109.27914907471808,-76.10152294356384,7584522,15298.884092407261,38056.13079088817,1071.365086278545,41.54228152906488,1060.349156520742,1067.0545782319318,1050.0937726247478,1077.3099621279262,1043.388350913558,1084.0153838391159,1033.1329670175637,-0.17162827785417006,-94.30763162814557,-24.654481911693892,-28.200138345020118,3.5456564333262257,39.126339279106965,17.911372168600494,1069.8354248046876,1074.0217651367188,1161.0997509765625,1220.3799365234374,GESHIP.BO,2025-07-29 11:48:54.474430
157,2024-12-12 00:00:00+05:30,1072.675353398268,1073.6614494685466,1053.1506030575297,1067.744873046875,39457,0.0,0.0,2024-12-12,1074.4171264648437,15.474691487600094,1089.8918179524437,1058.9424349772437,1105.366509440044,1043.4677434896435,-100.55042175125166,-75.73022564372972,7595071,57815.93388698618,43745.4424655084,1071.3734035113216,44.025992579256524,1064.852308524317,1076.5540139911045,1056.0431675800876,1085.363154935334,1044.3414621133002,1097.0648604021214,1035.5323211690707,-0.19063890765925565,-77.23067492122426,-24.861205418652617,-29.086552453351672,4.225347034699055,41.042851776304175,17.941140329003396,1075.59423828125,1074.4171264648437,1163.6555737304689,1223.0958337402344,GESHIP.BO,2025-07-29 11:48:54.474430
158,2024-12-11 00:00:00+05:30,1065.6740465330095,1077.9016626998398,1065.6740465330095,1068.7802734375,18865,0.0,0.0,2024-12-11,1075.790673828125,16.05941191327255,1091.8500857413974,1059.7312619148524,1107.90949765467,1043.6718500015797,-79.59691527439793,-74.40672280999401,7634528,27669.494654863243,40227.81961013895,1071.3811698059262,51.92371869470634,1070.7853275567832,1075.8966085805569,1063.6689924137265,1083.0129437236135,1058.5577113899528,1088.1242247473872,1051.4413762468962,-0.27323185100946235,-61.01785648189488,-25.827172729871563,-30.142889212026436,4.315716482154873,41.22092338902175,17.97319834789883,1074.4109375,1075.790673828125,1165.9180444335936,1225.9960864257812,GESHIP.BO,2025-07-29 11:48:54.474430
159,2024-12-10 00:00:00+05:30,1103.3922425520448,1103.3922425520448,1060.8422898369042,1064.3922119140625,21551,0.0,0.0,2024-12-10,1080.1389404296874,23.913975698277024,1104.0529161279644,1056.2249647314104,1127.9668918262414,1032.3109890331334,-55.84056801524254,-73.65894262234058,7615663,31479.302690786186,43367.40084895787,1071.383834108458,52.588462367633234,1076.2089147676704,1091.5755396984366,1049.025586983296,1118.758867482811,1033.65896205253,1134.1254924135771,1006.4756342681555,-0.28811833557929944,-59.291910925659586,-26.774554057253226,-31.22181833256515,4.447264275311923,40.204029638611,18.4237895269743,1074.6771728515625,1080.1389404296874,1168.1725415039064,1229.3023840332032,GESHIP.BO,2025-07-29 11:48:54.474430
160,2024-12-09 00:00:00+05:30,1094.5174454803623,1108.3721454476877,1079.7753552181655,1091.4605712890625,24960,0.0,0.0,2024-12-09,1085.8452270507812,32.154987540494304,1118.0002145912756,1053.6902395102868,1150.1552021317698,1021.5352519697926,60.79981091214614,-63.135831179149086,7637214,37385.96723816036,46339.425388500786,1071.3920254980278,53.85395048135096,1093.2026906516385,1106.6300260851115,1078.0332358555893,1121.7994808811607,1064.6059004221163,1135.2268163146337,1049.436445626067,-0.2715094154213285,-28.92680913965158,-27.149656605801056,-32.33363440139313,5.183977795592071,44.6244632963169,18.90904156597865,1080.692333984375,1085.8452270507812,1170.8272436523437,1232.8203881835936,GESHIP.BO,2025-07-29 11:48:54.474430
161,2024-12-06 00:00:00+05:30,1065.2303524071933,1096.5389047690803,1065.2303524071933,1085.59326171875,45566,0.0,0.0,2024-12-06,1094.4929565429688,51.301454791418436,1145.7944113343872,1043.1915017515505,1197.0958661258057,991.8900469601319,-19.055229095967658,-75.9667911059684,7612254,67883.46988371621,48577.78992608588,1071.3647569261914,48.473365228864374,1082.454172965008,1099.6779935228226,1068.3694411609356,1113.762725326895,1051.145620603121,1130.9865458847096,1037.0608887990486,-0.26518799247763325,-35.508717183812756,-29.88436637374025,-33.62962885029115,3.7452624765508986,43.37074104707669,20.063579628668073,1074.7658935546874,1094.4929565429688,1173.2706518554687,1235.15416015625,GESHIP.BO,2025-07-29 11:48:54.474430
162,2024-12-05 00:00:00+05:30,1083.2266071777974,1083.2266071777974,1057.5881075996247,1061.828369140625,37306,0.0,0.0,2024-12-05,1101.8032775878905,59.696628923716716,1161.4999065116072,1042.106648664174,1221.196535435324,982.4100197404571,-95.57657898158054,-93.89386667403495,7566688,54361.195452508604,43751.369936678304,1071.329375063478,43.902664797440345,1067.547694639349,1077.5072816790732,1051.8687821009005,1093.1861942175217,1041.9091950611762,1103.145781257246,1026.2302825227277,-0.35184003381231965,-62.16801234356278,-32.35498905268105,-34.56594446942887,2.2109554167478223,38.10363342526697,20.848453831100123,1074.7757568359375,1101.8032775878905,1175.5228784179687,1237.8224206542968,GESHIP.BO,2025-07-29 11:48:54.474430
163,2024-12-04 00:00:00+05:30,1095.7007164682095,1104.871338065424,1067.0545763295743,1070.1114501953125,30577,0.0,0.0,2024-12-04,1112.0109802246093,69.19952724334604,1181.2105074679553,1042.8114529812633,1250.4100347113013,973.6119257379172,-2.9377961258311354,-88.11195894952552,7603994,44903.46685177603,41098.91355772073,1071.3487577460978,46.174077732412705,1080.6791215301037,1094.303666730633,1056.4869049947833,1118.4958832659534,1042.862359794254,1132.1204284664827,1018.6701432589336,-0.306465685710744,-52.876108248346796,-32.68742580359026,-35.11868332361583,2.431257520025568,39.28604547228787,21.155009191568436,1079.9822998046875,1112.0109802246093,1177.9193481445313,1240.2647448730468,GESHIP.BO,2025-07-29 11:48:54.474430
164,2024-12-03 00:00:00+05:30,1062.2719578355359,1109.160872631384,1062.2719578355359,1094.468017578125,37061,0.0,0.0,2024-12-03,1121.3539794921876,75.56629962024368,1196.9202791124312,1045.787679871944,1272.4865787326748,970.2213802517002,42.58285781290224,-86.51062765626143,7634571,55664.22888593499,40147.7752342069,1071.3508301048278,47.24850172136352,1088.633616015015,1114.995274194494,1068.1063593986457,1135.5225308108631,1041.7447012191667,1161.8841889903422,1021.2174446027975,-0.27006970372838446,-55.044649285886564,-33.43353953849487,-35.72649770362222,2.2929581651273523,42.92498530084689,21.766155201957837,1084.4296142578125,1121.3539794921876,1180.7153002929688,1241.896513671875,GESHIP.BO,2025-07-29 11:48:54.474430
165,2024-12-02 00:00:00+05:30,1079.7752706961203,1084.7057513842306,1054.8763432211642,1061.828369140625,45428,0.0,0.0,2024-12-02,1129.7778747558593,81.56406277005951,1211.3419375259189,1048.2138119857998,1292.9060002959784,966.6497492157403,-34.09783834310612,-113.85497875258709,7597510,66196.33268151399,36268.66182127488,1071.3038052927961,36.579342046137064,1067.1368212486732,1079.3972992761821,1049.5678911131158,1096.9662294117395,1037.3074130856069,1109.2267074392485,1019.7384829500495,-0.31415139605561104,-79.78381378785353,-36.28097528166495,-36.29973724490406,0.018761963239107615,35.49054816152257,22.424312443915653,1084.6662841796874,1129.7778747558593,1183.406103515625,1243.0098767089844,GESHIP.BO,2025-07-29 11:48:54.474430
166,2024-11-29 00:00:00+05:30,1102.1596897014506,1102.1596897014506,1079.7753538037884,1085.642578125,17336,0.0,0.0,2024-11-29,1137.4120788574219,82.01361313746263,1219.4256919948846,1055.3984657199592,1301.439305132347,973.3848525824966,50.80784416951439,-99.54499889900929,7642938,25828.058089822436,28786.7441062151,1071.3274907626885,34.61634893301135,1089.192540543413,1098.6097272830377,1076.2253913853756,1111.5768764410752,1066.808204645751,1120.9940631806999,1053.8410554877134,-0.2813994625414866,-68.29164822362968,-36.16233331458102,-36.30442773571384,0.14209442113281767,38.92498104230254,22.188253272327753,1088.8374267578124,1137.4120788574219,1186.84568359375,1244.4335815429688,GESHIP.BO,2025-07-29 11:48:54.474430
167,2024-11-28 00:00:00+05:30,1089.2909954409765,1117.2467936071093,1082.3389703324185,1087.861083984375,31382,0.0,0.0,2024-11-28,1144.1347106933595,83.05070304584844,1227.185413739208,1061.084007647511,1310.2361167850563,978.0333046016626,86.53945046751919,-99.29895103997666,7660274,46850.04879951154,29526.415610313263,1071.3138223980666,47.76729410963188,1095.8156159746343,1109.29226161685,1074.3844383421592,1130.723439249325,1060.9077926999435,1144.2000848915409,1039.4766150674684,-0.239550561017178,-78.61656800048763,-37.80786026708506,-36.33995134099704,-1.4679089260880218,39.25385809363548,22.58912628237283,1086.105908203125,1144.1347106933595,1189.82955078125,1245.4060803222656,GESHIP.BO,2025-07-29 11:48:54.474430
168,2024-11-27 00:00:00+05:30,1108.7171946606202,1108.7171946606202,1079.7752964068848,1092.3480224609375,8760,0.0,0.0,2024-11-27,1150.6851989746094,83.54373506840595,1234.2289340430154,1067.1414639062034,1317.7726691114212,983.5977288377975,59.02203228024763,-108.66537961729443,7691656,13131.70510826384,25195.507313013688,1071.2851719309901,37.72495077126093,1093.613504509481,1107.451712612077,1078.5098143583416,1122.5554027632163,1064.6716062557455,1136.3936108658124,1049.5679161046062,-0.16004246577210027,-77.01097041236977,-39.56027625656134,-35.97297410947503,-3.587302147086305,39.88676918051436,23.091396233084236,1080.7711669921875,1150.6851989746094,1193.1147924804689,1246.3675842285156,GESHIP.BO,2025-07-29 11:48:54.474430
169,2024-11-26 00:00:00+05:30,1098.806946973247,1103.3921976006995,1084.9522484350093,1095.6513671875,21706,0.0,0.0,2024-11-26,1157.2929382324219,83.9122745348274,1241.2052127672493,1073.3806636975944,1325.1174873020766,989.468389162767,23.166758946604226,-115.3785592904121,7700416,32636.845243737087,28211.457864201147,1071.2749870452983,41.47584901856762,1094.6652710744029,1104.3782937137964,1085.9383445481062,1113.105220240093,1076.2253219087127,1122.8182428794867,1067.498395382416,-0.09884058775700721,-75.82890777580918,-41.64639708916502,-35.07614857270345,-6.570248516461568,40.33055918291138,23.31678840079141,1071.5906005859374,1157.2929382324219,1196.3122534179688,1247.3678857421876,GESHIP.BO,2025-07-29 11:48:54.474430
170,2024-11-25 00:00:00+05:30,1093.2353817180162,1107.4351885464846,1075.4363003252447,1082.68408203125,9100,0.0,0.0,2024-11-25,1162.0582092285156,82.92785127400818,1244.9860605025237,1079.1303579545074,1327.913911776532,996.2025066804993,-11.072254527701547,-131.6404971156914,7678710,13520.698624411492,27105.111019317163,1071.2457452127453,36.45237782798191,1088.5185236343266,1101.6007469434085,1069.6018587221686,1120.5174118555665,1056.5196354130867,1133.5996351646484,1037.6029705009287,-0.03566445450439755,-80.46909659945051,-44.01158730111183,-33.433586443588055,-10.578000857523776,37.80507316497568,23.366188952745194,1061.58173828125,1162.0582092285156,1199.6787133789062,1247.9941564941407,GESHIP.BO,2025-07-29 11:48:54.474430
171,2024-11-22 00:00:00+05:30,1055.1227670738708,1078.1974385779472,1037.8167333525505,1071.9849853515625,22260,0.0,0.0,2024-11-22,1168.2358154296876,81.28951793282374,1249.5253333625114,1086.9462974968637,1330.814851295335,1005.6567795640401,-57.77314243264515,-176.8261382471948,7669610,32746.874166693917,30501.21411804358,1071.239989775595,36.72768060429411,1062.6663857606866,1087.5160381688227,1047.135332943426,1103.0470909860833,1022.2856805352899,1127.8967433942194,1006.7546277180293,-0.026866956540615734,-84.29764114350378,-45.09582415100249,-30.789086229207104,-14.306737921795385,35.72095898941592,23.41938954715696,1062.6483154296875,1168.2358154296876,1202.9754248046875,1248.771502685547,GESHIP.BO,2025-07-29 11:48:54.474430
172,2024-11-21 00:00:00+05:30,1047.2340935688237,1064.9838239682952,1028.1038045081139,1061.1873779296875,14381,0.0,0.0,2024-11-21,1175.9523010253906,78.96360921165127,1254.915910237042,1096.9886918137393,1333.8795194486931,1018.0250826020881,-77.79809135401466,-212.85801514990598,7647350,20942.9159841493,29939.79910588099,1071.2390716802831,34.16625256160934,1051.4250021353655,1074.7461997626172,1037.8661803024359,1088.3050215955468,1014.5449826751842,1111.6262192227985,1000.9861608422545,-0.07260906832670061,-88.16143658544347,-44.747006897165875,-27.212401748758253,-17.53460514840762,33.636709259628205,22.439562273101444,1061.1926025390626,1175.9523010253906,1206.88181640625,1249.63005859375,GESHIP.BO,2025-07-29 11:48:54.474430
173,2024-11-19 00:00:00+05:30,1069.569217463813,1069.8157415023022,1041.859939612241,1046.4451904296875,13175,7.2,0.0,2024-11-19,1184.9310119628906,75.35414361635705,1260.2851555792477,1109.5768683465335,1335.6392991956047,1034.2227247301764,-90.37960633410584,-236.20668941336982,7632969,18920.085673793812,32189.019886313912,1071.247080769919,38.8934250520053,1052.7069571814102,1063.5539747505793,1035.5981728605182,1080.6627590714713,1024.751155291349,1091.5097766406404,1007.642370970457,-0.1695274199175461,-98.27427418436206,-42.559029426127154,-22.82875046165635,-19.730278964470802,30.792766174340315,20.877938530470367,1067.998291015625,1184.9310119628906,1211.7485400390624,1250.6768542480468,GESHIP.BO,2025-07-29 11:48:54.474430
174,2024-11-18 00:00:00+05:30,1068.2322220296467,1094.1875268938204,1043.158441997631,1045.6070556640625,13199,0.0,0.0,2024-11-18,1197.11748046875,71.3827244701603,1268.5002049389104,1125.7347559985897,1339.8829294090706,1054.3520315284295,-105.0854359050223,-253.23407600310676,7619794,18939.369738225265,35506.253439443935,1071.2651986493202,37.796701322858134,1060.9843415185046,1078.8102410393783,1027.7811561431888,1112.013426414694,1009.9552566223151,1129.8393259355678,976.7520712469993,-0.1756796782169787,-99.07390271088424,-37.66103935826527,-17.89618072053865,-19.764858637726622,30.635466589610303,19.412163541274204,1089.8583740234376,1197.11748046875,1216.88072265625,1251.5792041015625,GESHIP.BO,2025-07-29 11:48:54.474430
175,2024-11-14 00:00:00+05:30,1064.7062375097883,1092.0816903538132,1060.4945741978397,1088.0169677734375,17437,0.0,0.0,2024-11-14,1210.4183532714844,66.26603509529818,1276.6843883667825,1144.1523181761863,1342.9504234620808,1077.886283080888,-113.14161159856502,-246.5645382859332,7632993,26035.35023691485,39647.9743647486,1071.2839899203132,44.62419112471203,1080.1977441083634,1099.900914018887,1068.3137978629136,1111.7848602643369,1048.61062795239,1131.4880301748606,1036.72668170694,-0.009153932624737054,-88.82513267434112,-30.736962448126405,-12.954966061106994,-17.78199638701941,34.289208326805166,17.85358110435256,1116.4405517578125,1210.4183532714844,1221.7583618164062,1252.5896557617189,GESHIP.BO,2025-07-29 11:48:54.474430
176,2024-11-13 00:00:00+05:30,1101.7784141158984,1113.5317616867437,1060.3968362102141,1064.7064208984375,21230,0.0,0.0,2024-11-13,1218.7216003417968,60.25301453138583,1278.9746148731826,1158.468585810411,1339.2276294045685,1098.2155712790252,-154.80355536537064,-271.8459002663511,7615556,31019.57589859697,43051.130396707034,1071.2677846864356,36.48892281110385,1079.5450062651319,1098.6931763200496,1045.55825084352,1132.6799317416614,1026.4100807886023,1151.8281017965792,992.4233253669904,-0.032037004114117064,-98.25637915556813,-25.583068014127548,-8.50946696435214,-17.07360104977541,30.03014979183331,16.43747099637237,1151.7201904296876,1218.7216003417968,1225.8083715820312,1253.2854602050782,GESHIP.BO,2025-07-29 11:48:54.474430
177,2024-11-12 00:00:00+05:30,1156.8229611142215,1175.7263055359538,1088.4087224711345,1095.2158203125,22873,0.0,0.0,2024-11-12,1228.0875427246094,48.45623675320421,1276.5437794778136,1179.6313059714053,1325.0000162310178,1131.175069218201,-166.1601525030177,-213.4623684918537,7636786,34377.85907802153,46059.01902123455,1071.275530495747,35.10097465745497,1119.7836161065295,1151.1585097419245,1063.8409266771052,1207.1011991713488,1032.4660330417103,1238.4760928067437,976.523343612286,0.0035138427555052643,-96.89387869054727,-16.301163432695375,-4.241066701908286,-12.06009673078709,32.5980861948762,14.912429341624469,1185.1388427734375,1228.0875427246094,1230.5341943359374,1254.5709350585937,GESHIP.BO,2025-07-29 11:48:54.474430
178,2024-11-11 00:00:00+05:30,1184.9331270584617,1194.9234226032838,1152.2685263735764,1155.74560546875,19866,0.0,0.0,2024-11-11,1235.60234375,37.08553242077293,1272.687876170773,1198.516811329227,1309.7734085915458,1161.4312789084543,-127.67548030060541,-123.28704616418588,7659659,31508.568332231927,48979.309007037795,1071.2450425653133,36.353341708409495,1167.64585148187,1183.0231765901638,1140.3682803604563,1210.3007477115775,1124.9909552521626,1225.6780728198712,1097.7133841307489,0.04868163298734461,-92.12491006235197,-7.175239124024301,-1.2260425192115139,-5.949196604812787,38.69358945217393,13.689295691418431,1219.2921630859375,1235.60234375,1234.1062377929688,1255.4433251953126,GESHIP.BO,2025-07-29 11:48:54.474430
179,2024-11-08 00:00:00+05:30,1209.5663227200039,1209.5663227200039,1163.483477954765,1178.5179443359375,55425,0.0,0.0,2024-11-08,1240.0686157226562,31.990955572177114,1272.0595712948334,1208.077660150479,1304.0505268670104,1176.086704578302,-117.06276222355828,-92.85126028358354,7679525,89639.1830521934,53346.99417573926,1071.1514748395089,34.01586346798297,1183.8559150035687,1204.2283520523724,1158.1455072871336,1229.9387597688076,1137.7730702383299,1250.3111968176113,1112.0626625218947,0.05985777630812837,-78.30604490925658,-1.3438415529469694,0.26125663199168314,-1.6050981849386525,41.397546175597974,13.548305921704912,1239.5373291015626,1240.0686157226562,1236.6332080078125,1255.4311950683593,GESHIP.BO,2025-07-29 11:48:54.474430
180,2024-11-07 00:00:00+05:30,1233.121924224209,1307.5597846221754,1233.121924224209,1264.4151611328125,49777,0.0,0.0,2024-11-07,1244.4369323730468,28.965790130333925,1273.4027225033808,1215.4711422427129,1302.3685126337148,1186.505352112379,91.29004375424226,94.0108870607311,7734950,86372.28354612541,44273.94695662572,1070.8187584743175,42.787917572154804,1268.365623326399,1303.609322428589,1229.1714620306225,1342.8034837243654,1193.9277629284325,1378.0471828265554,1154.733601632656,0.11316814014005677,-37.493703936202536,3.8997453208755815,0.6625311782263462,3.2372141426492353,54.81645135923577,13.639432920123193,1256.4229248046875,1244.4369323730468,1238.0582983398438,1254.9306091308595,GESHIP.BO,2025-07-29 11:48:54.474430
181,2024-11-06 00:00:00+05:30,1268.3329287906006,1268.3329287906006,1229.1551079754313,1231.7996826171875,32195,0.0,0.0,2024-11-06,1243.5064575195313,28.58666517674223,1272.0931226962734,1214.9197923427892,1300.6797878730158,1186.3331271660468,49.71241558930075,38.9255816098853,7685173,54423.254102349616,33749.36280925079,1070.27845699139,51.31274208345632,1243.0959064610731,1257.036704946715,1217.8588841315457,1282.2737272762424,1203.9180856459038,1296.2145257618843,1178.6810633163764,0.20916044098354059,-54.25262073535522,2.094464053260481,-0.14677235743596262,2.2412364106964433,48.98545739874318,13.787001785502973,1246.4423828125,1243.5064575195313,1238.5783837890624,1253.6975256347657,GESHIP.BO,2025-07-29 11:48:54.474430
182,2024-11-04 00:00:00+05:30,1253.690332122279,1278.1764714215424,1234.1504407859577,1265.982421875,13399,0.0,0.0,2024-11-04,1240.8154296875,32.06793863469188,1272.883368322192,1208.747491052808,1304.9513069568839,1176.6795524181161,101.04726371017945,72.60553093301576,7717368,23278.556762312102,28580.889985976086,1069.9863695818512,58.78547240478752,1259.4364446941665,1284.7224486023754,1240.6964179667907,1303.4624753297512,1215.4104140585819,1328.74847923796,1196.670387331206,0.26447318411170256,-36.6883932807628,2.9635531318185713,-0.7070814601100734,3.6706345919286445,56.01949828064877,14.609119778965459,1244.1014892578125,1240.8154296875,1240.8438403320313,1252.936043701172,GESHIP.BO,2025-07-29 11:48:54.474430
183,2024-11-01 00:00:00+05:30,1263.4847724332917,1273.8179709160543,1245.4140496753057,1256.971435546875,8315,0.0,0.0,2024-11-01,1237.8893310546875,32.319651215724086,1270.2089822704115,1205.5696798389636,1302.5286334861357,1173.2500286232394,104.20970332324569,65.59067887614766,7703969,14343.12061674077,29906.473291892078,1069.8387508423273,58.12597954813933,1258.7344853794118,1272.054921083518,1243.6509998427694,1287.1384066201604,1230.3305641386632,1300.4588423242665,1215.2470786020208,0.22114979438504828,-41.318537525894854,0.664866295918273,-1.6247401080922346,2.2896064040105077,54.417339938640325,15.645448485529515,1234.6791748046876,1237.8893310546875,1242.5500317382812,1251.5360034179687,GESHIP.BO,2025-07-29 11:48:54.474430
184,2024-10-31 00:00:00+05:30,1273.230100362981,1273.230100362981,1247.9114586875892,1262.9459228515625,9106,0.0,0.0,2024-10-31,1235.4554138183594,32.6383443379339,1268.0937581562932,1202.8170694804255,1300.732102494227,1170.1787251424917,79.64511666646983,68.39411439645009,7712284,15782.230779913398,33797.311460679906,1069.7512450668464,57.64973686967611,1261.3624939673775,1274.813529247166,1249.4948875717741,1286.6811356427693,1236.0438522919858,1300.1321709225576,1224.1762458963824,0.2682846260191414,-38.24864739354911,-1.400777534334793,-2.1971417090948613,0.7963641747600683,55.6649884009755,16.59961216910599,1228.18544921875,1235.4554138183594,1243.9819775390624,1249.366033935547,GESHIP.BO,2025-07-29 11:48:54.474430
185,2024-10-29 00:00:00+05:30,1214.5614712726203,1226.2657974735382,1199.4779862732416,1214.512451171875,7797,0.0,0.0,2024-10-29,1231.109130859375,34.51847283941925,1265.6276036987942,1196.5906580199558,1300.1460765382135,1162.0721851805365,-35.731010110238195,-33.87056970450393,7703178,12995.275597982745,38301.08163087153,1069.6522599094144,54.396979374012254,1213.418744972885,1227.3595036725283,1200.5716924722317,1240.2065561731815,1186.6309337725884,1254.1473148728248,1173.7838812719351,0.23370523680455393,-63.13537477316261,-4.612600164675996,-2.396232752784878,-2.216367411891118,46.409529628208446,17.554097282252656,1213.7876220703124,1231.109130859375,1245.913447265625,1246.9796826171876,GESHIP.BO,2025-07-29 11:48:54.474430
186,2024-10-28 00:00:00+05:30,1195.9029587524428,1227.9307788650601,1181.8479397014617,1220.09521484375,14463,0.0,0.0,2024-10-28,1229.1869689941407,36.5045223855051,1265.6914913796459,1192.6824466086355,1302.1960137651508,1156.1779242231305,-49.722680254785466,-43.740047905058525,7710975,24216.317305880228,44627.53313909373,1069.5886808011305,56.205014262529915,1209.957977803424,1238.0680159053863,1191.9851767417879,1256.0408169670225,1163.8751386398255,1284.1508550689848,1145.9023375781894,0.22021213304105564,-60.266765261839225,-3.8848554098451586,-1.8421408998120983,-2.0427145100330604,47.46976740548967,17.815941510320595,1212.132373046875,1229.1869689941407,1248.6558935546875,1244.4160998535156,GESHIP.BO,2025-07-29 11:48:54.474430
187,2024-10-25 00:00:00+05:30,1219.409592434534,1230.5752945425627,1167.009260550801,1218.870849609375,20002,0.0,0.0,2024-10-25,1227.4117248535156,37.80990759671842,1265.221632450234,1189.6018172567972,1303.0315400469524,1151.7919096600788,-68.64845576095847,-55.4193857389896,7696512,33457.00814397323,49730.3370973971,1069.466048379874,59.54394562592215,1205.485134900913,1243.961009251025,1180.3949752592632,1269.0511688926747,1141.9191009091512,1307.5270432427867,1116.8289412675015,0.19622467193467663,-56.161557931268824,-3.444077783695775,-1.3314622723038332,-2.112615511391942,47.22499336734389,18.097927602086067,1213.37626953125,1227.4117248535156,1251.081982421875,1242.5691674804686,GESHIP.BO,2025-07-29 11:48:54.474430
188,2024-10-24 00:00:00+05:30,1190.9078961979092,1231.9955901633546,1169.0662120941433,1224.5028076171875,27720,0.0,0.0,2024-10-24,1225.5116027832032,39.191377699838235,1264.7029804830415,1186.320225083365,1303.8943581828796,1147.1288473835268,-79.08263731635547,-52.55039669014357,7716514,46581.020587341096,53798.669335753075,1069.2975020893941,60.01226314172537,1208.5215366248951,1247.976861155647,1185.0474830864357,1271.4509146941064,1145.592158555684,1310.9062392248582,1122.1181050172245,0.1644964767961766,-53.49265486966903,-2.706984431926685,-0.8033083944558476,-1.9036760374708375,48.18716214535152,18.401604931679653,1217.7544189453124,1225.5116027832032,1253.5051342773438,1240.8487939453125,GESHIP.BO,2025-07-29 11:48:54.474430
189,2024-10-23 00:00:00+05:30,1184.1987083588792,1201.3390057488564,1142.7681131289012,1190.956787109375,44594,0.0,0.0,2024-10-23,1223.36171875,40.410023414200296,1263.7717421642003,1182.9516953357995,1304.1817655784005,1142.5416719215993,-180.17922539734738,-113.15402683005938,7688794,72883.36602347465,55603.08152285606,1069.0544717324692,61.04362750504985,1178.3546353290442,1213.9411575291872,1155.370264909232,1236.9255279489994,1119.783742709089,1272.5120501491424,1096.7993722892768,0.08489940595571081,-69.3896265291869,-2.2769291954778055,-0.3273893850881382,-1.9495398103896673,41.60353275016047,18.773274639151783,1230.88876953125,1223.36171875,1255.1936962890625,1238.6274884033203,GESHIP.BO,2025-07-29 11:48:54.474430
190,2024-10-22 00:00:00+05:30,1224.306928494781,1224.306928494781,1190.0263344969271,1206.2362060546875,32635,0.0,0.0,2024-10-22,1223.6702453613282,40.172450758522984,1263.842696119851,1183.4977946028052,1304.0151468783743,1143.325343844282,-169.47063331335136,-64.66777571804036,7733388,54022.16257038979,51283.01039770141,1068.746617938271,70.35889230669386,1206.856489682132,1223.6866448673368,1189.406050869483,1241.1370836799858,1172.575895684278,1257.9672388651907,1155.125456871629,0.025162068829510525,-62.148931917110176,1.6119455011310038,0.15999556750927865,1.4519499336217252,43.96614545237661,18.272089374234717,1255.022314453125,1223.6702453613282,1257.3128759765625,1236.992162475586,GESHIP.BO,2025-07-29 11:48:54.474430
191,2024-10-21 00:00:00+05:30,1241.936804034477,1255.2083374225786,1217.5485889389083,1226.314697265625,8677,0.0,0.0,2024-10-21,1224.0399841308595,40.037349113867975,1264.0773332447275,1184.0026350169915,1304.1146823585955,1143.9652859031235,-80.080003876069,-17.92859795475898,7766023,14602.510231688226,50598.22235452931,1068.4920445850871,71.10623450656546,1233.0238745423705,1248.4991601458328,1210.8394116621625,1270.6836230260408,1195.3641260587003,1286.158908629503,1173.1796631784923,0.04106652652040817,-52.634026693946176,5.061668883218545,-0.20299191589615262,5.264660799114697,47.23974490166088,18.728307369171684,1264.591455078125,1224.0399841308595,1259.6304223632812,1234.762349243164,GESHIP.BO,2025-07-29 11:48:54.474430
192,2024-10-18 00:00:00+05:30,1278.2253867362958,1280.282198356572,1238.214942752356,1240.7615966796875,41434,0.0,0.0,2024-10-18,1222.6344787597657,40.44462200174109,1263.0791007615067,1182.1898567580247,1303.5237227632479,1141.7452347562835,6.093872897225831,14.304247965831786,7774700,70550.67823658658,59597.150385239576,1068.4143103540657,69.49889165170009,1253.0862459295386,1267.9575491067212,1225.890293502505,1295.1535015337547,1211.0189903253224,1310.0248047109374,1183.823037898289,0.039662517421122576,-45.78785099034011,7.42424106552312,-1.519157115674827,8.943398181197946,49.71316577873553,19.916899011743876,1269.7335693359375,1222.6344787597657,1261.263291015625,1232.25732421875,GESHIP.BO,2025-07-29 11:48:54.474430
193,2024-10-17 00:00:00+05:30,1317.4031927579267,1337.3837849321887,1285.2283130406563,1290.174560546875,14891,0.0,0.0,2024-10-17,1219.6789916992188,41.20287832360115,1260.88187002282,1178.4761133756176,1302.084748346421,1137.2732350520166,136.189703000555,96.87281299689725,7816134,26365.033434431545,56858.76842240282,1068.008000524582,77.70671387240353,1304.2622195065733,1323.2961259724902,1271.1406540809578,1356.4176913981057,1252.1067476150408,1375.4515978640227,1218.9851821894254,0.0658524954027985,-22.371765436272025,8.91376018897472,-3.7550066609743133,12.668766849949034,59.62574360555417,21.122868129206157,1270.6836181640624,1219.6789916992188,1261.57984375,1229.6603662109376,GESHIP.BO,2025-07-29 11:48:54.474430
194,2024-10-16 00:00:00+05:30,1248.7930567548779,1325.189808462235,1248.7930567548779,1311.62451171875,102892,0.0,0.0,2024-10-16,1215.6657165527345,37.73841076732599,1253.4041273200605,1177.9273057854084,1291.1425380873864,1140.1888950180826,134.5603836965968,78.06860526543335,7831025,185202.61809531733,64482.202169395634,1067.8196066878781,73.89467413213404,1295.2024589786208,1341.6118612023638,1265.2151094950066,1371.599210685978,1218.8057072712636,1418.008612909721,1188.8183577876493,0.07367449780605212,-6.822646955412062,5.819310804216457,-6.922198373461572,12.74150917767803,64.83730559562892,20.846970035128916,1261.6629150390625,1215.6657165527345,1260.300078125,1226.7302923583984,GESHIP.BO,2025-07-29 11:48:54.474430
195,2024-10-15 00:00:00+05:30,1252.025097759953,1270.3406788440159,1238.0189807701126,1254.0819091796875,22528,0.0,0.0,2024-10-15,1211.5348999023438,30.511622721058554,1242.0465226234023,1181.0232771812853,1272.5581453444609,1150.5116544602267,69.51391351064709,6.146980752016642,7728133,38770.77915819651,34302.09818791521,1066.38266107636,58.081847249292856,1254.1471895979387,1270.2753984257647,1237.9537003518615,1286.468887671842,1221.8254915240354,1302.597096499668,1205.6320022779582,-0.0746869688710571,-14.463798413567199,-0.3431886871999268,-10.107575667881079,9.764386980681152,55.05119477063263,20.83737009482592,1252.5148681640626,1211.5348999023438,1260.0059033203124,1223.4801611328126,GESHIP.BO,2025-07-29 11:48:54.474430
196,2024-10-14 00:00:00+05:30,1248.842070582871,1260.1056941754528,1236.549981359521,1252.0252685546875,7721,0.0,0.0,2024-10-14,1210.521173095703,29.33785548178291,1239.859028577486,1181.18331761392,1269.1968840592688,1151.8454621321373,76.46454132308362,-4.581060415518807,7705605,13266.080701137225,33184.92794534488,1066.1401328743138,53.088798955753624,1249.5603146965539,1262.5706480335866,1239.014935217655,1273.1160275124855,1226.0046018806222,1286.1263608495183,1215.4592224017233,-0.09503537881027643,-15.8411693029649,-2.5607811392237636,-12.548672413051367,9.987891273827604,54.6314399832865,22.417307911361146,1250.859619140625,1210.521173095703,1261.41712890625,1220.9127893066407,GESHIP.BO,2025-07-29 11:48:54.474430
197,2024-10-11 00:00:00+05:30,1241.9368409856743,1249.7233845538042,1234.1012773201494,1245.5118408203125,11421,0.0,0.0,2024-10-11,1209.6617065429687,28.29108999983102,1237.9527965427997,1181.3706165431377,1266.2438865426307,1153.0795265433067,84.31657979063789,-17.032424347844277,7697884,19521.266062925475,38164.6397563968,1066.0577783127808,53.687459540135166,1243.1121675647553,1252.1230578093612,1236.5009505757064,1258.73427479841,1227.4900603311005,1267.745165043016,1220.8788433420516,-0.11966449341596577,-20.203334302756126,-5.158623820955654,-15.045645231508269,9.887021410552615,53.35315143320283,23.800510007931805,1236.050390625,1209.6617065429687,1263.3763647460937,1218.1435260009766,GESHIP.BO,2025-07-29 11:48:54.474430
198,2024-10-10 00:00:00+05:30,1257.657014974396,1275.67871613673,1241.2022831048034,1245.071044921875,14037,0.0,0.0,2024-10-10,1209.9922729492187,28.766654556288163,1238.7589275055068,1181.2256183929305,1267.525582061795,1152.4589638366424,137.46881194966008,-4.634665655614867,7686463,23984.154978226652,42825.48317976463,1065.9400958960841,59.46778240779126,1253.9840147211362,1266.765746337469,1232.2893133055425,1288.4604477530627,1219.5075816892097,1301.2421793693954,1197.812880273616,-0.12178245161139148,-20.49854360247212,-7.765014768106539,-17.517400584146422,9.752385816039883,53.27051874751683,24.914005867594877,1228.4401123046875,1209.9922729492187,1265.248916015625,1215.7880883789062,GESHIP.BO,2025-07-29 11:48:54.474430
199,2024-10-09 00:00:00+05:30,1261.4767726331174,1275.6787322562668,1249.3806447284026,1265.88427734375,22565,0.0,0.0,2024-10-09,1210.3497741699218,29.26564604622962,1239.6154202161515,1181.0841281236922,1268.881066262381,1151.8184820774627,243.0677226706188,6.7289686200033785,7700500,39199.93367222586,47535.81523014913,1065.7956020815452,51.24467593191603,1263.6478847761398,1277.915124823877,1251.6170372960128,1289.945972304004,1237.3497972482755,1304.2132123517413,1225.3189497681485,-0.13002219518299896,-6.559530581099442,-10.940921539716783,-19.95549703815639,9.014575498439608,57.764433151174,26.32690187640078,1221.084521484375,1210.3497741699218,1267.0641259765625,1213.2384191894532,GESHIP.BO,2025-07-29 11:48:54.474430
200,2024-10-08 00:00:00+05:30,1126.3623323794457,1255.5512185880798,1126.3623323794457,1245.8056640625,47271,0.0,0.0,2024-10-08,1210.2542785644532,29.07740673608015,1239.3316853005333,1181.1768718283731,1268.4090920366134,1152.099465092293,123.24560985371723,-66.86959836741313,7677935,80816.69375293695,49619.78561962994,1065.5358101304164,46.318649991580244,1209.2397383433417,1292.1171443072378,1162.9282580986037,1338.4286245519759,1080.0508521347076,1421.306030515872,1033.7393718899696,-0.10421051701070189,-7.543647763818606,-16.891061106437064,-22.209140912766294,5.31807980632923,54.310953428118516,28.092062185840938,1203.11171875,1210.2542785644532,1267.8987939453125,1210.567314453125,GESHIP.BO,2025-07-29 11:48:54.474430
201,2024-10-07 00:00:00+05:30,1204.8649783076596,1216.4223641670433,1154.2765912734187,1177.9791259765625,16952,0.0,0.0,2024-10-07,1210.3399780273437,29.190009397880285,1239.529987425224,1181.1499686294635,1268.7199968231043,1151.959959231583,-57.92770441394779,-105.28025640575402,7630664,27404.035845878505,41820.55858630319,1065.0441458986322,35.27708693229005,1182.8926938056748,1211.5087963379308,1149.3630234443062,1245.0384666992993,1120.7469209120502,1273.6545692315553,1087.2172505506817,-0.17853901331147645,-70.89489794424962,-22.275678469366085,-23.5386608643486,1.2629823949825152,38.550419278407944,29.32554825405748,1189.1644287109375,1210.3399780273437,1269.104873046875,1207.6215936279298,GESHIP.BO,2025-07-29 11:48:54.474430
202,2024-10-04 00:00:00+05:30,1209.615181474623,1228.0288045312739,1194.9725192075748,1207.46044921875,38975,0.0,0.0,2024-10-04,1214.80625,30.768972829023266,1245.5752228290235,1184.0372771709767,1276.3441956580466,1153.2683043419536,110.44825664720842,-75.05320369539078,7647616,64582.52586295719,45424.689271409356,1064.9335790016376,32.58469980818951,1210.1539243191994,1225.335329430824,1192.279044107125,1243.2102096428985,1177.0976389955003,1258.391614754523,1159.222758783426,-0.19071057677873224,-43.127310378458645,-22.152223789662003,-23.85440646309423,1.702182673432226,44.78508575461636,29.11469209802115,1190.486669921875,1214.80625,1271.410634765625,1205.2922119140626,GESHIP.BO,2025-07-29 11:48:54.474430
203,2024-10-03 00:00:00+05:30,1147.0777406952736,1213.2392193736773,1147.0777406952736,1208.2930908203125,35122,0.0,0.0,2024-10-03,1219.659405517578,36.64340004332765,1256.3028055609057,1183.0160054742505,1292.9462056042335,1146.3726054309227,-12.30022583086373,-108.11297950323649,7686591,58238.143096050044,40635.2301235224,1064.6120373497986,23.569530662071102,1189.5366836297544,1231.9956265642352,1165.8341478858315,1255.698162308158,1123.3752049513507,1298.1571052426389,1099.6726692074278,-0.19386863429939127,-42.343069847856476,-24.561988287382746,-24.27995213145228,-0.2820361559304665,44.9752477009043,29.976608801030224,1185.16826171875,1219.659405517578,1273.0314282226564,1202.3907781982423,GESHIP.BO,2025-07-29 11:48:54.474430
204,2024-10-01 00:00:00+05:30,1187.577769375651,1187.577769375651,1171.4169172563122,1176.020263671875,28795,0.0,0.0,2024-10-01,1224.3974670410157,40.96761936656384,1265.3650864075796,1183.4298476744518,1306.3327057741435,1142.462228307888,-92.98712841062309,-129.4439685134435,7651469,46471.626861458695,36234.50188039048,1064.3193412603957,14.571513061576638,1178.338316767946,1185.2597162795798,1169.098864160241,1194.499168887285,1162.1774646486072,1201.4205683989187,1152.938012040902,-0.17716459884836513,-82.29163883849256,-27.357068320415692,-24.209443092469662,-3.1476252279460297,35.013120654338536,30.21873728658996,1179.8106689453125,1224.3974670410157,1275.4508544921875,1199.7749285888672,GESHIP.BO,2025-07-29 11:48:54.474430
205,2024-09-30 00:00:00+05:30,1204.473134085508,1204.473134085508,1157.704610277756,1176.0692138671875,19143,0.0,0.0,2024-09-30,1230.0709045410156,41.764608960193264,1271.8355135012089,1188.3062955808223,1313.6001224614022,1146.541686620629,-98.0856189168538,-137.13791978067576,7680264,30895.75904242358,33675.22063512342,1064.132471958492,20.78432247650592,1179.4156527434839,1201.1266952092117,1154.3581714014597,1226.1841765512359,1132.6471289357319,1247.8952190169637,1107.5896475937077,-0.1661833395399748,-87.71297020777762,-27.342732229597686,-23.422536785483153,-3.9201954441145332,35.022243373320904,29.125444708538986,1184.032080078125,1230.0709045410156,1277.1517407226563,1197.3617663574219,GESHIP.BO,2025-07-29 11:48:54.474430
206,2024-09-27 00:00:00+05:30,1185.2760156294887,1202.269371427441,1178.2239361744041,1184.59033203125,10515,0.0,0.0,2024-09-27,1235.7933166503906,41.81667487701636,1277.609991527407,1193.9766417733742,1319.4266664044233,1152.159966896358,-71.99204845735821,-132.6475362565084,7699407,17093.5965504331,34370.08603329838,1064.007839815238,29.447447111438834,1188.3612132110318,1198.4984902476594,1174.4530549946226,1212.4066484640687,1164.315777957995,1222.5439255006963,1150.4076197415857,-0.1703008520531108,-82.28134437232981,-26.91491471998893,-22.44248792445452,-4.472426795534407,36.52817899386607,27.948052701407168,1191.54443359375,1235.7933166503906,1279.6601220703126,1195.1215081787109,GESHIP.BO,2025-07-29 11:48:54.474430
207,2024-09-26 00:00:00+05:30,1193.7481395374423,1193.7481395374423,1175.3345176038317,1180.868408203125,15392,0.0,0.0,2024-09-26,1241.6136779785156,42.41174556239235,1284.025423540908,1199.2019324161233,1326.4371691033002,1156.790186853731,-104.00520908549689,-148.73428872999156,7688892,24943.22172463272,38689.2084040147,1063.93404826673,25.762411826980752,1183.3170217814663,1191.299525959101,1172.8859040254904,1201.730643715077,1164.9033998478558,1209.7131478927115,1154.4722820918798,-0.12927780575766692,-84.7797199454176,-26.798577959147906,-21.32438122557092,-5.474196733576985,35.40201911820098,27.132405207887807,1194.26728515625,1241.6136779785156,1282.53609375,1193.1366333007813,GESHIP.BO,2025-07-29 11:48:54.474430
208,2024-09-25 00:00:00+05:30,1198.0576598685843,1207.3134913647148,1178.3219291522728,1181.505126953125,30128,0.0,0.0,2024-09-25,1246.2611572265625,40.45238651511532,1286.7135437416778,1205.8087707114473,1327.1659302567932,1165.3563841963319,-99.26579022239315,-150.0112834333391,7704284,48849.70008434626,42125.7050738602,1063.8292052517274,25.822584448356295,1189.0468491567042,1199.7717691611356,1170.7802069486936,1218.0384113691462,1160.0552869442622,1228.7633313735776,1141.7886447362516,-0.1283255169125812,-84.35231663320947,-25.877039487435013,-19.955832042176674,-5.921207445258339,35.50265021719508,25.80062815591731,1194.423974609375,1246.2611572265625,1286.0741284179687,1191.4447790527345,GESHIP.BO,2025-07-29 11:48:54.474430
209,2024-09-24 00:00:00+05:30,1213.5330322415437,1220.3401309659473,1191.6424481872036,1197.1273193359375,9535,0.0,0.0,2024-09-24,1251.2906066894532,38.16602662288966,1289.4566333123428,1213.1245800665636,1327.6226599352326,1174.9585534436737,-68.53044913702584,-137.66938031618082,7734412,15664.517697206375,40444.706321238686,1063.6223230812627,31.44227891543966,1203.0366328296961,1214.4308174721887,1185.733134693445,1231.7343156084398,1174.3389500509525,1243.1285002509323,1157.0354519147013,-0.07432797825867696,-76.24730360468018,-24.36782178331123,-18.475530180862087,-5.892291602449141,37.94720845773605,24.426419252175137,1200.1047607421874,1251.2906066894532,1290.4322265625,1190.0276086425781,GESHIP.BO,2025-07-29 11:48:54.474430
210,2024-09-23 00:00:00+05:30,1212.5045951279656,1218.7241701442463,1198.841377255791,1213.6309814453125,11929,0.0,0.0,2024-09-23,1253.9228637695312,35.9870837196636,1289.9099474891948,1217.9357800498676,1325.8970312088584,1181.948696330204,-62.30413057776036,-136.00964763785038,7743947,19867.658280627453,46639.75347724676,1063.5479997654281,28.011926463668573,1210.39884294845,1221.956308641109,1202.0735157526537,1230.2816358369053,1190.5160500599948,1241.8391015295642,1182.1907228641985,-0.1706302756847829,-66.1785924210804,-23.604905612197854,-17.0024572802498,-6.602448331948054,40.69578120426656,23.214021510079732,1206.4809326171876,1253.9228637695312,1294.8135327148439,1188.3775219726563,GESHIP.BO,2025-07-29 11:48:54.474430
211,2024-09-20 00:00:00+05:30,1182.2397004457073,1220.6829350800497,1182.2397004457073,1198.20458984375,27249,0.0,0.0,2024-09-20,1257.7622863769532,35.55579322610494,1293.318079603058,1222.2064931508482,1328.873872829163,1186.6506999247433,-115.25053308035784,-166.09289048846082,7732018,44806.14048843742,53332.77727640159,1063.4433965745461,24.613474688709815,1200.3757417898357,1218.5117831339642,1180.0685484996218,1238.8189764241781,1161.9325071554933,1256.9550177683066,1141.6253138652794,-0.25664901421061403,-75.59007216490097,-23.895852303707898,-15.351845197262787,-8.544007106445111,36.71541883680481,22.055458316962557,1210.5162109375,1257.7622863769532,1297.0376684570313,1186.6462377929688,GESHIP.BO,2025-07-29 11:48:54.474430
212,2024-09-19 00:00:00+05:30,1222.2988395846844,1225.8249386750317,1158.1941859540366,1181.65185546875,67995,0.0,0.0,2024-09-19,1265.1056823730469,37.70908085771672,1302.8147632307637,1227.39660151533,1340.5238440884802,1189.6875206576135,-189.53618862154494,-206.34911073280514,7704769,110261.14748356017,55464.436473392634,1063.228506262509,21.344987247016192,1188.5569933659394,1218.9198007778423,1151.2890480568472,1256.1877460869346,1120.9262406449443,1286.5505534988374,1083.658295335852,-0.2629515072149556,-85.68872182315134,-22.38702802671901,-13.215843420651506,-9.171184606067502,32.18196035573173,20.807774878220982,1217.84248046875,1265.1056823730469,1300.121962890625,1185.008721923828,GESHIP.BO,2025-07-29 11:48:54.474430
213,2024-09-18 00:00:00+05:30,1232.9260265560108,1232.9260265560108,1204.4240672423668,1209.9090576171875,12808,0.0,0.0,2024-09-18,1273.5876892089843,37.02216319044934,1310.6098523994337,1236.565526018535,1347.632015589883,1199.5433628280857,-124.33960657077444,-171.68631265498115,7772764,21266.206925434468,41765.258720850754,1062.7554124587664,33.509044072997156,1215.753050471855,1227.082033701343,1198.5800743876991,1244.255009785499,1187.251091158211,1255.583993014987,1170.0781150740552,-0.23017858571519226,-95.33908273924636,-18.485884801419388,-10.92304726913463,-7.5628375322847585,36.30575126030035,19.464115790345442,1231.9367431640626,1273.5876892089843,1302.6101416015624,1183.3666723632812,GESHIP.BO,2025-07-29 11:48:54.474430
214,2024-09-17 00:00:00+05:30,1227.6858317257431,1253.249453208419,1217.695536120962,1229.0081787109375,27697,0.0,0.0,2024-09-17,1279.5206726074218,35.76687027658721,1315.287542884009,1243.7538023308346,1351.0544131605961,1207.9869320542475,-88.53692069697931,-146.88858910791805,7785572,46713.61665866766,46890.02166970483,1062.6445939705318,30.15155600210221,1233.3177226801063,1248.9399092392505,1213.3859921517935,1268.8716397675632,1197.7638055926493,1284.4938263267074,1177.8320750643365,-0.28488292173527446,-89.16507191906457,-15.994056416958756,-9.03233788606344,-6.9617185308953164,39.48076990880111,18.951128443824082,1240.3991455078126,1279.5206726074218,1303.0777270507813,1180.967600708008,GESHIP.BO,2025-07-29 11:48:54.474430
215,2024-09-16 00:00:00+05:30,1240.7125112239378,1248.5970948410827,1225.2862455426455,1233.807373046875,44385,0.0,0.0,2024-09-16,1286.0462341308594,37.907600909701564,1323.953835040561,1248.1386332211578,1361.8614359502626,1210.2310323114561,-96.9043658671431,-148.7776774762935,7813269,75151.83233114646,46934.12292246412,1062.3732259219328,37.04570006547282,1235.8969044768676,1246.5075634110897,1223.1967141126524,1259.2077537753048,1212.5860551784303,1269.818412709527,1199.8858648142152,-0.3400445612751164,-87.65202152740001,-14.442400844314989,-7.29190825333961,-7.150492590975379,40.30326684591426,18.713134769992234,1247.3923828125,1286.0462341308594,1302.6136499023437,1178.4971032714843,GESHIP.BO,2025-07-29 11:48:54.474430
216,2024-09-13 00:00:00+05:30,1252.7108182133652,1252.7108182133652,1230.8691353254226,1234.8359375,17323,0.0,0.0,2024-09-13,1291.9376037597656,38.51283454011608,1330.4504382998816,1253.4247692196495,1368.9632728399977,1214.9119346795335,-108.16788807990736,-152.33150430536557,7857654,29355.423770216534,39879.69557029353,1061.923924292037,34.00278670601146,1239.471963679596,1248.0747920337694,1226.2331091458268,1261.3136465675386,1217.6302807916534,1269.916474921712,1204.3914262578842,-0.27316400513583317,-86.63097253095003,-12.709635184479794,-5.504285105595765,-7.205350078884028,40.4712658738068,18.638421091615378,1250.1348388671875,1291.9376037597656,1302.0214794921876,1175.7771154785157,GESHIP.BO,2025-07-29 11:48:54.474430
217,2024-09-12 00:00:00+05:30,1260.5463764530343,1261.13401984916,1238.2149709104972,1252.1231689453125,16620,0.0,0.0,2024-09-12,1297.2657897949218,37.55671730062633,1334.8225070955482,1259.7090724942955,1372.3792243961745,1222.152355193669,-100.0241641398211,-134.54461061047445,7874977,28558.4123247639,42510.76352031277,1061.7468737858478,29.77680081483716,1250.4907199016566,1262.766468892816,1239.847419954153,1273.4097688403194,1227.5716709629937,1285.6855178314788,1216.9283710154903,-0.26056099750189937,-76.04875958230632,-10.399897843642293,-3.7029475858747576,-6.6969502577675355,43.28357272710019,18.688429795744597,1256.628564453125,1297.2657897949218,1300.9826098632811,1173.1664080810547,GESHIP.BO,2025-07-29 11:48:54.474430
218,2024-09-11 00:00:00+05:30,1272.2997020472294,1307.1679378677659,1248.0094058695695,1252.2210693359375,18280,0.0,0.0,2024-09-11,1301.6610534667968,37.137053887812115,1338.7981073546089,1264.5239995789848,1375.9351612424211,1227.3869456911725,-46.342747729062914,-94.72976026528126,7891597,31413.272858699638,45998.85131919998,1061.5596678380573,37.26387174111716,1269.1328043577575,1290.2562028459456,1231.0976708477492,1328.291336355954,1209.9742723595612,1349.414734844142,1171.9391388495528,-0.24052142442095711,-78.35793756506635,-8.987690286826364,-2.0287100214328735,-6.958980265393491,43.29973198633338,18.9093695201627,1267.108642578125,1301.6610534667968,1299.6203759765624,1170.137504272461,GESHIP.BO,2025-07-29 11:48:54.474430
219,2024-09-10 00:00:00+05:30,1251.7312969930501,1271.614087641447,1235.2765654522243,1263.974365234375,31440,0.0,0.0,2024-09-10,1304.4965454101562,35.282165707836484,1339.7787111179925,1269.2143797023198,1375.0608768258292,1233.9322139944832,-112.94346126954198,-123.43175026261895,7909877,54535.18515037838,49645.24593432506,1061.3532321895036,39.77048720030447,1256.9550061093487,1278.633446766473,1242.2959245772504,1293.2925282985714,1220.617483920126,1314.9709689556958,1205.9584023880277,-0.207273561937391,-71.19207019258688,-7.053101251997077,-0.2889649550845006,-6.764136296912577,45.13837515207736,19.366848465687344,1277.27529296875,1304.4965454101562,1298.4235180664064,1166.7374951171876,GESHIP.BO,2025-07-29 11:48:54.474430
220,2024-09-09 00:00:00+05:30,1250.1152077405509,1261.0360486958689,1221.3685069699018,1247.5196533203125,18844,0.0,0.0,2024-09-09,1306.1436157226562,34.03787160030513,1340.1814873229614,1272.105744122351,1374.2193589232666,1238.067872522046,-197.7683821803003,-152.8167170643304,7878437,32260.90009439743,48422.76113031172,1060.9752054667497,30.367303013824497,1243.3080696620277,1265.2476323541537,1225.5800906281866,1282.9756113879948,1203.6405279360606,1304.9151740801208,1185.9125489022194,-0.26625780311891145,-82.50330081403922,-5.626897443584767,1.4020691191436436,-7.02896656272841,41.93295219896534,18.738402501988528,1282.37822265625,1306.1436157226562,1296.309599609375,1163.213759765625,GESHIP.BO,2025-07-29 11:48:54.474430
221,2024-09-06 00:00:00+05:30,1305.6008608414502,1305.6008608414502,1260.5463675190895,1267.3045654296875,13476,0.0,0.0,2024-09-06,1309.873309326172,31.248590804460612,1341.1219001306326,1278.6247185217112,1372.3704909350931,1247.3761277172507,-63.89939748699559,-86.9503465302884,7897281,23436.782529029115,52463.22638929029,1060.766373702654,42.839547453497744,1277.8172645967425,1295.0881616743955,1250.0336683520347,1322.8717579191032,1232.7627712743817,1340.1426549967562,1204.979175029674,-0.21279669875691037,-81.40374954580226,-2.095128554254188,3.1593107598257464,-5.254439314079935,44.85943645111782,17.698996656936643,1290.977783203125,1309.873309326172,1294.5675805664061,1160.1094213867189,GESHIP.BO,2025-07-29 11:48:54.474430
222,2024-09-05 00:00:00+05:30,1304.6214802136392,1322.1045594709237,1297.7653613236275,1304.5235595703125,14101,0.0,0.0,2024-09-05,1311.905987548828,29.613251353038347,1341.5192389018664,1282.2927361957898,1371.1324902549047,1252.6794848427514,53.46206123601466,-24.11076515241194,7910757,25243.980027791567,59719.83735435558,1060.6008918664056,49.51338071950652,1308.1311601216212,1318.4969589196148,1294.1577607723186,1332.4703582689174,1283.791961974325,1342.836157066911,1269.8185626250224,-0.1738229649562522,-56.47749794231178,0.5098361577420292,4.47292058834573,-3.9630844306037005,51.08942364391062,17.3385892247195,1297.7163818359375,1311.905987548828,1292.37830078125,1156.8558221435546,GESHIP.BO,2025-07-29 11:48:54.474430
223,2024-09-04 00:00:00+05:30,1239.5373043227082,1312.4569742069582,1239.5373043227082,1303.0543212890625,47817,0.0,0.0,2024-09-04,1309.5092712402343,32.07926574486653,1341.5885369851007,1277.4300054953678,1373.6678027299674,1245.3507397505011,-46.00012491830928,-75.72122857466911,7896656,85506.83561989444,68338.80168599659,1060.3962213491352,51.16878183974683,1285.0161999395762,1330.495095556444,1257.5754256721941,1357.9358698238261,1212.0965300553262,1403.414765440694,1184.6557557879441,-0.17502018246638393,-57.46147410581437,0.17174858337625665,5.463691695996655,-5.291943112620398,50.83903766901849,17.830523421202113,1291.5752685546875,1309.5092712402343,1289.6051684570311,1153.1957348632814,GESHIP.BO,2025-07-29 11:48:54.474430
224,2024-09-03 00:00:00+05:30,1291.9376274082454,1302.9563892219123,1282.5838751108233,1289.489013671875,14727,0.0,0.0,2024-09-03,1305.665869140625,37.10449422161904,1342.770363362244,1268.561374919006,1379.874857583863,1231.456880697387,-36.152210883453606,-56.19122190578021,7848839,26060.810701497416,64046.79320252212,1059.7038042053146,60.21412014752327,1291.6764260015368,1300.7689768922503,1280.3964627811613,1312.0489401126258,1271.3039118904478,1321.1414910033393,1260.0239486700723,-0.2505156126261539,-69.60546943579088,-0.11901050433789351,6.7866774741517535,-6.905687978489647,48.58275313582535,18.046374518452314,1287.3832275390625,1305.665869140625,1286.277685546875,1150.0938623046875,GESHIP.BO,2025-07-29 11:48:54.474430
225,2024-09-02 00:00:00+05:30,1317.060407026401,1317.060407026401,1280.1353569495911,1290.5174560546875,10405,0.0,0.0,2024-09-02,1306.03720703125,36.971000055490045,1343.0082070867402,1269.06620697576,1379.9792071422303,1232.09520692027,-36.71136680682856,-40.92979970815787,7863566,18427.310611790574,73543.28882777829,1059.5016843907858,56.82497004131271,1295.9044066768931,1311.6734564041951,1274.7484063273853,1332.829456753703,1258.9793566000833,1348.598506481005,1237.8233562505754,-0.25669340221230785,-68.88504070016647,0.8465102093621226,8.513099468774165,-7.666589259412042,48.74041818674293,19.414942424855912,1279.4399169921876,1306.03720703125,1283.4209497070312,1146.9875939941405,GESHIP.BO,2025-07-29 11:48:54.474430
226,2024-08-30 00:00:00+05:30,1273.4261427307754,1316.8645285171053,1267.157667362592,1300.99755859375,31191,0.0,0.0,2024-08-30,1307.7434936523437,37.004504456577294,1344.747998108921,1270.7389891957664,1381.7525025654982,1233.7344847391892,-47.00139938624391,-35.45277568714486,7873971,55688.018978648855,87322.28338177521,1059.3580275770466,52.12103572111316,1295.0065848244824,1322.8555022863727,1273.1486411318594,1344.7134459789957,1245.2997236699691,1372.562363440886,1223.4417799773462,-0.29734170393877296,-61.54367948478822,1.9685574004226964,10.429746783627175,-8.461189383204479,50.28214155117958,20.888784785598247,1279.4203125,1307.7434936523437,1280.762548828125,1143.8224530029297,GESHIP.BO,2025-07-29 11:48:54.474430
227,2024-08-29 00:00:00+05:30,1283.024685940125,1284.689815157987,1266.6679926265047,1273.8179931640625,47407,0.0,0.0,2024-08-29,1310.19296875,38.138491670101246,1348.3314604201014,1272.0544770798988,1386.4699520902027,1233.9159854097975,-100.30618215070658,-63.35813580669364,7842780,82871.6223399329,95230.8494825568,1058.906743379646,53.927750934228435,1275.0586003161845,1283.4492080058644,1265.4273854743822,1293.0804228476668,1257.0367777847023,1301.4710305373467,1247.4055629429,-0.2988143071022663,-80.58309315012369,2.34315988133676,12.545044129428295,-10.201884248091535,46.182517138951,22.481416487894016,1288.235302734375,1310.19296875,1278.60767578125,1140.303853149414,GESHIP.BO,2025-07-29 11:48:54.474430
228,2024-08-28 00:00:00+05:30,1273.9646710109355,1289.1460757483455,1271.271195976879,1282.0941162109375,22599,0.0,0.0,2024-08-28,1313.4590393066405,37.65337710087265,1351.1124164075131,1275.805662205768,1388.7657935083857,1238.1522851048953,-123.84707948403899,-46.87647027758359,7890187,39761.71588564772,98320.65626821278,1058.2949722441485,60.54156204085782,1280.837129312054,1290.403062647229,1272.5281828757625,1298.7120090835206,1262.9622495405874,1308.2779424186956,1254.653303104296,-0.28111250807618615,-74.78562995512507,5.464037533591863,15.095515191451177,-9.631477657859314,47.2854664027499,23.298386828865226,1303.7301025390625,1313.4590393066405,1276.7804125976563,1137.0546673583985,GESHIP.BO,2025-07-29 11:48:54.474430
229,2024-08-26 00:00:00+05:30,1308.196409062065,1308.196409062065,1246.0995403038671,1249.7724609375,74501,0.0,0.0,2024-08-26,1316.1459106445313,37.21215442531334,1353.3580650698448,1278.933756219218,1390.570219495158,1241.7216017939047,-191.67041324678158,-60.569509403287185,7867588,127775.92726560026,112960.39136385404,1057.990866421282,61.94302457148116,1268.0228034344773,1289.9460665650874,1227.8491978068896,1330.1196721926751,1205.9259346762794,1352.0429353232853,1165.7523290486918,-0.2909702380496339,-87.06251692405132,8.561845477186807,17.503384605916004,-8.941539128729197,42.28988290235799,24.288666916082974,1313.0250244140625,1316.1459106445313,1274.2291821289064,1133.7622576904296,GESHIP.BO,2025-07-29 11:48:54.474430
230,2024-08-23 00:00:00+05:30,1348.2557376259872,1349.7738063993672,1285.3263648681896,1290.41943359375,68717,0.0,0.0,2024-08-23,1319.0381713867187,33.8807015573525,1352.9188729440712,1285.1574698293662,1386.7995745014236,1251.2767682720137,-110.6361545742771,6.104051274916249,7942089,121688.93057428306,109256.50738841748,1057.1278959094495,63.4817237522772,1308.506534953769,1331.6867050393485,1267.2392635081708,1372.9539764849467,1244.0590934225913,1396.1341465705261,1202.791821976993,-0.24532820145358086,-58.636382467339914,15.58144676558004,19.7387693880983,-4.157322622518262,47.552935363456186,25.35512239462517,1334.9744140625,1319.0381713867187,1271.802919921875,1130.750192260742,GESHIP.BO,2025-07-29 11:48:54.474430
231,2024-08-22 00:00:00+05:30,1363.926835034952,1363.926835034952,1334.8862529806029,1345.072509765625,39600,0.0,0.0,2024-08-22,1319.8226806640625,33.36082088834608,1353.1835015524086,1286.4618597757164,1386.5443224407547,1253.1010388873704,49.55402901106509,62.440980845869916,8010806,73096.54857361123,106148.40159195107,1056.155604705188,64.75634772938402,1347.96186592706,1361.037478873517,1331.996896819168,1377.0024479814092,1318.9212838727108,1390.0780609278663,1302.9563147648187,-0.15179173494794262,-26.080068399736252,20.329470096459318,20.778100043727864,-0.44862994726854666,56.29981420793927,27.17033615072947,1347.21748046875,1319.8226806640625,1268.8166674804688,1127.1015783691407,GESHIP.BO,2025-07-29 11:48:54.474430
232,2024-08-21 00:00:00+05:30,1328.079062372182,1369.2647929901125,1323.2798751272703,1351.2919921875,35221,0.0,0.0,2024-08-21,1317.2324157714843,33.308283024798556,1350.5406987962829,1283.9241327466857,1383.8489818210815,1250.6158497218871,57.36913482660854,64.19654988890608,8050406,65314.08904244877,114411.36484653603,1055.4600270170351,54.954506425866846,1347.9455534349609,1372.6112317426514,1326.6263138798092,1393.930471297803,1301.9606355721187,1418.5961496054936,1280.641396016967,-0.14556386459961468,-22.37518228449316,20.717856554726495,20.890257530545,-0.17240097581850478,57.415967915554994,27.639223436724162,1346.48291015625,1317.2324157714843,1265.0282470703125,1123.1427062988282,GESHIP.BO,2025-07-29 11:48:54.474430
233,2024-08-20 00:00:00+05:30,1370.8318204353022,1370.8318204353022,1323.8674591882916,1328.5687255859375,72719,0.0,0.0,2024-08-20,1314.092822265625,32.885560462076555,1346.9783827277015,1281.2072618035486,1379.8639431897782,1248.321701341472,49.55722756487618,57.83779092302028,8015185,132583.02129678742,126685.68379755784,1054.825200236821,56.09515248844419,1341.0893350698436,1358.3112109513957,1311.346849704385,1388.0536963168543,1294.124973822833,1405.2755721984063,1264.3824884573744,-0.1392149569614395,-35.91121458020241,20.28867721270626,20.933357774499626,-0.6446805617933649,54.346035608240186,28.144178975487677,1344.2302001953126,1314.092822265625,1260.5219750976562,1118.9901647949218,GESHIP.BO,2025-07-29 11:48:54.474430
234,2024-08-19 00:00:00+05:30,1370.3912305979736,1388.8537548371255,1355.1608048554897,1359.5194091796875,93338,0.0,0.0,2024-08-19,1314.1276062011718,32.902041671685645,1347.0296478728574,1281.2255645294863,1379.9316895445431,1248.3235228578005,127.39223509814836,88.94993919881408,8087904,174140.54185171347,125211.34942275044,1053.6069720460662,55.92228162407431,1367.8446562907675,1380.5285077260453,1346.8355577444095,1401.5376062724033,1334.1517063091317,1414.221457707681,1313.1426077627737,-0.03132650731443983,-17.474188775537925,21.669690868717225,21.094527914947964,0.5751629537692615,59.79915089257054,28.669867658958534,1340.30263671875,1314.1276062011718,1254.7500903320313,1115.0186499023437,GESHIP.BO,2025-07-29 11:48:54.474430
235,2024-08-16 00:00:00+05:30,1360.8415770712106,1360.8415770712106,1323.5247281064158,1351.634765625,63090,0.0,0.0,2024-08-16,1309.2048645019531,33.11776780416836,1342.3226323061215,1276.0870966977848,1375.4404001102898,1242.9693288936164,109.27931905065297,67.22813756551615,7994566,117024.25087759434,112979.05131550969,1051.84953264329,53.73993165507394,1345.3336902675421,1367.1426524286685,1329.8258034638736,1382.650539232337,1308.0168413027473,1404.4595013934634,1292.5089544990788,-0.022409285546017402,-17.61125086399212,20.061304803638905,20.950737176505648,-0.889432372866743,58.82231958665594,28.243202315046435,1327.7819091796875,1309.2048645019531,1248.04591796875,1110.9348388671874,GESHIP.BO,2025-07-29 11:48:54.474430
236,2024-08-14 00:00:00+05:30,1344.0441132796059,1363.3391421770039,1326.0222918200163,1341.399658203125,34860,0.0,0.0,2024-08-14,1306.6975402832031,31.59985009566345,1338.2973903788666,1275.0976901875397,1369.89724047453,1243.4978400918762,107.97147819537965,67.79825686836298,7931476,64171.407150916144,111967.75142498851,1050.6808806182876,52.46896180671461,1343.5870307333817,1361.151769646747,1323.8349192897595,1380.9038810903692,1306.2701803763941,1398.4686200037345,1286.518068932772,-0.06882303550610921,-24.06540683740494,18.474642012771028,21.17309526972233,-2.6984532569513036,57.578494014522406,28.274623463441003,1321.8776611328126,1306.6975402832031,1240.1763061523438,1107.0746856689452,GESHIP.BO,2025-07-29 11:48:54.474430
237,2024-08-13 00:00:00+05:30,1317.207313426602,1372.5950066587664,1303.6420165802913,1340.0284423828125,77583,9.0,0.0,2024-08-13,1306.0470031738282,30.975605697083886,1337.022608870912,1275.0713974767443,1367.998214567996,1244.0957917796604,90.58530300016037,65.613828589633,7896616,142671.28536723286,123916.83749350661,1050.0533262025565,55.10681658582468,1338.75515520729,1373.8682938342888,1304.9153037558137,1407.708145285765,1269.802165128815,1442.8212839127639,1235.9623136773387,-0.08503803190421481,-24.93008176583738,17.17131701884773,21.847708583960152,-4.6763915651124215,57.41870297734035,28.22884231929316,1315.18935546875,1306.0470031738282,1234.0563525390626,1103.1463482666015,GESHIP.BO,2025-07-29 11:48:54.474430
238,2024-08-12 00:00:00+05:30,1284.3653478995843,1330.1399147528998,1284.3653478995843,1308.930908203125,55968,0.0,0.0,2024-08-12,1306.9340881347657,32.22869043934329,1339.162778574109,1274.7053976954223,1371.3914690134523,1242.4767072560792,3.885310251202288,37.83487953444901,7819033,100533.89278500782,119228.22552507505,1048.653514333902,54.37527225993808,1307.8120569518696,1331.258766004155,1285.4841991508395,1353.5866238051851,1262.0374900985541,1377.0333328574704,1239.709632297524,-0.12460326862656491,-44.539874581032976,15.377538591979146,23.01680647523826,-7.639267883259112,53.746138146481265,28.179539548672413,1298.501513671875,1306.9340881347657,1228.1924536132813,1098.9630603027344,GESHIP.BO,2025-07-29 11:48:54.474430
239,2024-08-09 00:00:00+05:30,1337.2908530980894,1340.4527570798864,1289.181196641283,1296.915771484375,56903,0.0,0.0,2024-08-09,1311.4580444335938,38.30182828940417,1349.759872722998,1273.1562161441898,1388.0617010124022,1234.8543878547855,-2.1628037045010284,41.27144464028649,7763065,101275.15666900373,123901.80871009183,1047.7439495283336,48.52181414341468,1308.849908401848,1328.5186201624133,1277.2470597238098,1360.1214688404516,1257.5783479632446,1379.7901806010168,1225.9754992852063,-0.2405554520611352,-52.11649915645789,15.910601569336677,24.926623446053032,-9.016021876716355,52.26868618481341,28.863212847564327,1281.952587890625,1311.4580444335938,1222.061280517578,1094.5362689208985,GESHIP.BO,2025-07-29 11:48:54.474430
240,2024-08-08 00:00:00+05:30,1298.6668166606419,1327.3186004321224,1288.9378820206978,1322.113525390625,61341,0.0,0.0,2024-08-08,1317.4218872070312,44.6743053528266,1362.0961925598579,1272.7475818542046,1406.7704979126845,1228.073276501378,7.98095538321949,47.43679633344014,7819968,111294.98322105341,129558.47172036384,1046.8554907387897,62.67220146575126,1312.7900026144816,1336.6421232082655,1298.261404796841,1351.1707210259062,1274.409284203057,1375.02284161969,1259.8806863854163,-0.17372817521635084,-36.460913442807566,17.535322913113077,27.180628915232116,-9.645306002119039,55.73446290420325,29.467453368342312,1281.952587890625,1317.4218872070312,1216.6714489746093,1090.5130603027344,GESHIP.BO,2025-07-29 11:48:54.474430
241,2024-08-07 00:00:00+05:30,1289.0352788251275,1335.4909464595614,1259.7512063303657,1307.9581298828125,65740,0.0,0.0,2024-08-07,1317.5580993652343,44.6935120504497,1362.251611415684,1272.8645873147846,1406.9451234661337,1228.1710752643348,-16.667434928170337,39.53767692668864,7758627,117999.32687544676,134124.34384519144,1045.7933878625665,57.34641223928625,1301.0667608909132,1342.3823154514607,1266.642575322265,1376.806501020109,1225.3270207617174,1418.1220555806565,1190.9028351930692,-0.18000906210074188,-45.3544298336313,16.868174886528095,29.591955415761877,-12.723780529233782,54.14813096388997,30.347939931049996,1282.4585205078124,1317.5580993652343,1209.894276123047,1086.5332147216798,GESHIP.BO,2025-07-29 11:48:54.474430
242,2024-08-06 00:00:00+05:30,1229.104991748927,1304.0177919971504,1229.104991748927,1256.5892333984375,54651,0.0,0.0,2024-08-06,1319.7811584472656,45.292613104068515,1365.0737715513342,1274.488545343197,1410.3663846554027,1229.1959322391285,-105.11758391498674,8.82568130318785,7692887,94242.63835733492,138155.59808762762,1044.704760196329,49.32909156297822,1263.2373390481716,1297.3696863474163,1222.4568860991928,1338.150139296395,1188.3245387999482,1372.2824865956397,1147.5440858509694,-0.19610949462904062,-77.62835129419217,17.152536820888827,32.77290054807032,-15.620363727181491,47.85276065253618,31.296156229350576,1290.864306640625,1319.7811584472656,1203.251357421875,1083.0526647949218,GESHIP.BO,2025-07-29 11:48:54.474430
243,2024-08-05 00:00:00+05:30,1264.7128375263808,1275.3174002584988,1220.9813229076783,1226.186279296875,54084,0.0,0.0,2024-08-05,1322.254736328125,42.950186921063086,1365.2049232491881,1279.304549407062,1408.1551101702512,1236.354362485999,-178.37337991313555,-7.199987482998989,7638236,91008.35087885073,149133.83802020078,1043.9707967739516,44.72521818541477,1240.8283341543508,1260.6753454010234,1206.339268050203,1295.1644115051713,1186.4922568035304,1315.0114227518438,1152.0031906993825,-0.22891047588896332,-96.72984305275712,22.315777332722746,36.67799147986569,-14.362214147142943,43.5973329836327,32.85175830140136,1307.3743408203125,1322.254736328125,1197.740888671875,1079.9624285888672,GESHIP.BO,2025-07-29 11:48:54.474430
244,2024-08-02 00:00:00+05:30,1313.3090037607924,1321.8218221733225,1286.1652504416984,1296.915771484375,52424,0.0,0.0,2024-08-02,1322.6098388671876,42.13574780768317,1364.7455866748708,1280.4740910595044,1406.881334482554,1238.3383432518212,-52.24784213563874,45.54243125734195,7692320,93303.49565428631,163665.2098055383,1043.3440060113073,43.092218790603496,1301.6342813664653,1317.1033122912322,1281.446740559608,1337.2908530980894,1265.9777096348412,1352.7598840228563,1245.790168827984,-0.21223974507905013,-62.509552600597694,31.582402296016426,40.26854501665142,-8.686142720634997,52.92878446933185,35.05587943018257,1329.3033935546875,1322.6098388671876,1193.1605065917968,1077.4267852783203,GESHIP.BO,2025-07-29 11:48:54.474430
245,2024-08-01 00:00:00+05:30,1361.7104069636637,1379.5629788831054,1315.0600925210297,1324.6431884765625,111089,0.0,0.0,2024-08-01,1318.054266357422,49.365064699604886,1367.4193310570267,1268.6892016578172,1416.7843957566317,1219.3241369582122,75.99169226683453,78.16351866470504,7744744,201941.67606084023,181255.63834335128,1042.4957049219336,58.5878215253778,1339.7554199602325,1364.4507473994354,1299.9478610373596,1404.2583063223083,1275.2525335981568,1428.9536337615111,1235.444974675284,-0.2168167978072878,-61.64303050005392,36.0021857487975,42.44008069681017,-6.437894948012669,57.401530960241516,35.868074896632734,1331.4437744140625,1318.054266357422,1186.9544189453125,1073.9556732177734,GESHIP.BO,2025-07-29 11:48:54.474430
246,2024-07-31 00:00:00+05:30,1357.0892309365563,1372.217654318543,1326.4916576609614,1349.987060546875,57802,0.0,0.0,2024-07-31,1312.032049560547,55.48616807306399,1367.518217633611,1256.545881487483,1423.0043857066748,1201.059713414419,130.45433664516204,89.57039765541977,7855833,107084.95536653764,176084.12891397905,1040.481257539952,75.52483555448038,1349.565457508793,1372.6392573566247,1326.9132606990431,1395.2914541663747,1303.8394608512115,1418.3652540142064,1281.1872640414615,-0.1842841417211705,-54.87978816309817,38.384629772463995,44.049554433813334,-5.664924661349339,61.83549605609992,35.90785383113683,1327.737060546875,1312.032049560547,1180.4084497070312,1070.22919921875,GESHIP.BO,2025-07-29 11:48:54.474430
247,2024-07-30 00:00:00+05:30,1340.5987447579903,1352.127629409946,1324.8866074691268,1339.139404296875,75632,0.0,0.0,2024-07-30,1303.6773193359375,61.702172405063784,1365.3794917410012,1241.9751469308737,1427.0816641460651,1180.2729745258098,103.65526667222346,86.85268859883492,7798031,138991.21867443316,193333.9223008394,1039.327175367267,69.73916365188826,1338.7178803919826,1352.5491533148383,1325.3081313740192,1365.9589023328017,1311.4768584511635,1379.7901752556575,1298.0671094332001,-0.19108071736799917,-58.82246109952777,38.35730737504423,45.465785599150664,-7.108478224106435,60.62625190033529,35.60620832367462,1316.3930908203124,1303.6773193359375,1172.9106872558593,1066.3088305664062,GESHIP.BO,2025-07-29 11:48:54.474430
248,2024-07-29 00:00:00+05:30,1323.0865423912944,1366.9154445411132,1319.29235253658,1335.83154296875,52671,0.0,0.0,2024-07-29,1295.9209228515624,66.56817823083361,1362.489101082396,1229.3527446207288,1429.0572793132296,1162.7845663898952,79.96550218902055,93.62349501277589,7722399,96555.9956699494,206919.59820744093,1037.8572201407392,73.38695820340902,1340.6797800154811,1362.0672074943823,1314.444115489849,1388.3028720200143,1293.056688010948,1409.6902994989155,1266.821023485316,-0.20072095279376445,-60.02473143657505,38.8094848851656,47.24290515517727,-8.433420270011666,60.26964446096084,35.54553305798591,1306.265234375,1295.9209228515624,1166.3272607421875,1061.993432006836,GESHIP.BO,2025-07-29 11:48:54.474430
249,2024-07-26 00:00:00+05:30,1306.109643213752,1322.1623874320214,1293.170110975668,1307.61767578125,41343,0.0,0.0,2024-07-26,1288.7482543945312,69.69649410791985,1358.444748502451,1219.0517602866114,1428.141242610371,1149.3552661786914,-28.595621651314396,75.39708431526972,7669728,74188.87038443287,234510.49884181377,1036.8363159229116,76.31014127561846,1307.6500580629797,1322.1300051502915,1293.137728693938,1336.6423345193332,1278.6577816066263,1351.122281606645,1264.1454522375845,-0.19247229240855465,-70.27930145875615,39.12616084505771,49.35126022268019,-10.225099377622477,57.20205706387145,35.48019046416728,1304.951806640625,1288.7482543945312,1159.4127124023437,1057.7134924316406,GESHIP.BO,2025-07-29 11:48:54.474430
250,2024-07-25 00:00:00+05:30,1284.1708216087777,1315.3521080656424,1266.707429512919,1306.109619140625,86987,0.0,0.0,2024-07-25,1281.2812927246093,75.33980250175755,1356.6210952263668,1205.9414902228518,1431.9608977281243,1130.6016877210943,-56.15276452081923,71.93731869205226,7628385,155915.74334800002,274590.905956159,1036.106144453548,76.74507347708978,1296.0563855730622,1325.4053416332056,1276.7606630804821,1344.7010641257857,1247.4117070203388,1374.050020185929,1228.1159845277587,-0.19167553167059187,-66.17108561978478,41.7174198524001,51.9075350670858,-10.190115214685704,57.03718144587056,36.01223790289853,1295.6411865234375,1281.2812927246093,1153.2358349609376,1053.776665649414,GESHIP.BO,2025-07-29 11:48:54.474430
251,2024-07-24 00:00:00+05:30,1284.2679481882008,1318.270524166762,1273.6146944666932,1293.2672119140625,65499,0.0,0.0,2024-07-24,1273.9967468261718,79.72837408297026,1353.725120909142,1194.2683727432016,1433.4534949921124,1114.5399986602313,-65.19239652720081,75.60857001979821,7541398,116246.24283413305,304259.69660819875,1034.5655127113728,76.60603336976061,1295.050810182506,1316.4869258983188,1271.83109619825,1339.7066398825748,1250.3949804824372,1361.1427555983876,1227.1752664981811,-0.22137156593984195,-68.18915062884908,44.5514552225834,54.45506387075722,-9.903608648173822,55.68931968623238,36.68251034826427,1294.7169189453125,1273.9967468261718,1146.1383142089844,1049.823003540039,GESHIP.BO,2025-07-29 11:48:54.474430
252,2024-07-23 00:00:00+05:30,1351.3003236513025,1353.051579383722,1225.8457594991837,1288.5001220703125,166121,0.0,0.0,2024-07-23,1267.2254150390625,83.65956877894797,1350.8849838180104,1183.5658462601145,1434.5445525969585,1099.9062774811664,-87.25456698774497,75.56747381195567,7475899,293741.28424887126,351263.0600517151,1033.4492175800217,76.58764957831288,1289.132486984406,1352.419214469628,1225.2133945850899,1416.338306868944,1161.9266670998677,1479.6250343541662,1098.0075747005517,-0.22675715842125285,-65.62501907421225,48.769639776076474,56.93096603280067,-8.161326256724195,55.20452776044734,37.23828063675867,1301.741259765625,1267.2254150390625,1139.1737890625,1045.6771783447266,GESHIP.BO,2025-07-29 11:48:54.474430
253,2024-07-22 00:00:00+05:30,1250.1194249833811,1380.1466618552506,1233.6289280631268,1329.264404296875,282520,0.0,0.0,2024-07-22,1261.0937561035157,86.46524318849012,1347.5589992920059,1174.6285129150256,1434.024242480496,1088.1632697265354,-56.83836256704285,97.24977794729203,7642020,515366.9464548222,365643.50400242605,1030.6270972250009,81.06413165578962,1314.3466647384175,1395.0644014137083,1248.5466676215844,1460.8643985305414,1167.8289309462937,1541.5821352058322,1102.0289338294606,-0.23336476780647814,-52.5219629657973,53.9007464272654,58.971297596981714,-5.07055116971631,60.45251071443244,37.836802485906475,1315.595263671875,1261.0937561035157,1131.7501281738282,1041.574736328125,GESHIP.BO,2025-07-29 11:48:54.474430
254,2024-07-19 00:00:00+05:30,1298.8128925353653,1311.2172853292423,1254.7407671043163,1261.0645751953125,69985,0.0,0.0,2024-07-19,1251.4645446777345,89.15556916604407,1340.6201138437787,1162.3089755116903,1429.7756830098226,1073.1534063456463,-94.46823445930426,75.96223080774847,7359500,121115.09702912104,328212.643389327,1024.8995614618366,77.68808753911107,1275.6742092096238,1296.6076513149312,1240.1311330900053,1332.1507274345497,1219.1976909846978,1353.0841695398572,1183.6546148650793,-0.2888748764493035,-73.38193203170995,55.63877568674343,60.238935389410784,-4.600159702667355,53.59904671926421,38.3145365735021,1329.6243896484375,1251.4645446777345,1124.0990026855468,1037.151348876953,GESHIP.BO,2025-07-29 11:48:54.474430
255,2024-07-18 00:00:00+05:30,1328.7779914636385,1341.8633615504111,1281.9817190460792,1301.48828125,133459,0.0,0.0,2024-07-18,1245.7439270019531,92.12821383027007,1337.8721408322233,1153.615713171683,1430.0003546624932,1061.487499341413,-31.100798723800793,101.89670280983825,7429485,238365.8947402988,379987.02997937845,1023.7721996946367,80.39808935817221,1308.4444539488302,1334.9071888515812,1275.0255463472492,1368.326096453162,1248.5628114444983,1394.788831355913,1215.1439038429173,-0.2806330000497907,-58.694726246501666,63.73761789733885,61.388975315077616,2.3486425822612347,59.249785796584085,39.66938815427057,1360.65,1245.7439270019531,1117.5717919921874,1033.3532733154298,GESHIP.BO,2025-07-29 11:48:54.474430
256,2024-07-16 00:00:00+05:30,1358.3053935585413,1374.1634876333794,1314.379224731048,1328.388916015625,67285,0.0,0.0,2024-07-16,1238.549383544922,93.15852189558592,1331.7079054405078,1145.390861649336,1424.8664273360937,1052.2323397537502,19.06401287230742,127.49791200037448,7562944,122659.01941805334,415392.31378914835,1021.2208898026237,82.72897224258139,1338.9772094600175,1363.575194188987,1303.7909312866557,1398.761472362349,1279.1929465576861,1423.3594570913185,1244.0066683843243,-0.2814910731258109,-48.897466787664406,69.15974607222529,60.8018146695123,8.357931402712993,63.37897402526782,40.55013897769035,1365.3198974609375,1238.549383544922,1110.5828942871094,1029.3834216308594,GESHIP.BO,2025-07-29 11:48:54.474430
257,2024-07-15 00:00:00+05:30,1408.701092452514,1415.4140813387473,1346.4846007808267,1357.7701416015625,96477,0.0,0.0,2024-07-15,1231.7926330566406,91.17916398620422,1322.9717970428449,1140.6134690704364,1414.150961029049,1049.4343050842322,57.669683844702206,156.02363608032147,7630229,179765.36996002175,488575.6373819221,1019.7915853736984,85.24919918249331,1373.2229412403788,1399.9612816999309,1331.0318011420102,1442.1524217982994,1304.293460682458,1468.8907622578515,1262.1023205840895,-0.2789311023700984,-40.573370767582674,72.40453332569678,58.71233181883404,13.692201506862737,68.19925500642191,40.77007932572062,1370.1259765625,1231.7926330566406,1103.7371728515625,1025.1821966552734,GESHIP.BO,2025-07-29 11:48:54.474430
258,2024-07-12 00:00:00+05:30,1440.6120501532116,1483.41936415405,1383.8923115975356,1399.4100341796875,403196,0.0,0.0,2024-07-12,1223.0268676757812,86.75017726755834,1309.7770449433397,1136.2766904082227,1396.527222210898,1049.5265131406645,108.56150494835379,197.5770288769368,7726706,774314.1344852007,565778.2042373972,1017.5214553997452,87.93515839032656,1422.240569977091,1460.5888283566462,1361.0617758001317,1521.7676225336054,1322.7135174205764,1560.1158809131607,1261.5347232436172,-0.25254754787719425,-28.776229662206234,72.56820034515204,55.289281442118345,17.27891890303369,75.78473626432799,40.2344899096989,1359.7841064453125,1223.0268676757812,1096.8154296875,1020.5432989501953,GESHIP.BO,2025-07-29 11:48:54.474430
259,2024-07-11 00:00:00+05:30,1346.533467255282,1500.9803300025997,1337.7287324570839,1416.192626953125,796308,0.0,0.0,2024-07-11,1210.7829956054688,77.31292125480182,1288.0959168602706,1133.4700743506671,1365.4088381150725,1056.1571530958652,138.1738021081403,206.79642648939708,8129902,1547602.4063543624,513644.2216754462,1006.491950489147,86.06567700290702,1418.300563137603,1498.872393818122,1335.6207962726062,1581.5521606831187,1255.0489655920871,1662.1239913636377,1172.3691987270904,-0.16965646600431272,-23.125906101856508,67.57732702759176,50.969551716359916,16.607775311231848,79.07585821725768,38.68420284371775,1326.559765625,1210.7829956054688,1089.6229907226561,1015.4613275146485,GESHIP.BO,2025-07-29 11:48:54.474430
260,2024-07-10 00:00:00+05:30,1366.1370515257192,1366.1370515257192,1280.7656440054886,1324.8377685546875,179739,0.0,0.0,2024-07-10,1196.3963317871094,62.413313369127074,1258.8096451562365,1133.9830184179823,1321.2229585253635,1071.5697050488552,96.41098902913194,153.66457726453473,7333594,326784.16979618766,255154.67550571717,981.7087205225806,74.73760667144589,1323.9134880286317,1367.0613320517748,1281.6899245315442,1409.2848955488623,1238.542080508401,1452.4327395720054,1196.3185170113136,-0.2413812757047911,-30.203864462642713,58.51076679442781,46.81760788855195,11.693158905875862,73.19032712174662,37.014662926507285,1284.4821044921875,1196.3963317871094,1081.9415112304687,1010.1434100341797,GESHIP.BO,2025-07-29 11:48:54.474430
261,2024-07-09 00:00:00+05:30,1352.3707381023792,1386.7625016330219,1334.3235150929086,1352.4193115234375,141253,0.0,0.0,2024-07-09,1187.209783935547,55.67050015943452,1242.8802840949816,1131.5392837761124,1298.550784254416,1075.868783616678,178.8313512915983,185.70637167318372,7513333,262159.15730976715,237247.30193309954,976.958863216662,84.36443019745788,1357.8351094164561,1381.3467037400037,1328.9077171998904,1410.2740959565695,1305.3961228763428,1433.785690280117,1276.468730659777,-0.2792373997336748,-20.489961043398445,55.01336487159574,43.89431816208298,11.119046709512759,79.45596886076167,36.322397480144645,1260.3543212890625,1187.209783935547,1076.2548071289064,1005.9743615722656,GESHIP.BO,2025-07-29 11:48:54.474430
262,2024-07-08 00:00:00+05:30,1274.4417532474354,1410.5982656014548,1270.4529137735765,1306.060791015625,380577,0.0,0.0,2024-07-08,1177.3713928222655,40.164625923045335,1217.536018745311,1137.2067668992202,1257.7006446683563,1097.0421409761748,252.91852550910042,175.97057132676147,7372080,682121.7830552099,231019.33808893262,972.829404842333,80.22728119968333,1329.037323463552,1387.6217331535274,1247.476381325649,1469.1826752914303,1188.8919716356736,1527.7670849814058,1107.3310294977707,-0.2492186227338144,-36.816900815483066,46.98573067996267,41.11455648470479,5.871174195257879,76.28746418305457,33.84141469026428,1226.4489501953126,1177.3713928222655,1069.8954809570312,1001.8598095703124,GESHIP.BO,2025-07-29 11:48:54.474430
263,2024-07-05 00:00:00+05:30,1216.3599613330869,1259.6050250312908,1206.4850696683648,1233.288330078125,103933,0.0,0.0,2024-07-05,1168.3672729492187,28.199983209970146,1196.567256159189,1140.1672897392484,1224.767239369159,1111.9673065292784,165.68603361193436,114.11750357312968,6991503,175903.33513986674,118243.72684736329,962.653252959401,71.81703592358028,1233.1261415925935,1259.7672135168223,1206.6472581538962,1286.2460969555195,1180.0061862296675,1312.8871688797483,1153.5273027909702,-0.015793752844837416,-19.795088042142226,40.561633156141625,39.64676293589032,0.9148702202513022,69.4111420266393,31.169587070393117,1202.0390869140624,1168.3672729492187,1064.123203125,998.254273071289,GESHIP.BO,2025-07-29 11:48:54.474430
264,2024-07-04 00:00:00+05:30,1216.1169694376088,1238.9312762796892,1196.367182349373,1205.8043212890625,73125,0.0,0.0,2024-07-04,1158.7015808105468,36.642651064920905,1195.3442318754678,1122.0589297456258,1231.9868829403886,1085.416278680705,129.384902202306,105.62189932697878,6887570,121003.71485540134,103828.82477423741,960.3772661112445,70.57736596406787,1213.700926639375,1231.034670929377,1188.4705769990608,1256.2650205696912,1171.1368327090588,1273.5987648596931,1145.9064830687446,-0.010389330299678009,-29.506024894644867,38.88925621939529,39.41804538082749,-0.5287891614322007,65.94861948632001,29.746348365901877,1193.8570556640625,1158.7015808105468,1058.8574743652343,995.506597290039,GESHIP.BO,2025-07-29 11:48:54.474430
265,2024-07-03 00:00:00+05:30,1187.3677485619282,1211.252329962539,1177.2010596423072,1204.1988525390625,68201,0.0,0.0,2024-07-03,1149.626904296875,45.71433888191806,1195.341243178793,1103.9125654149568,1241.055582060711,1058.198226533039,105.10565900939626,99.34341075490045,6814445,112705.45590033934,99535.10225394642,958.9164422713458,69.2920086453634,1197.550747381303,1217.9004351202987,1183.8491648000668,1231.6020177015348,1163.499477061071,1251.9517054405305,1149.797894479835,0.0429032670466859,-19.117626858902153,38.865634245977844,39.550242671185536,-0.684608425207692,65.73762491783111,28.534233464697653,1184.3518798828125,1149.626904296875,1054.380556640625,992.6291540527344,GESHIP.BO,2025-07-29 11:48:54.474430
266,2024-07-02 00:00:00+05:30,1195.0050505451507,1216.0680983479035,1174.0391495719532,1182.8924560546875,25982,0.0,0.0,2024-07-02,1137.3246704101562,60.85488530360165,1198.1795557137577,1076.4697851065546,1259.0344410173595,1015.6148998029529,112.05741239477828,100.52176354723537,6746244,42176.819689267664,96242.51384234817,957.5471872991336,64.04109741680628,1190.999901324848,1207.9606530777428,1165.9317043017925,1233.0288501007983,1148.9709525488977,1249.989601853693,1123.9027555258422,0.006246642566973148,-40.913767697299846,38.40463206226946,39.72139477748746,-1.3167627152180046,62.91320865795671,27.70999874524506,1175.595849609375,1137.3246704101562,1049.5327514648438,989.7223358154297,GESHIP.BO,2025-07-29 11:48:54.474430
267,2024-07-01 00:00:00+05:30,1207.0204312905926,1207.0204312905926,1175.5959214771635,1184.011474609375,50138,0.0,0.0,2024-07-01,1129.950146484375,63.90254274320123,1193.852689227576,1066.0476037411738,1257.7552319707775,1002.1450609979725,90.07606924111785,105.79909158055027,6772226,81466.47137816009,109758.9373806183,957.0669313144883,56.53721264330876,1188.8759424590437,1202.1559634409239,1170.7314536274948,1220.3004522724727,1157.4514326456147,1233.580473254353,1139.3069438140658,-0.005360209150757371,-39.758949014095975,39.33087843443309,40.05058545629196,-0.7197070218588735,63.16733734822957,26.822361355065343,1170.5854736328124,1129.950146484375,1045.3502062988282,987.2254431152344,GESHIP.BO,2025-07-29 11:48:54.474430
268,2024-06-28 00:00:00+05:30,1165.9155198198061,1222.5378704053055,1161.0996260449936,1192.378173828125,100371,0.0,0.0,2024-06-28,1123.0912475585938,65.14438413244812,1188.2356316910418,1057.9468634261457,1253.3800158234899,992.8024792936975,123.42525595878682,116.57791092200377,6822364,164239.7432092936,116832.05388123286,956.129739934348,64.75011170566216,1192.0052234261414,1222.9108208072892,1161.4725764469772,1253.4434677864533,1130.5669790658294,1284.349065167601,1100.0343320866652,0.044349658082418496,-31.124518984485555,39.810625698189824,40.230512211756675,-0.41988651356685125,64.98902811501799,26.02266438906973,1166.9565673828124,1123.0912475585938,1040.6546325683594,984.7575848388672,GESHIP.BO,2025-07-29 11:48:54.474430
269,2024-06-27 00:00:00+05:30,1162.6564632781567,1169.1748024399913,1148.014368112494,1158.2784423828125,64533,0.0,0.0,2024-06-27,1113.5909515380858,68.28705271473012,1181.878004252816,1045.3038988233557,1250.1650569675462,977.0168461086256,-40.158365945377575,96.59926075931838,6721993,102577.19450652465,104980.13154921765,954.1603850949447,75.23427096202268,1158.489204311766,1168.9640405110379,1147.8036061835405,1179.6496386392632,1137.3287699842685,1190.1244748385352,1126.6431718560432,0.0314014757266986,-34.446248119976296,38.997663170422584,40.335483840148385,-1.3378206697258008,60.70155189347379,25.161452271843682,1155.8169677734375,1113.5909515380858,1035.0514721679688,982.2150506591797,GESHIP.BO,2025-07-29 11:48:54.474430
270,2024-06-26 00:00:00+05:30,1171.2664872532844,1179.292858483356,1156.7703506127514,1160.418701171875,58203,0.0,0.0,2024-06-26,1107.0482391357423,70.02665142943152,1177.0748905651737,1037.0215877063108,1247.1015419946052,966.9949362768792,12.507913867665147,110.63259181300997,6786526,92686.41363644376,105580.86580989088,953.0605085237496,80.34803674432985,1165.4939700893274,1174.2175895659034,1151.6950816952988,1188.016477959932,1142.9714622187228,1196.740097436508,1129.1725738246942,0.31030109514123294,-30.0171704588189,40.7242579829649,40.669939007579835,0.05431897538506547,61.13784909196983,25.223178932791868,1153.4917236328124,1107.0482391357423,1030.117919921875,980.3939880371094,GESHIP.BO,2025-07-29 11:48:54.474430
271,2024-06-25 00:00:00+05:30,1168.7370550576231,1185.081595244118,1152.6843116757657,1157.840576171875,23989,0.0,0.0,2024-06-25,1098.1900482177734,74.01207021866595,1172.2021184364394,1024.1779779991075,1246.2141886551053,950.1659077804416,18.73339323978141,119.82366055189749,6728323,38116.84079005676,108804.47885325266,952.0478500388188,80.07158498160192,1165.2021610305862,1177.7200103854068,1145.3227268170544,1197.5994445989386,1132.804877462234,1210.1172939537591,1112.925443248702,0.32416655908094305,-22.72807118295344,42.107005279145824,40.65635926373357,1.4506460154122536,60.822610503995975,24.981496922636403,1152.9274658203126,1098.1900482177734,1025.6512622070313,978.3267407226563,GESHIP.BO,2025-07-29 11:48:54.474430
272,2024-06-24 00:00:00+05:30,1140.9608926275275,1204.4421957560255,1134.3451690881132,1165.866943359375,109844,0.0,0.0,2024-06-24,1089.0886291503907,77.40507978645807,1166.4937089368489,1011.6835493639327,1243.8987887233068,934.2784695774745,37.25044968267172,133.86502586656377,6752312,175744.3276565915,126476.38836905162,951.632787396629,77.37269479750981,1168.2181027345046,1202.091036380896,1131.9940097129836,1238.315129402417,1098.1210760665922,1272.1880630488083,1061.8969830450712,0.3255020478812994,-17.221107328570127,43.49326215411793,40.2936977598805,3.1995643942374272,62.2827401087537,24.721223988622828,1160.0101318359375,1089.0886291503907,1021.3333435058594,975.9630072021484,GESHIP.BO,2025-07-29 11:48:54.474430
273,2024-06-21 00:00:00+05:30,1169.3693758953814,1169.3693758953814,1126.6594432933387,1136.68017578125,46888,0.0,0.0,2024-06-21,1079.8485717773438,78.77544064386687,1158.6240124212106,1001.0731311334769,1237.3994530650775,922.29769048961,-38.5289639287781,119.74400129819769,6642468,73140.17289580534,114159.40354716666,949.6358429674768,76.36917470194909,1144.2363316566568,1161.813220019975,1119.1032874179323,1186.9462642586996,1101.526399054614,1204.5231526220177,1076.3933548158896,0.3283882682248569,-26.50470926343713,43.81862665506128,39.493806661321145,4.324819993740135,58.95690828275704,24.44093005968513,1163.3277099609375,1079.8485717773438,1016.7863012695312,973.3685235595703,GESHIP.BO,2025-07-29 11:48:54.474430
274,2024-06-20 00:00:00+05:30,1167.4234735425186,1174.1851544258302,1140.4256797102287,1146.6522216796875,28532,0.0,0.0,2024-06-20,1072.8729217529296,79.65022852240644,1152.523150275336,993.2226932305232,1232.1733787977425,913.5724647081167,23.94484321732324,140.6908147607723,6689356,44897.26859029615,124414.21121000696,948.8886398941788,81.09533111481494,1153.754351938582,1167.0830241669353,1133.3235494513337,1187.5138266541835,1119.9948772229804,1200.8424988825368,1099.5640747357322,0.26190691764401786,-23.332843644899043,46.44572760858341,38.41260166288611,8.0331259456973,60.65315864407134,24.77395248446024,1166.898193359375,1072.8729217529296,1013.9100390625,971.1416241455078,GESHIP.BO,2025-07-29 11:48:54.474430
275,2024-06-19 00:00:00+05:30,1205.366463535312,1205.366463535312,1148.0631262023483,1157.597412109375,29749,0.0,0.0,2024-06-19,1064.8708801269531,79.88677272557774,1144.7576528525308,984.9841074013754,1224.6444255781087,905.0973346757976,60.03669156279075,173.4653630223767,6717888,47259.15013238257,144293.44686493467,948.4067276873523,81.39726417509286,1170.3423339490118,1192.6215416956754,1135.3182043627116,1227.6456712819756,1113.038996616048,1249.9248790286392,1078.0148670297478,0.26035983807917074,-19.85144438482167,48.12339434531373,36.40432017646178,11.719074168851947,62.48664088840058,24.72760530866602,1163.259619140625,1064.8708801269531,1010.55423828125,968.6815533447266,GESHIP.BO,2025-07-29 11:48:54.474430
276,2024-06-18 00:00:00+05:30,1197.7291927046062,1220.0084781390135,1182.5520774943946,1193.25390625,64760,0.0,0.0,2024-06-18,1056.8582458496094,78.11380301037433,1134.9720488599837,978.744442839235,1213.085851870358,900.6306398288607,95.43186655655423,227.94768948203793,6747637,106046.34222444483,168552.02104807267,947.8738728134499,93.90737964286662,1198.6048206278026,1214.6575637612107,1177.2011631165917,1236.0612212724216,1161.1484199831837,1252.1139644058296,1139.7447624719728,0.23680551265165237,-8.509979554623241,48.46423839251702,33.47455163424879,14.989686758268228,68.7733919978029,24.45488059674444,1159.9614990234375,1056.8582458496094,1006.8823571777343,966.3443859863281,GESHIP.BO,2025-07-29 11:48:54.474430
277,2024-06-14 00:00:00+05:30,1166.0616015638673,1207.4095770738754,1143.2471767609056,1182.454833984375,72810,0.0,0.0,2024-06-14,1045.9504974365234,73.13822059748773,1119.0887180340112,972.8122768390357,1192.2269386314988,899.674056241548,89.40613849059928,228.52225675631755,6682877,118149.41635277672,184178.44075397964,946.5056552752642,92.78464422141812,1177.7038626063852,1212.1605484518648,1147.998148138895,1241.866262919355,1113.5414622934154,1276.3229487648346,1083.8357478259252,0.23053259621878028,-8.268864571135659,44.65469099376105,29.727129944681728,14.927561049079323,67.86413464725183,23.102756926140003,1152.441015625,1045.9504974365234,1002.0000305175781,963.4429064941406,GESHIP.BO,2025-07-29 11:48:54.474430
278,2024-06-13 00:00:00+05:30,1136.923245337523,1165.9155172292803,1126.6105986701978,1154.5325927734375,42115,0.0,0.0,2024-06-13,1037.3261596679688,66.01774221663065,1103.3439018845995,971.3084174513382,1169.36164410123,905.2906752347075,77.53622681914351,210.43759282548626,6610067,66726.59921734779,200685.69685428034,945.0171520970357,92.1756277481658,1149.0195695576385,1171.4285404450793,1132.1236218859967,1188.324488116721,1109.714650998556,1210.733459004162,1092.8187033269141,0.21395009875107746,-8.264646176389045,40.164274683729445,25.9952396824119,14.169035001317546,65.44907020702942,21.814996681625715,1141.1457275390626,1037.3261596679688,997.3289221191407,960.7085717773438,GESHIP.BO,2025-07-29 11:48:54.474430
279,2024-06-12 00:00:00+05:30,1141.7879458761072,1156.576000379686,1125.6379352931588,1128.4593505859375,26293,0.0,0.0,2024-06-12,1029.104736328125,60.67568659435673,1089.7804229224816,968.4290497337682,1150.4561095168385,907.7533631394115,83.64423560755958,208.68342743250983,6567952,40717.58854081082,234175.47126351343,944.2498246099547,90.84102871829427,1136.8910954195942,1148.1442555460296,1117.2061904595023,1167.8291605061215,1105.9530303330669,1179.082320632557,1086.268125372975,0.20541361797606872,-17.873714649704823,36.55654915327045,22.45298093208251,14.103568221187942,63.040817752093965,21.032306236194252,1118.2341064453126,1029.104736328125,993.2953332519531,958.3722387695312,GESHIP.BO,2025-07-29 11:48:54.474430
280,2024-06-11 00:00:00+05:30,1166.6938393529406,1166.6938393529406,1129.5780472843414,1141.1068115234375,80260,0.0,0.0,2024-06-11,1022.620458984375,56.26859878528665,1078.8890577696616,966.3518601990884,1135.1576565549483,910.0832614138017,123.38699857269307,242.45339911649523,6594245,125684.41894011946,282539.9419441891,943.8276673265453,92.41794168614535,1145.7928993869066,1162.0077514894717,1124.8919594208726,1182.9086914555057,1108.6771073183074,1199.1235435580709,1087.7761673522734,0.18438217062472853,-13.212602031332874,33.951499422084,18.927088876785525,15.024410545298473,65.08484634896624,20.336162626688427,1097.40439453125,1022.620458984375,989.6974645996094,956.2649322509766,GESHIP.BO,2025-07-29 11:48:54.474430
281,2024-06-10 00:00:00+05:30,1140.0366202580506,1176.9578800892048,1125.6377493392931,1155.6514892578125,93616,0.0,0.0,2024-06-10,1013.1267974853515,50.99609238672593,1064.1228898720774,962.1307050986256,1115.1189822588033,911.1346127118996,189.73524063514301,279.79640205923164,6674505,148468.0322462141,321753.82269520644,942.4378708975623,93.97891660863108,1152.7490395621035,1179.8603297849138,1128.5401990350022,1204.069170312015,1101.4289088121918,1231.1804605348254,1077.2200682850905,0.2127170400461834,-7.8522865298366815,28.856246425097538,15.170986240460904,13.685260184636634,67.41792683062201,19.475288008245954,1060.8138671875,1013.1267974853515,985.3864892578125,953.9890344238281,GESHIP.BO,2025-07-29 11:48:54.474430
282,2024-06-07 00:00:00+05:30,1040.8016294244735,1166.4021704748236,1040.8016294244735,1125.9783935546875,481625,0.0,0.0,2024-06-07,1002.5962707519532,40.72758131000261,1043.3238520619557,961.8686894419506,1084.0514333719584,921.1411081319479,200.37711448409638,231.81592641032074,6580889,744209.2563672181,365075.2703074545,940.6713479411509,94.06522906915859,1111.0607311513284,1181.3198328781832,1055.719291827833,1236.6612722016785,985.4601901009783,1306.9203739285333,930.118750777483,0.20774791246808563,-15.50085077919425,20.46313233503861,11.749671194301744,8.713461140736865,65.04357364624678,18.548192265307904,1036.76396484375,1002.5962707519532,981.2571655273438,951.6069665527343,GESHIP.BO,2025-07-29 11:48:54.474430
283,2024-06-06 00:00:00+05:30,1025.1865532113304,1052.6707953258926,1021.4895103072827,1039.9744873046875,55714,0.0,0.0,2024-06-06,992.1632049560546,33.55152912111858,1025.7147340771733,958.611675834936,1059.2662631982919,925.0601467138175,90.29987877398975,106.96995388987003,6099264,79513.89237927494,270291.77379251353,932.4209843788774,91.41388184744098,1038.0449309792875,1054.6003516512924,1023.4190666326824,1069.2262159978975,1006.8636459606776,1085.7816366699024,992.2377816140724,0.19235033463803847,-27.354046512323126,12.32970580663391,9.571305909117527,2.7583998975163837,56.514367314011714,17.688531345311233,1020.9349853515625,992.1632049560546,977.4583544921875,949.5822027587891,GESHIP.BO,2025-07-29 11:48:54.474430
284,2024-06-05 00:00:00+05:30,977.3200517370044,1028.8347690716244,946.4793191236818,1024.310791015625,48698,0.0,0.0,2024-06-05,987.499887084961,33.034042632042336,1020.5339297170033,954.4658444529186,1053.5679723490457,921.4318018208763,-11.405871644519513,32.608132989641284,6043550,68454.00493546732,317986.2441458232,931.8641787985886,91.5037405324431,999.874959736977,1053.2706003502722,970.9151504023296,1082.2304096849196,917.5195097890344,1135.6260502982148,888.559700454387,0.19251899573335213,-35.8233324412361,10.199723127363768,8.88170593473843,1.3180171926253372,54.643110117936814,18.697345200813533,1013.4145385742188,987.499887084961,975.2872094726563,948.4127459716797,GESHIP.BO,2025-07-29 11:48:54.474430
285,2024-06-04 00:00:00+05:30,1041.4338377016163,1041.4338377016163,905.617923881119,958.1541748046875,77881,0.0,0.0,2024-06-04,983.0195495605469,33.84531512211156,1016.8648646826584,949.1742344384354,1050.71017980477,915.3289193163238,-113.19036762915151,-34.07969027438544,5994852,102405.41077420114,380369.3039484121,931.4439493524906,90.57785070671561,968.4019787958076,1031.1860337104963,895.3701198899989,1104.2178926163049,832.5860649753104,1167.0019475309934,759.5542060695017,0.18547316318685805,-71.59389951811623,8.860795344836902,8.552201636582097,0.30859370825480426,45.43116280717736,19.937940824953117,1014.0372192382813,983.0195495605469,973.823759765625,947.5915832519531,GESHIP.BO,2025-07-29 11:48:54.474430
286,2024-06-03 00:00:00+05:30,1088.424676882148,1090.5649952226215,1017.6953621437383,1035.4019775390625,65385,0.0,0.0,2024-06-03,982.7140106201172,34.10816379016868,1016.8221744102858,948.6058468299485,1050.9303382004546,914.4976830397798,160.46731246556163,136.25038515148125,6072733,92905.8597583194,449860.2772419648,931.2483523721859,92.97516228691325,1047.8874449684743,1078.0795277932102,1005.209894714327,1120.7570780473575,975.017811889591,1150.9491608720934,932.3402616354438,0.18740723201682685,-44.021718202220974,13.527731896393334,8.475053209518396,5.052678686874938,58.26036641721169,21.27396688171882,1019.0573608398438,982.7140106201172,973.9730651855468,947.2696697998047,GESHIP.BO,2025-07-29 11:48:54.474430
287,2024-05-31 00:00:00+05:30,1002.7613692462002,1062.010612247657,990.3570354343514,1046.83349609375,103552,0.0,0.0,2024-05-31,980.2490539550781,31.803601263835564,1012.0526552189137,948.4454526912425,1043.8562564827494,916.641851427407,155.0107425818988,112.36591467510138,6138118,148762.02801432993,539098.8816128762,930.6040587106193,59.5449788145996,1033.0670479252528,1075.7770604161542,1004.1234836028486,1104.7206247385584,961.4134711119472,1147.43063722946,932.469906789543,0.19200300427383812,-14.460906900149123,11.690121122706955,7.211883537799661,4.478237584907294,60.61198797294656,19.842255076779384,1007.139404296875,980.2490539550781,972.2363439941406,946.124642944336,GESHIP.BO,2025-07-29 11:48:54.474430
288,2024-05-30 00:00:00+05:30,1027.4728352840589,1044.8389610761355,997.9455403432707,1002.3722534179688,27308,0.0,0.0,2024-05-30,978.4915283203125,28.75553774751515,1007.2470660678276,949.7359905727973,1036.0026038153428,920.9804528252821,83.34875338200315,78.50201560399454,6034566,37564.26703286493,636683.0950125128,929.4541014573739,59.28568804544704,1015.0522516124583,1032.158962881646,985.2655421487812,1061.9456723453231,968.1588308795936,1079.0523836145107,938.3721214159164,0.17716036648337155,-41.289407271332024,8.034468060514769,6.092324141572837,1.942143918941932,53.88945355718158,18.831900319984005,993.9858642578125,978.4915283203125,969.7336669921875,944.9102575683594,GESHIP.BO,2025-07-29 11:48:54.474430
289,2024-05-29 00:00:00+05:30,987.3896043774049,1045.8117858711144,972.9421007498854,1027.4241943359375,2295734,0.0,0.0,2024-05-29,980.3623199462891,31.479082269607375,1011.8414022158964,948.8832376766817,1043.3204844855038,917.4041554070743,109.35278400545404,83.18701653744834,6061874,3236885.5450893734,786462.8020074246,929.2633502777344,59.31224851688274,1015.3926936523125,1057.8432865547395,984.9736014335106,1088.2623787735415,942.5230085310835,1130.7129716759684,912.1039163122816,0.18065383072385452,-26.172735631772035,7.611148751072733,5.606788161837354,2.004360589235379,59.17327545750527,18.09742272113844,992.9448486328125,980.3623199462891,967.0112573242187,944.1149291992188,GESHIP.BO,2025-07-29 11:48:54.474430
290,2024-05-28 00:00:00+05:30,995.3673599161546,995.3673599161546,965.2563522701619,983.2548828125,39386,0.0,0.0,2024-05-28,980.5970428466796,31.863620417060297,1012.4606632637399,948.7334224296194,1044.3242836808001,916.869802012559,-96.54393848689412,10.165052318675782,3766140,53145.19156538013,173857.11623693744,901.5899849965034,29.05291322318803,981.2928649996055,997.3293777290492,967.2183700830565,1011.4038726455982,951.1818573536128,1027.4403853750418,937.1073624370638,-0.0346551588756404,-52.82508089442307,4.486614715228598,5.1056980145285085,-0.6190832992999109,51.36557459749736,17.306446845458602,984.7822875976562,980.5970428466796,964.3546716308593,943.1287091064453,GESHIP.BO,2025-07-29 11:48:54.474430
291,2024-05-27 00:00:00+05:30,997.5077676972595,1003.1504788232423,972.5530253036592,975.8121948242188,17140,0.0,0.0,2024-05-27,983.4594268798828,34.57125232354814,1018.030679203431,948.8881745563347,1052.6019315269791,914.3169222327865,-44.341184801143235,18.159964001947348,3726754,22952.66125912882,204035.09740482675,901.1930813871174,29.32021973543698,983.8385663170401,995.124107330421,964.5266538108378,1014.4360198366232,953.2411127974569,1025.7215608500042,933.9292002912547,-0.039509492568055214,-57.316097011814875,4.768293263081205,5.260468839353486,-0.49217557627228103,49.86598661072117,17.61293339353464,987.6002563476562,983.4594268798828,963.1721533203125,942.7266235351562,GESHIP.BO,2025-07-29 11:48:54.474430
292,2024-05-24 00:00:00+05:30,1001.9830054394355,1006.0205370798635,970.8017223167793,981.0657958984375,48471,0.0,0.0,2024-05-24,986.3914672851563,36.330490079286186,1022.7219573644425,950.0609772058701,1059.0524474437286,913.730487126584,-13.910471840835966,24.54765411384067,3743894,65258.352101577395,249305.7064412512,901.0349244761114,29.254960716485286,985.9626850983601,1001.1236478799409,965.9048331168567,1021.1814998614443,950.7438703352759,1036.342462643025,930.6860183537725,-0.03908188809505408,-54.146004817192065,5.789672292691648,5.383512733421556,0.4061595592700922,50.89423596856044,17.689674073491055,987.4576049804688,986.3914672851563,962.8539721679688,942.5726385498047,GESHIP.BO,2025-07-29 11:48:54.474430
293,2024-05-23 00:00:00+05:30,1005.9232170561551,1017.6466315880991,990.1623893869865,997.1671752929688,380496,10.8,0.0,2024-05-23,988.2105224609375,36.955224353237455,1025.165746814175,951.2552981077,1062.1209711674123,914.3000737544626,44.99540455425335,60.08320088575657,3792365,520683.79080065317,295317.5450261696,900.5523351120378,29.482136843393278,1001.6587320893515,1013.1550747917164,985.6708325906038,1029.142974290464,974.1744898882389,1040.639316992829,958.1865903894912,-0.03025277186315429,-44.43022007827287,6.492224546130615,5.2819728436040325,1.2102517025265822,54.06909945706501,17.772317882674887,993.2380615234375,988.2105224609375,962.1839685058594,942.2104266357422,GESHIP.BO,2025-07-29 11:48:54.474430
294,2024-05-22 00:00:00+05:30,1008.9928061291798,1009.2334665266962,985.7449882271053,986.6113891601562,26755,10.8,0.0,2024-05-22,986.8522583007813,37.10760915898692,1023.9598674597682,949.7446491417943,1061.067476618755,912.6370399828074,35.50875881610337,46.85850897784506,3411869,36224.889412248594,238975.98358254868,895.7517713662365,19.151721126441416,993.8632813046526,1001.9815743821998,978.4930960826089,1017.3517596042435,970.3748030050616,1025.4700526817908,955.0046177830179,0.02564438383377428,-52.18775938933366,5.707595376509516,4.9794099179723865,0.7281854585371299,52.2551015132624,17.222440280698144,991.8254516601562,986.8522583007813,961.6930639648438,941.3762908935547,GESHIP.BO,2025-07-29 11:48:54.474430
295,2024-05-21 00:00:00+05:30,1040.3119366381904,1040.3119366381904,983.6733573971859,997.3447265625,163044,0.0,0.0,2024-05-21,986.6196105957031,37.12378120013595,1023.743391795839,949.4958293955672,1060.867172995975,912.3720481954311,71.68819070732911,78.07661082845557,3438624,223154.73463814508,289663.7571251237,895.4332092118888,20.032639323813456,1007.1100068659588,1030.5466563347318,973.9080770937271,1063.7485861069633,950.4714276249542,1087.1852355757362,917.2694978527226,0.03595109312478758,-45.893840954463535,5.656138553082087,4.797363553338104,0.8587749997439831,54.2776744035312,16.801148243860588,994.2579345703125,986.6196105957031,960.9569274902344,940.8067169189453,GESHIP.BO,2025-07-29 11:48:54.474430
296,2024-05-17 00:00:00+05:30,1013.778950764244,1013.778950764244,971.7644521231528,975.0989379882812,64470,0.0,0.0,2024-05-17,984.8428039550781,37.43256750405632,1022.2753714591345,947.4102364510218,1059.7079389631908,909.9776689469654,42.943393194773854,38.020308066966045,3275580,86270.50537110247,306291.01274686836,893.2082292394581,14.777902804623935,986.8807802918927,1001.9971084606327,959.9826098195415,1028.895278932984,944.8662816508015,1044.011607101724,917.9681111784503,0.0650968250882094,-58.93854210910394,4.4474880493253295,4.5826698034021085,-0.13518175407677901,50.59565345128173,16.347449127266295,985.0357055664062,984.8428039550781,960.0499487304687,939.5676159667969,GESHIP.BO,2025-07-29 11:48:54.474430
297,2024-05-16 00:00:00+05:30,1000.298046643247,1053.6022531068415,996.725383326557,1009.9680786132812,92516,0.0,0.0,2024-05-16,984.7761169433594,37.45202305054156,1022.228139993901,947.3240938928178,1059.6801630444425,909.8720708422762,113.76953664859172,114.78508390393667,3340050,128227.2958015362,361296.1395908098,892.4951204228005,15.890777657337779,1020.0985716822266,1043.4717600378963,986.5948902576117,1076.9754414625113,963.2217019019421,1100.3486298181808,929.7180204773272,0.09055577891218966,-38.491637408256295,5.023536081380712,4.616465241921303,0.4070708394594087,57.31213418224907,16.379147396120793,979.0241088867188,984.7761169433594,959.7069738769532,938.3266638183594,GESHIP.BO,2025-07-29 11:48:54.474430
298,2024-05-15 00:00:00+05:30,1008.9201533886743,1011.8735319001617,985.864611888838,990.1041259765625,30751,0.0,0.0,2024-05-15,981.7393524169922,37.76288981659364,1019.5022422335859,943.9764626003986,1057.2651320501795,906.2135727838049,55.26125626298053,68.90340177598551,3247534,41782.66165162765,419563.3505381282,891.0085704501223,14.441885202113568,995.9474232551875,1006.0302346215369,980.0213146102133,1021.9563432665111,969.9385032438638,1032.0391546328606,954.0123945988896,0.12147521380898514,-50.13965451636762,2.2508559081202293,4.51469753205645,-2.263841623936221,54.08892382265763,15.675197930808581,960.4939086914062,981.7393524169922,957.6596032714843,936.3423486328124,GESHIP.BO,2025-07-29 11:48:54.474430
299,2024-05-14 00:00:00+05:30,970.6688503121405,1070.7986779751054,970.6688503121405,998.7738037109375,184714,0.0,0.0,2024-05-14,977.8451538085938,40.75235542506243,1018.5975092336562,937.0927983835313,1059.3498646587186,896.3404429584689,70.67597067272105,112.69824532069987,3278285,253176.23931035504,514008.5227597533,890.589999833811,16.88511985569113,1013.4137773327278,1056.158704353315,956.0288766903502,1113.5436049956927,913.2839496697629,1156.28853201628,855.8990490273853,0.1328422541567032,-45.05584484270073,0.6231795685752104,5.080657938040506,-4.457478369465296,55.79676871957858,15.761560469761482,951.8147094726562,977.8451538085938,956.0142724609375,934.5524145507812,GESHIP.BO,2025-07-29 11:48:54.474430
300,2024-05-13 00:00:00+05:30,968.0012590501015,978.9574853135011,905.074757291346,951.2335815429688,2080598,0.0,0.0,2024-05-13,973.4865051269531,42.99613241743509,1016.4826375443882,930.490372709518,1059.4787699618232,887.494240292083,-55.27238524168306,-33.53284790886601,3093571,2716009.8398241424,579216.5936221028,887.7737024900462,10.308821791823817,945.0886080492719,985.1024588071978,911.2197307850427,1018.971336071427,871.2058800271168,1058.9851868293529,837.3370027628876,0.16636115260810816,-72.93294117207382,-2.3240133940546457,6.19502753040683,-8.519040924461475,47.3290451050322,15.85456628094153,939.0007568359375,973.4865051269531,954.3174963378906,932.8608154296875,GESHIP.BO,2025-07-29 11:48:54.474430
301,2024-05-10 00:00:00+05:30,934.5611417237105,969.9066691308684,930.3215694344653,945.0409545898438,75975,0.0,0.0,2024-05-10,972.7791168212891,43.49500291467056,1016.2741197359596,929.2841139066186,1059.7691226506302,885.789110991948,-61.08140741493547,-25.21120030036322,1012973,98532.00651191208,45018.282071592796,861.44531950623,61.884310260219316,948.4230643850592,966.5245593356531,926.93945963925,988.0081640814623,908.8379646886561,1006.1096590320561,887.3543599428469,-0.14210514432347554,-77.75886124305374,-1.3801095736964726,8.324787761522199,-9.704897335218671,46.080202527033876,15.640551959023698,939.1627197265625,972.7791168212891,953.5076928710937,931.6649676513672,GESHIP.BO,2025-07-29 11:48:54.474430
302,2024-05-09 00:00:00+05:30,943.1831852181386,946.2318697698202,907.6947269864461,917.3170776367188,27366,0.0,0.0,2024-05-09,972.624301147461,43.60430337450971,1016.2286045219707,929.0199977729512,1059.8329078964805,885.4156943984416,-115.76682715823992,-81.42796768272024,936998,34449.80674233541,31639.850961512973,860.1593788956455,56.18035412075261,923.7478914643283,939.8010559422105,901.2639131588364,962.2850342477024,885.2107486809542,978.3381987255846,862.7267703754624,-0.12658231839794723,-94.26951395858691,0.4591640261409111,10.751012095326866,-10.291848069185955,40.182503110786755,16.098907238719875,947.37509765625,972.624301147461,952.1805676269531,930.6739599609375,GESHIP.BO,2025-07-29 11:48:54.474430
303,2024-05-08 00:00:00+05:30,928.8924376539429,957.1403181200736,928.8924376539429,946.7081298828125,8904,0.0,0.0,2024-05-08,973.6841888427734,42.43103995925152,1016.115228802025,931.2531488835219,1058.5462687612765,888.8221089242704,-118.43663889448973,-37.69818682242443,964364,11567.972471812729,30937.362016307365,859.8409109548959,62.10891241601305,944.2469618856097,959.6014861172765,931.3536056511458,972.4948423517404,915.999081419479,987.8493665834072,903.1057251850151,-0.169824975541399,-85.0943848366763,5.537416380011109,13.323974112623352,-7.786557732612243,45.03175735317604,15.698252768814923,966.2482788085938,973.6841888427734,951.3993444824218,929.9370025634765,GESHIP.BO,2025-07-29 11:48:54.474430
304,2024-05-07 00:00:00+05:30,963.190101405084,963.190101405084,924.1289795874693,934.7040405273438,10818,0.0,0.0,2024-05-07,975.9921356201172,42.14087434399106,1018.1330099641083,933.8512612761261,1060.2738843080992,891.7103869321351,-146.93334904726999,-47.522853541878405,955460,13876.408798305398,35779.70940243102,859.6831466451644,64.4159345964818,940.6743738399656,957.2197680924619,918.1586462748472,979.7354956575803,901.6132520223509,996.2808899100766,879.0975244572326,-0.14548553555406255,-79.75191500076151,9.060644681865824,15.270613545776412,-6.2099688639105874,42.39611346774397,15.851768773679638,984.8642700195312,975.9921356201172,950.2036950683594,928.8663842773437,GESHIP.BO,2025-07-29 11:48:54.474430
305,2024-05-06 00:00:00+05:30,1005.8715863683334,1009.5394977824357,940.5156245670678,952.0433959960938,24568,0.0,0.0,2024-05-06,978.2000427246094,41.005292223770184,1019.2053349483796,937.1947505008392,1060.2106271721498,896.189458277069,-114.77129477101109,13.020619265431714,966278,32098.33732214643,41255.53455346243,859.5172428742342,64.521368813398,967.3661727818658,994.2167209966638,925.1928477812959,1036.3900459972338,898.3422995664979,1063.2405942120317,856.168974565928,-0.20758933131254018,-62.415782427989825,14.61638297937202,16.823105761754057,-2.2067227823820375,45.31128719342699,16.017093701995485,1004.3471923828125,978.2000427246094,949.1347546386719,928.0383715820312,GESHIP.BO,2025-07-29 11:48:54.474430
306,2024-05-03 00:00:00+05:30,1027.7839199353161,1028.022097510728,976.5280591876761,986.1028442382812,23966,0.0,0.0,2024-05-03,979.2980407714844,40.559622017669554,1019.8576627891539,938.7384187538148,1060.4172848068235,898.1787967361453,-38.20531115348218,81.92840775074575,990846,32432.0017601302,43544.83386129142,859.0502094325792,65.61150167173695,996.8843336455617,1017.2406081034472,965.7465697803955,1048.3783719686135,945.3902953225099,1068.734646426499,914.2525314573437,-0.13869175570703893,-45.21169787834958,19.800287412902662,17.374786457349565,2.4255009555530975,51.80889667627333,16.652183407499756,1022.0390258789063,979.2980407714844,948.1839489746094,926.9565179443359,GESHIP.BO,2025-07-29 11:48:54.474430
307,2024-05-02 00:00:00+05:30,1047.981218714382,1075.6098144804885,1000.4409565331761,1011.6829833984375,49721,0.0,0.0,2024-05-02,977.4497772216797,41.07221029670702,1018.5219875183867,936.3775669249727,1059.5941978150938,895.3053566282657,45.747421421568006,164.67078765524346,1014812,69030.38385427806,46323.041886581734,858.4215193567854,65.38615470530664,1029.244584804034,1058.048213074892,982.8793551275796,1104.4134427513463,954.0757268567216,1133.2170710222044,907.7104971802672,-0.12824316998172525,-32.29067597060811,22.782912013602754,16.76841121846129,6.0145007951414655,57.56571203413595,17.37023931616499,1031.7090576171875,977.4497772216797,946.6272204589844,925.3310552978515,GESHIP.BO,2025-07-29 11:48:54.474430
308,2024-04-30 00:00:00+05:30,1023.2585848361512,1061.7004237069643,1023.2585848361512,1039.7880859375,22665,0.0,0.0,2024-04-30,974.3105987548828,40.71578299752813,1015.0263817524109,933.5948157573547,1055.742164749939,892.8790327598265,79.74084950681052,212.14786805433565,1064533,32341.231179783113,40646.20639465765,856.8318321944387,71.59524974816767,1041.5823648268718,1059.9061448175923,1021.4643059467792,1080.024203697685,1003.1405259560586,1098.3479836884055,983.022467075966,-0.09197743634084987,-13.00793453125442,23.737123562156512,15.264786019675924,8.472337542480588,64.9274800185112,17.218187265659026,1032.8618408203124,974.3105987548828,944.2711682128906,923.4942736816406,GESHIP.BO,2025-07-29 11:48:54.474430
309,2024-04-29 00:00:00+05:30,1047.5049465323343,1051.2205398614178,1018.447283167863,1032.11865234375,28083,0.0,0.0,2024-04-29,969.9638519287109,37.900813324130795,1007.8646652528417,932.0630386045801,1045.7654785769726,894.1622252804493,85.23900767849612,210.2609497427125,1041868,39776.73345311005,42722.45019837628,855.9626714166851,61.029489651873824,1033.9288251243436,1049.410367080824,1016.6371103872693,1066.7020818178985,1001.1555684307888,1082.183623774379,983.8638536937145,-0.09218254827419839,-17.122485846931326,21.831223346803995,13.146701634055777,8.684521712748218,63.75301532880616,16.042100119834604,1018.9046020507812,969.9638519287109,941.2996643066406,920.7849084472656,GESHIP.BO,2025-07-29 11:48:54.474430
310,2024-04-26 00:00:00+05:30,1044.8373255049519,1061.509755531778,1030.9754606040906,1040.5025634765625,21552,0.0,0.0,2024-04-26,965.7862152099609,35.197608137953836,1000.9838233479147,930.5886070720071,1036.1814314858686,895.3909989340532,128.5786479769023,255.59825305937434,1069951,30774.196419265176,43458.87938469283,854.9196290207445,61.87067112598136,1044.3292598708103,1057.68305913753,1027.1487642098427,1074.8635547984977,1013.794964943123,1088.2173540652175,996.6144692821554,-0.08342065221917026,-12.624626629512253,19.815640419762758,10.975571205868722,8.840069213894036,65.99508207590284,15.031752698348553,1008.87255859375,965.7862152099609,938.3453088378906,918.1806311035157,GESHIP.BO,2025-07-29 11:48:54.474430
311,2024-04-25 00:00:00+05:30,1019.7335574128874,1064.0345911880709,1017.4947112235654,1034.4530029296875,48986,0.0,0.0,2024-04-25,960.0389892578125,31.550895939269495,991.589885197082,928.4880933185431,1023.1407811363515,896.9371973792736,159.5218376390756,261.9799655597985,1048399,69540.64769069837,46630.05012604974,854.0724705403469,68.48905174718661,1038.660768447108,1059.8268256706506,1013.2869457061452,1085.2006484116134,992.1208884826026,1106.366705635156,966.7470657416397,-0.08222558547209191,-15.870137136011204,16.109158296762075,8.765553902395212,7.343604394366864,65.17401645070555,13.367803671761987,993.1337646484375,960.0389892578125,935.693916015625,915.5947314453125,GESHIP.BO,2025-07-29 11:48:54.474430
312,2024-04-24 00:00:00+05:30,991.8190858595444,1045.4566049718574,980.3388804393273,1017.4468994140625,67035,0.0,0.0,2024-04-24,955.7756042480469,26.288430217195515,982.0640344652423,929.4871740308514,1008.3524646824379,903.1987438136558,156.0453022923478,207.8697384602732,999413,93598.60043521655,40902.40073488758,852.1813018393981,67.76871188864678,1014.4141282750825,1048.4893761108376,983.3716515783076,1079.5318528076125,949.2964037425525,1113.6071006433676,918.2539270457776,-0.059499786802626506,-16.690343681359316,11.715449900767794,6.929652803803496,4.7857970969642984,62.830965831939466,11.575858566207222,980.9962036132813,955.7756042480469,933.8241381835937,913.007333984375,GESHIP.BO,2025-07-29 11:48:54.474430
313,2024-04-23 00:00:00+05:30,982.387124417884,986.9124977685141,967.0008317662159,970.0018920898438,6088,0.0,0.0,2024-04-23,951.7051513671875,22.225410526576116,973.9305618937635,929.4797408406114,996.1559724203397,907.2543303140352,87.90950516760846,100.1747846447078,932378,8104.070559993452,27728.350809805335,849.775672088665,63.31431474726656,974.6384072081913,982.2759826501667,962.3643166478686,994.5500732104895,954.7267412058932,1002.1876486524649,942.4526506455704,-0.09296916991113029,-35.66699532973396,7.587508438484178,5.733203529562422,1.8543049089217565,54.98639265527655,10.036000512047353,967.3533813476563,951.7051513671875,932.3853430175782,910.3983416748047,GESHIP.BO,2025-07-29 11:48:54.474430
314,2024-04-22 00:00:00+05:30,962.5231803154187,994.1531731117473,962.5231803154187,981.9584350585938,29958,0.0,0.0,2024-04-22,949.7759185791016,22.228240194767857,972.0041587738694,927.5476783843337,994.2323989686373,905.3194381895659,94.29939727887977,117.14546584893134,938466,40370.29379665958,32634.420872258306,849.6165270691644,64.95200159333845,979.5449294952532,996.5666786750877,964.9366858787591,1011.1749222915818,947.9149366989246,1028.1966714714163,933.3066930824306,-0.09271664852126382,-27.339172009666,6.860144584029172,5.269627302331982,1.5905172816971893,57.84368220897944,9.986864580925472,955.7970336914062,949.7759185791016,932.1557202148438,908.2339855957031,GESHIP.BO,2025-07-29 11:48:54.474430
315,2024-04-19 00:00:00+05:30,970.4782916663379,985.1976180888098,949.8044682028457,961.80859375,14761,0.0,0.0,2024-04-19,948.234912109375,20.908882894209142,969.1437950035842,927.3260292151659,990.0526778977933,906.4171463209568,46.42245274650976,82.46569955540355,908508,19483.20597576496,30700.452641157983,848.7488311225102,63.06286626110003,965.6035600138852,981.4026518249246,946.0095019389605,1000.9967098998493,930.210410127921,1016.7958017108888,910.6163520529964,-0.12940800933186655,-41.37369007930823,4.647418529751235,4.871997981907684,-0.22457945215644948,54.11337753902412,9.933948962794219,941.7255126953125,948.234912109375,930.8777514648438,905.7834881591797,GESHIP.BO,2025-07-29 11:48:54.474430
316,2024-04-18 00:00:00+05:30,952.7103228778354,977.671286818176,937.5622054845485,973.7651977539062,19729,0.0,0.0,2024-04-18,948.4254547119141,21.055937208090857,969.481391920005,927.3695175038232,990.5373291280958,906.3135802957323,39.29186514641127,78.7516163390938,923269,26364.243258879233,33504.76430750624,848.3824049547508,62.95014416759774,962.9995633522103,988.4369212198721,948.3278398862446,1003.1086446858378,922.8904820185828,1028.5460025534996,908.2187585526171,-0.10295196424279292,-33.04582424778869,3.728497293230248,4.928142844946796,-1.1996455517165483,56.88779749540262,10.165767055326889,936.78095703125,948.4254547119141,929.9119201660156,903.5605163574219,GESHIP.BO,2025-07-29 11:48:54.474430
317,2024-04-16 00:00:00+05:30,898.9297009662246,951.5193158340765,898.9297009662246,949.2327880859375,35407,0.0,0.0,2024-04-16,947.1654907226563,20.196227253099632,967.3617179757559,926.9692634695566,987.5579452288555,906.7730362164571,-48.526394727563606,-0.5647609237111503,903540,46123.03217552061,35289.89456966299,847.8369096670131,59.431306877633524,933.227268295413,967.5248356246013,914.9352207567495,985.8168831632648,880.6376534275611,1020.1144504924532,862.3456058888976,-0.1092884955484838,-50.13283458717691,1.317962932553769,5.228054232875934,-3.910091300322165,52.2225795058911,10.658231571623915,930.416845703125,947.1654907226563,929.1006799316406,901.2425872802735,GESHIP.BO,2025-07-29 11:48:54.474430
318,2024-04-15 00:00:00+05:30,905.0272023456643,915.8404414837611,877.6367799728214,912.2201538085938,10550,0.0,0.0,2024-04-15,945.7888336181641,20.971404269297945,966.760237887462,924.8174293488661,987.7316421567599,903.8460250795682,-160.48897183652699,-81.20211414625679,868133,13207.119610784619,32581.610168198582,847.0389853838191,56.271557492089734,901.899125088392,926.1614702039626,887.9578086930229,940.1027865993317,863.6954635774523,964.3651317149023,849.7541471820832,-0.15929363376319705,-75.91241650124871,0.6278499997063136,6.205577057956475,-5.5777270582501615,43.685048381597184,10.85807303935661,928.2732543945312,945.7888336181641,928.860537109375,899.24001953125,GESHIP.BO,2025-07-29 11:48:54.474430
319,2024-04-12 00:00:00+05:30,937.1811366005019,945.040996599494,908.2187201325655,911.600830078125,18505,0.0,0.0,2024-04-12,943.4904144287109,26.606122910087358,970.0965373387983,916.8842915186235,996.7026602488856,890.2781686085361,-165.00229304688773,-27.87204032667735,857583,23149.935742770114,37425.23280755207,846.8857897538089,57.22194032308131,921.6201822700615,935.0216444075575,898.199367940629,958.4424587369899,884.7979058031331,971.8439208744859,861.3770914737006,-0.2007066651818953,-97.00675736467379,3.3799671205764525,7.600008822519015,-4.220041701942563,43.528073513769925,9.540970057890458,944.40263671875,943.4904144287109,929.3786291503907,897.441474609375,GESHIP.BO,2025-07-29 11:48:54.474430
320,2024-04-10 00:00:00+05:30,942.1828503565843,946.9940256782032,926.2725769271963,937.0858154296875,26965,0.0,0.0,2024-04-10,942.6401184082031,27.918296659634326,970.5584150678374,914.7218217485688,998.4767117274718,886.8035250889344,-121.49624262628575,13.353243915259013,876088,34676.54158049878,40994.057073747565,846.6178974901129,59.36006413831776,936.784139345029,947.2957017628617,926.5742530118547,957.5055880960359,916.062690594022,968.0171505138686,905.8528042608477,-0.20423627362436916,-83.49887190014026,6.91329339089441,8.655019248004656,-1.7417258571102465,48.70941712274553,9.0751539160926,957.8549072265625,942.6401184082031,930.6700561523437,895.509995727539,GESHIP.BO,2025-07-29 11:48:54.474430
321,2024-04-09 00:00:00+05:30,946.9463699539695,950.2808558477616,936.1807556980615,941.9446411132812,17613,0.0,0.0,2024-04-09,941.9922760009765,28.20284879018873,970.1951247911652,913.7894272107878,998.397973581354,885.586578420599,-84.26257775469153,29.684381363495664,903053,22767.46634511254,42573.43594705976,846.06887706249,65.36312082145031,942.8020842197014,949.4234127413414,935.3233125916413,956.9021843694015,928.7019840700013,963.5235128910415,921.2232124419412,-0.23022309576936426,-78.67617587472756,8.822389931285898,9.090450712282218,-0.26806078099632025,49.758457042298794,9.24918029481188,965.2384155273437,941.9922760009765,931.0022192382812,893.0799536132813,GESHIP.BO,2025-07-29 11:48:54.474430
322,2024-04-08 00:00:00+05:30,998.4403287311094,1004.0613423909359,930.9884555572828,938.5148315429688,50060,0.0,0.0,2024-04-08,942.8902008056641,28.485715920647987,971.3759167263121,914.4044848850161,999.8616326469601,885.9187689643682,-7.13184796153577,67.11648804093065,885440,64474.498686226434,47524.92834754656,845.6873190358594,70.06562790361326,957.8548764970625,984.7212974368422,911.6484106031891,1030.9277633307156,884.7819896634094,1057.7941842704954,838.575523769536,-0.22217839966001823,-82.08048178315322,10.654418731110354,9.157465907531297,1.4969528235790577,49.03919266914804,9.838050102563907,966.677001953125,942.8902008056641,930.5926708984375,890.8970910644531,GESHIP.BO,2025-07-29 11:48:54.474430
323,2024-04-05 00:00:00+05:30,975.670597943234,1000.3458180479456,967.3343827928345,992.8670654296875,24072,0.0,0.0,2024-04-05,943.342739868164,28.484440819996365,971.8271806881604,914.8582990481676,1000.3116215081568,886.3738582281712,144.0897594099921,140.58769423117084,935500,32798.89919816674,43287.53576287659,844.6253145007231,84.35985719929602,986.8490887568227,1006.3637947208108,973.3523594656997,1019.8605240119338,953.8376535017115,1039.375229975922,940.3409242105886,-0.15235211382096162,-25.373128354336824,13.176324444157217,8.78322770163653,4.393096742520687,62.12546592502424,10.472217587835319,968.7539184570312,943.342739868164,929.9507458496093,888.7485272216796,GESHIP.BO,2025-07-29 11:48:54.474430
324,2024-04-04 00:00:00+05:30,977.4807991569312,1021.2102265892709,967.0009855207458,978.8621826171875,104115,0.0,0.0,2024-04-04,942.3304840087891,26.950269981968233,969.2807539907574,915.3802140268208,996.2310239727256,888.4299440448526,206.2969018766813,153.29185953528395,911428,139859.13639961535,45909.69490405405,843.8052701607198,92.96148757850305,989.0244649090681,1011.0479442973905,956.8387032288654,1043.2337059775932,934.815223840543,1065.2571853659156,902.6294621603403,-0.20640872391587226,-24.58521415658711,10.852615172106198,7.684953516006358,3.16766165609984,59.5431552815642,9.770813226864513,960.7511352539062,942.3304840087891,928.3732092285156,886.1348236083984,GESHIP.BO,2025-07-29 11:48:54.474430
325,2024-04-03 00:00:00+05:30,943.1832018302846,983.1970346352058,936.085498429171,974.0033569335938,42014,0.0,0.0,2024-04-03,940.8776031494141,25.628010605132804,966.5056137545469,915.2495925442813,992.1336243596797,889.6215819391484,111.7797562065631,98.11704320053427,807313,56157.85010114018,22422.334530163716,840.4947064693358,78.85656302498505,964.4286299993236,992.7717615694761,945.6602253634413,1011.5401662053583,917.3170937932888,1039.883297775511,898.5486891574066,-0.08344036513828747,-8.34774606787232,9.092398348179472,6.893038101981397,2.199360246198075,58.634020980162276,9.015454684280568,954.6918823242188,940.8776031494141,926.8088684082031,883.7587951660156,GESHIP.BO,2025-07-29 11:48:54.474430
326,2024-04-02 00:00:00+05:30,952.9007903066379,985.4834920291321,937.0857654892965,949.1375732421875,13552,0.0,0.0,2024-04-02,939.7772247314454,24.581963278703284,964.3591880101486,915.1952614527421,988.9411512888519,890.6132981740388,69.25925797380484,83.90428744907582,765299,17651.781684897043,13988.455637419602,839.160900943723,64.03454064498779,957.2356102535387,977.3854550177808,928.9877284779452,1005.6333367933743,908.837883713703,1025.7831815576164,880.5900019381096,-0.2117670860266175,-26.42882667424704,7.179544514442682,6.343198040431878,0.8363464740108038,53.688912190261384,9.6920511418614,945.0028198242187,939.7772247314454,925.8064147949219,881.4271301269531,GESHIP.BO,2025-07-29 11:48:54.474430
327,2024-04-01 00:00:00+05:30,970.0495933551027,974.6225909497365,947.9467038074172,948.8994140625,7950,0.0,0.0,2024-04-01,940.2178558349609,24.83624587508349,965.0541017100444,915.3816099598774,989.8903475851279,890.545364084794,85.90373837400776,87.91183671721826,751747,10352.453670316108,13072.624125550241,838.8053557476886,57.78864297468979,957.1562362732179,966.3657687390187,939.6898815966994,983.8321234155372,930.4803491308986,993.041655881338,913.01399445438,-0.09351428167463031,-21.634637186428964,7.070633916396105,6.134111421929177,0.9365224944669279,53.639249095676625,10.37504670956877,945.0123657226562,940.2178558349609,924.8857824707031,879.4342413330078,GESHIP.BO,2025-07-29 11:48:54.474430
328,2024-03-28 00:00:00+05:30,971.3356927854311,971.3356927854311,941.0871433124456,952.8531494140625,9313,0.0,0.0,2024-03-28,938.1528625488281,25.77559398400462,963.9284565328328,912.3772685648235,989.7040505168374,886.6016745808189,79.7079380955848,84.59818446270833,759697,12177.876494213477,13752.666739358774,838.5961631617646,57.49360229902318,955.0919951706464,969.0968470288473,938.8482975558618,985.3405446436319,924.843445697661,999.3453965018327,908.5997480828763,-0.10867733532227643,-18.565122119452344,6.847519601496742,5.899980798312444,0.9475388031842984,54.53298506494515,10.618230598785551,942.4400512695313,938.1528625488281,924.0882214355469,877.4310614013672,GESHIP.BO,2025-07-29 11:48:54.474430
329,2024-03-27 00:00:00+05:30,925.9866749779579,966.0481265858015,925.9866749779579,948.56591796875,13834,0.0,0.0,2024-03-27,935.9020843505859,26.382650999123147,962.2847353497091,909.5194333514628,988.6673863488322,883.1367823523397,48.223116788140196,61.3689737814842,750384,18008.240258181497,14146.364300645097,838.3412716236203,49.85418528921149,946.8669065108364,967.7471380437149,927.6856864358714,986.92835811868,906.8054549029929,1007.8085896515585,887.6242348280279,-0.10970248527553163,-24.30113975565423,6.068732343986767,5.663096097516369,0.4056362464703982,53.75591850788912,11.009777207719113,938.1528686523437,935.9020843505859,923.4491442871093,875.38599609375,GESHIP.BO,2025-07-29 11:48:54.474430
330,2024-03-26 00:00:00+05:30,936.085481482153,948.7088927932648,920.461067654296,925.5580444335938,10119,0.0,0.0,2024-03-26,934.1705383300781,26.64291787885103,960.8134562089291,907.5276204512271,987.4563740877802,880.884702572376,6.502968710650463,13.90301717771296,736550,12852.785042579364,13180.895311260996,837.9747909256132,60.16880544288177,931.5760016270515,942.690935599807,914.4431104608382,959.8238267660203,903.3281764880827,970.9387607387757,886.1952853218694,-0.16753418785237406,-49.55091962264254,5.401925507486226,5.561687035898769,-0.15976152841254354,49.453339138310966,11.634138475600388,938.6673461914063,934.1705383300781,922.8323999023437,873.668705444336,GESHIP.BO,2025-07-29 11:48:54.474430
331,2024-03-22 00:00:00+05:30,928.9402079534476,959.5222448412258,928.9402079534476,949.185302734375,6769,0.0,0.0,2024-03-22,933.4298065185546,27.097036244443455,960.5268427629981,906.3327702741112,987.6238790074416,879.2357340296677,50.75991851624359,53.06192440235507,746669,8817.216557653202,13262.922878431404,837.7612698355697,59.33486844807567,945.8825851763495,962.8249623992514,932.2429255114732,976.4646220641276,915.3005482885713,993.4069992870295,901.6608886236951,-0.12810212887784495,-34.1901048850148,6.732290276982212,5.601627418001905,1.1306628589803074,54.26816140451348,12.05830522452755,946.6796264648438,933.4298065185546,922.5915795898437,871.9205285644531,GESHIP.BO,2025-07-29 11:48:54.474430
332,2024-03-21 00:00:00+05:30,940.3726619026587,949.947388501962,932.6081080788267,936.037841796875,4081,0.0,0.0,2024-03-21,929.9047760009765,29.42520683570158,959.3299828366781,900.4795691652749,988.7551896723797,871.0543623295733,26.54056438316935,37.47986357092356,739900,5242.229014925186,14374.349458625953,837.5792602207838,60.97267990732329,939.5311127925546,946.4541175062825,929.1148370831472,956.8703932156899,922.1918323694193,963.7933979294178,911.775556660012,-0.14099217583979348,-42.73767774176294,6.006628970775068,5.318961703256828,0.6876672675182407,51.84546390815879,12.83285311866287,946.5557495117188,929.9047760009765,921.956767578125,870.0904986572266,GESHIP.BO,2025-07-29 11:48:54.474430
333,2024-03-20 00:00:00+05:30,969.192164358251,969.192164358251,926.6060028546401,931.417236328125,5241,0.0,0.0,2024-03-20,927.0156799316406,31.55118265777398,958.5668625894147,895.4644972738666,990.1180452471885,863.9133146160927,29.476903241369975,47.55842891548017,735819,6699.068501343106,16657.379569551144,837.4822005025857,67.40941800094309,942.4051345136721,958.2042661727041,915.6181046690932,984.991296017283,899.8189730100612,1000.7904276763151,873.0319431654823,-0.14456192709178664,-45.74167692260702,6.281378769994376,5.147044886377268,1.1343338836171082,50.99858624554425,13.2875089365435,943.6881103515625,927.0156799316406,921.7060510253906,868.5055279541016,GESHIP.BO,2025-07-29 11:48:54.474430
334,2024-03-19 00:00:00+05:30,952.7579248053911,976.7662360183423,948.8994597164291,951.1383056640625,8892,0.0,0.0,2024-03-19,924.7911010742188,32.76947107671294,957.5605721509318,892.0216299975058,990.3300432276446,859.2521589207929,61.692201747206276,97.67095024317305,741060,11606.44225719479,19146.95733660315,837.3631281907545,71.57260509180703,958.9346671329446,968.9698745494601,941.1030982475469,986.8014434348578,931.0678908310314,996.8366508513733,913.2363219456337,-0.14109852662267514,-32.92039699918778,6.993028994402266,4.86346141547299,2.129567578929276,54.81979849409024,13.777138278876489,930.6550170898438,924.7911010742188,921.5382824707032,867.2615228271484,GESHIP.BO,2025-07-29 11:48:54.474430
335,2024-03-18 00:00:00+05:30,943.5165567477147,970.0971955292312,932.9891202943966,965.6194458007812,9872,0.0,0.0,2024-03-18,921.2970367431641,33.52909016292425,954.8261269060883,887.7679465802398,988.3552170690126,854.2388564173156,57.762302500551044,95.8477165533085,749952,13081.788947548755,21032.086106455237,837.1179109423921,68.08460817097328,956.2352538748031,979.4813874552096,942.373312220375,993.3433291096377,919.1271786399685,1016.5894626900442,905.2652369855405,-0.16251013466593278,-23.505757856634084,5.855975422954998,4.331069520740671,1.5249059022143268,57.77122210223104,14.599369137740855,919.346337890625,921.2970367431641,921.3594067382812,866.006171875,GESHIP.BO,2025-07-29 11:48:54.474430
336,2024-03-15 00:00:00+05:30,923.6048995179339,953.091291342796,909.5048004243538,948.56591796875,16928,0.0,0.0,2024-03-15,918.2412200927735,32.028439241657765,950.2696593344313,886.2127808511157,982.2980985760889,854.184341609458,5.394167506633894,43.494750060883085,740080,22035.816906931934,23019.660396181855,836.8096929887728,75.1260090261025,937.0540032453,964.6032060662462,921.016715147804,980.6404941637422,893.4675123268578,1008.1896969846885,877.4302242293618,-0.2017842549969266,-34.59278616588775,2.8853024972136154,3.949843045187089,-1.0645405479734737,55.12989404159391,15.714418945109294,911.0482421875,918.2412200927735,920.5662744140625,864.5050970458984,GESHIP.BO,2025-07-29 11:48:54.474430
337,2024-03-14 00:00:00+05:30,848.9601753903593,926.606069442616,848.9601753903593,921.6996459960938,15658,0.0,0.0,2024-03-14,916.2262451171875,31.279137463065087,947.5053825802527,884.9471076541224,978.7845200433177,853.6679701910574,-97.59265386133453,-70.70342294626023,723152,19805.31243407055,23265.62126849433,836.3481504380538,74.69906994273762,899.0886302763564,949.2170851623536,871.5711911100968,976.7345243286131,821.4427362240997,1026.8629792146103,793.9252970578401,-0.23928393845523738,-52.05938433013804,0.7177383485143309,4.215978182180457,-3.4982398336661262,50.609046720060796,16.32680271052482,913.3156860351562,916.2262451171875,920.0129418945312,863.2186779785156,GESHIP.BO,2025-07-29 11:48:54.474430
338,2024-03-13 00:00:00+05:30,895.404679575619,922.6522268350591,847.9597221133037,866.2517700195312,21209,0.0,0.0,2024-03-13,914.8352813720703,31.63940642044069,946.474687792511,883.1958749516297,978.1140942129517,851.5564685311889,-167.81078078376598,-136.59403527673794,707494,25212.755693452295,24130.698477100275,836.020851944792,70.5836818661827,878.954572989298,909.9494238652923,835.2569191435368,953.6470777110534,804.2620682675425,984.6419285870477,760.5644144217814,-0.28118434694281713,-88.10777130878182,0.5776453016757159,5.090538140596989,-4.512892838921273,38.79162293015493,15.922482029182447,918.4888793945313,914.8352813720703,920.0868481445312,862.2548980712891,GESHIP.BO,2025-07-29 11:48:54.474430
339,2024-03-12 00:00:00+05:30,919.6988010727131,930.2739195587179,892.022580406572,894.5949096679688,19406,0.0,0.0,2024-03-12,916.0833374023438,30.075777652184858,946.1591150545287,886.0075597501589,976.2348927067135,855.9317820979741,-120.0376283997546,-59.08587306049074,728703,23824.206141274495,23860.18417301227,835.8630073219242,73.7263702346767,905.630469877753,919.2383593489338,880.987020196788,943.8818090298988,867.3791307256071,957.4896985010797,842.7356810446421,-0.26440809638034973,-80.55856529409535,5.850307212101939,6.2187613503273065,-0.3684541382253679,43.76066826859842,15.317651963947814,939.7629150390625,916.0833374023438,921.2186010742188,861.7033807373047,GESHIP.BO,2025-07-29 11:48:54.474430
340,2024-03-11 00:00:00+05:30,959.6174250494574,959.6174250494574,918.7461309687609,924.1289672851562,7362,0.0,0.0,2024-03-11,915.5736358642578,30.5418826867668,946.1155185510246,885.0317531774909,976.6574012377914,854.4898704907241,-27.314179716720307,33.97150596780809,748109,9336.506098808202,23869.17868094671,835.5810728748733,76.80239268115855,934.1641744344582,949.5822179001556,908.710923819459,975.0354685151548,893.2928803537617,990.4535119808521,867.8396297387625,-0.2505016685188285,-58.360184799693926,9.720901401557398,6.310874884883647,3.410026516673751,49.95171904773495,16.01872737808848,950.8048461914062,915.5736358642578,921.9027465820312,860.8768804931641,GESHIP.BO,2025-07-29 11:48:54.474430
341,2024-03-07 00:00:00+05:30,966.4768607563433,968.9062601032402,940.9918632560859,959.9031372070312,6901,0.0,0.0,2024-03-07,914.7638336181641,30.517808930558388,945.2816425487225,884.2460246876057,975.7994514792808,853.7282157570473,55.03138580288763,110.38866759588883,755471,9090.660250073519,27502.34682648133,835.4195240835475,73.87870236592566,956.6004201887858,972.2089771214858,944.2945802743315,984.5148170359402,928.6860233416315,1000.1233739686401,916.3801834271771,-0.24449505355278706,-31.47161276227078,11.620491296946966,5.458368255715209,6.162123041231757,59.404784248326614,16.650842580490032,956.3782104492187,914.7638336181641,922.28109375,859.6775964355469,GESHIP.BO,2025-07-29 11:48:54.474430
342,2024-03-06 00:00:00+05:30,959.0934419676371,980.8629065611316,935.5614866313613,947.5656127929688,13774,0.0,0.0,2024-03-06,913.8168823242188,29.31351409651796,943.1303964207367,884.5033682277009,972.4439105172547,855.1898541311829,61.13257853926622,112.24042403503746,748570,17911.227862054217,32105.26847058328,835.2062700612621,74.21102924514621,954.6633353284873,973.7651840256133,928.463764095843,999.9647552582576,909.361915398717,1019.0666039553836,883.1623441660727,-0.28079926201897415,-40.74473956564454,10.353260241966382,3.917837495407269,6.435422746559112,56.78498239467098,16.249642850460457,955.9876220703125,913.8168823242188,922.2913049316406,858.0548596191406,GESHIP.BO,2025-07-29 11:48:54.474430
343,2024-03-05 00:00:00+05:30,955.2349856298518,1001.7748595545755,954.4727708866927,972.6219482421875,52794,0.0,0.0,2024-03-05,913.7139587402344,29.192143764367945,942.9061025046024,884.5218149758664,972.0982462689702,855.3296712114985,130.49691462919205,199.60433322554493,762344,70466.81171968264,35653.778622715545,834.8207652513404,78.62507036118274,976.289859561152,998.1069482356112,950.8048595677284,1023.5919482290348,928.9877708932692,1045.4090369034939,903.5027708998456,-0.2919076046419972,-21.911903410634572,9.789012125353906,2.3089818087674905,7.480030316586416,64.65296232266584,15.817581602736302,947.9944091796875,913.7139587402344,922.236884765625,856.5465802001953,GESHIP.BO,2025-07-29 11:48:54.474430
344,2024-03-04 00:00:00+05:30,964.7621290877973,964.7621290877973,940.5632636932381,949.8045654296875,12665,0.0,0.0,2024-03-04,913.0088989257813,27.833148731278943,940.8420476570602,885.1757501945024,968.6751963883391,857.3426014632234,112.48781310672223,122.52513015046664,709550,16508.03706793516,26950.520348473772,832.9844503487413,74.8557291645697,951.709986070241,962.8567084472439,938.6578430526847,975.9088514648003,927.5111206756818,987.0555738418032,914.4589776581255,-0.17417540112761729,-22.741695277386214,6.450615785974833,0.4389742296208863,6.011641556353947,59.962121509640156,14.360938152682733,935.0375366210938,913.0088989257813,921.0595178222657,854.6807232666016,GESHIP.BO,2025-07-29 11:48:54.474430
345,2024-03-01 00:00:00+05:30,962.8567094967415,973.6699483841397,944.0406806507661,951.9957885742188,15008,0.0,0.0,2024-03-01,911.4216705322266,26.497473406979363,937.9191439392059,884.9241971252472,964.4166173461853,858.4267237182679,165.05550212844864,144.25562846994123,722215,19607.12134813207,29561.14116860842,832.6098026726164,76.44236551537115,956.5688058697082,969.0969310886502,939.4676633552766,986.1980736030818,926.9395381363346,998.7261988220238,909.838395621903,-0.2022376099637634,-20.653644600269832,4.325886722607265,-1.0639361594676005,5.389822882074865,60.67972587813736,13.98632063490497,927.863623046875,911.4216705322266,920.6565063476562,852.9416577148437,GESHIP.BO,2025-07-29 11:48:54.474430
346,2024-02-29 00:00:00+05:30,910.6004823331273,965.8576790791492,910.6004823331273,957.9501953125,32887,0.0,0.0,2024-02-29,909.4977325439453,24.734704541003236,934.2324370849485,884.7630280029421,958.9671416259517,860.0283234619388,179.80800195851162,106.3906738509818,737223,43233.77689818744,32049.646123727507,832.1543638966982,69.61987468006623,944.8027855749255,979.0050888167236,923.7478920707017,1000.0599823209474,889.5455888289035,1034.2622855627455,868.4906953246798,-0.2181209735728685,-8.141233151644128,1.3242436465978926,-2.4113918799863168,3.7356355265842094,62.56882277706141,13.388486243360333,919.6131469726563,909.4977325439453,919.085283203125,851.3121008300782,GESHIP.BO,2025-07-29 11:48:54.474430
347,2024-02-28 00:00:00+05:30,910.5053033100838,936.4666606379991,900.311290821284,907.5995483398438,22381,0.0,0.0,2024-02-28,908.2603820800781,22.720259009088117,930.9806410891662,885.54012307099,953.7009000982544,862.8198640619019,77.01634530992831,-19.405871329086107,704336,27875.954489152733,29253.61343011252,831.0939142148625,60.40431305604149,914.7924999330422,929.2737090448004,893.1183392280853,950.9478697497573,878.6371301163272,965.4290788615154,856.9629694113703,-0.27458724828353664,-49.52834874792969,-3.125252222617746,-3.345300761632369,0.22004853901462296,50.44661301807233,13.023098969890018,903.7600463867187,908.2603820800781,916.9463537597657,849.7572357177735,GESHIP.BO,2025-07-29 11:48:54.474430
348,2024-02-27 00:00:00+05:30,928.7019042297306,928.7019042297306,895.5476004389868,907.8375854492188,9126,0.0,0.0,2024-02-27,909.7416870117188,23.62275642637375,933.3644434380925,886.1189305853451,956.9871998644663,862.4961741589713,68.55776714419305,-38.35281693795802,726717,11369.584976995371,29598.028165352465,830.652474753892,51.9191100105402,910.6956967059787,925.8437929729705,892.6894891822267,943.8500004967225,877.5413929152348,958.9980967637143,859.5351853914829,-0.2589246639675389,-55.84007332113549,-3.815827122675728,-3.4003128963860245,-0.41551422628970336,50.51902832585423,13.843475456536119,897.8913208007813,909.7416870117188,915.0250939941407,848.6293719482422,GESHIP.BO,2025-07-29 11:48:54.474430
349,2024-02-26 00:00:00+05:30,925.7010048897477,925.7010048897477,907.9805580637254,913.9349975585938,84498,0.0,0.0,2024-02-26,911.2560455322266,24.45055715896625,935.7066026911929,886.8054883732603,960.1571598501591,862.3549312142941,120.32811653039776,-17.39690046735822,735843,105978.48976563168,34155.138962441735,830.4704479937147,56.48545896418321,915.8721868373556,923.7638156109857,906.0433687849635,933.5926336633778,898.1517400113333,941.4842624370079,888.3229219589413,-0.3119294782074237,-55.43270836508912,-4.665599746057069,-3.2964343398135982,-1.3691654062434706,52.290588072894934,14.716941223976033,893.708935546875,911.2560455322266,913.090556640625,847.4625183105469,GESHIP.BO,2025-07-29 11:48:54.474430
350,2024-02-23 00:00:00+05:30,898.1676208165028,915.7927610817961,883.4006114050409,910.743408203125,11807,0.0,0.0,2024-02-23,914.3679046630859,28.443868611694917,942.8117732747809,885.924036051391,971.2556418864758,857.4801674396961,66.53219955605324,-73.08842552175216,651345,14756.779511328134,16199.30126164425,828.6072546191949,53.32444250542833,903.3122602299873,923.2239090549336,890.8317593781784,935.7044099067425,870.920110553232,955.6160587316889,858.4396097014231,-0.2514900613603693,-60.2125977669162,-6.283378013338961,-2.9541429882527304,-3.3292350250862306,51.46409327001241,15.442742764982505,887.17333984375,914.3679046630859,911.4041345214844,846.3623565673828,GESHIP.BO,2025-07-29 11:48:54.474430
351,2024-02-22 00:00:00+05:30,868.7288581823755,895.9764074756148,868.7288581823755,878.6846923828125,13377,0.0,0.0,2024-02-22,916.5154327392578,29.747343492555395,946.2627762318132,886.7680892467024,976.0101197243686,857.020745754147,-112.55180517821,-168.99709533414952,639538,16130.498018660055,16559.931699223278,828.3502504560179,45.8690478746369,881.129986013601,893.5311138448265,866.2835645515871,908.3775353068403,853.8824367203616,920.7786631380658,839.0360152583478,-0.11116752478222759,-90.57191426058229,-7.945098540027288,-2.1218342319811727,-5.823264308046116,42.104190282484,16.580370431642955,885.9252807617188,916.5154327392578,909.8222424316406,845.2476440429688,GESHIP.BO,2025-07-29 11:48:54.474430
352,2024-02-21 00:00:00+05:30,887.3066677821387,898.4057654504658,873.7782287557043,878.2559204101562,6602,0.0,0.0,2024-02-21,918.6545593261719,28.39108692909491,947.0456462552668,890.2634723970771,975.4367331843617,861.8723854679821,-94.62268371572993,-168.3513544377645,626161,7957.059298645031,16667.290119364083,828.1711764458157,45.384126270814654,883.4799715387754,893.1817143218466,868.5541776270851,908.1075082335369,858.8524348440139,917.8092510166081,843.9266409323236,-0.09199682645204629,-95.54672343150013,-6.794926314771374,-0.6660181549696439,-6.12890815980173,41.96480404040367,16.785858702921615,891.8416259765625,918.6545593261719,909.1673522949219,844.1747192382812,GESHIP.BO,2025-07-29 11:48:54.474430
353,2024-02-20 00:00:00+05:30,898.6916080424443,898.6916080424443,882.2573554829769,886.9256591796875,6806,0.0,0.0,2024-02-20,920.0626922607422,26.94344461025825,947.0061368710004,893.119247650484,973.9495814812587,866.1758030402257,-80.89126178244447,-155.95531473629373,632763,8283.905818715155,18844.847824543845,828.0830811389236,43.39759845831241,889.2915409017029,896.3257263204289,879.8914737609615,905.7257934611703,872.8572883422355,912.7599788798963,863.4572212014941,-0.1036730085997023,-87.67183114414642,-5.177176357632561,0.8662088849807887,-6.04338524261335,43.94566874386662,17.220142101990966,894.9665161132813,920.0626922607422,908.4746606445312,842.9948449707031,GESHIP.BO,2025-07-29 11:48:54.474430
354,2024-02-19 00:00:00+05:30,927.2729144616103,927.2729144616103,878.398888170397,881.2570190429688,19881,0.0,0.0,2024-02-19,921.4159210205078,25.848976528338287,947.2648975488461,895.5669444921695,973.1138740771844,869.7179679638311,-68.58419644665828,-137.48422249177946,625957,24043.451000469937,21485.08332600102,827.9761895231551,40.217830650727954,895.6429405583253,912.8869929462537,864.0129666550404,944.5169668495387,846.768914267112,961.761019237467,815.138940363827,-0.08668682322394955,-93.3580485464105,-3.8813620283310684,2.377055195634126,-6.2584172239651945,42.29146522737227,18.048724372203697,895.8239624023438,921.4159210205078,907.5290734863281,841.5348968505859,GESHIP.BO,2025-07-29 11:48:54.474430
355,2024-02-16 00:00:00+05:30,930.2739128041148,935.5614429343161,900.0729869777955,904.5031127929688,11278,0.0,0.0,2024-02-16,922.3853271484375,24.59687086271087,946.9821980111483,897.7884562857266,971.5790688738592,873.1915854230157,-18.663432382041776,-60.71064631709911,645838,13999.036456655544,20845.491407383786,827.6919530045865,36.17372782297796,913.3791809016934,926.6853748255913,891.1969188690707,948.867636858214,877.8907249451728,962.173830782112,855.7084629125501,-0.07766158672079893,-70.25171362189073,-1.6052433352556363,3.9416595016254243,-5.546902836881061,47.64516224083666,18.9410437401251,896.452734375,922.3853271484375,906.9419885253906,840.3944763183594,GESHIP.BO,2025-07-29 11:48:54.474430
356,2024-02-15 00:00:00+05:30,895.6906879470283,922.1284010194934,895.6906879470283,908.2664184570312,12855,0.0,0.0,2024-02-15,923.3542053222657,24.23438515060046,947.5885904728661,899.1198201716652,971.8229756234666,874.8854350210647,-39.04980887620392,-72.81749258461485,657116,16022.907542912308,22557.105145065845,827.4587987444205,41.745638511629444,908.6951691411842,921.6996503353402,895.2619372628751,935.1328822136493,882.2574560687192,948.1373634078052,868.8242241904101,-0.019318309083686664,-70.18528559377829,-0.956187827299118,5.328385210845689,-6.284573038144807,48.56844659213062,19.946388182608757,897.1386962890625,923.3542053222657,905.7290869140625,839.1408123779297,GESHIP.BO,2025-07-29 11:48:54.474430
357,2024-02-14 00:00:00+05:30,909.0761108545504,909.0761108545504,881.9238693664909,893.88037109375,9129,0.0,0.0,2024-02-14,923.0961822509765,24.430160153279438,947.526342404256,898.6660220976971,971.9565025575354,874.2358619444177,-97.071425007421,-113.97809314007803,644261,11198.467558039332,24190.65454560423,827.1782446941804,52.480553569176706,894.9601171049304,907.99636484337,880.8441233553104,922.11235859299,867.8078756168709,935.1486063314295,853.6918818672509,-0.029702971820249,-82.93894141800538,-0.4813409874018362,6.899528470381891,-7.380869457783727,44.764605267479965,21.33861119148,903.6782348632812,923.0961822509765,904.0348901367188,837.9171020507813,GESHIP.BO,2025-07-29 11:48:54.474430
358,2024-02-13 00:00:00+05:30,884.4009884998807,908.3616765803308,877.0174834357799,891.212890625,7788,0.0,0.0,2024-02-13,923.8532318115234,23.700872992344898,947.5541048038683,900.1523588191785,971.2549777962132,876.4514858268336,-136.23845752357178,-103.42080231510911,635132,9524.965052530024,27438.70129249545,827.0133802000172,52.72012832099673,892.1973502137035,907.3772169916272,876.0330238470763,923.5415433582544,860.8531570691526,938.7214101361781,844.6888307025254,-0.03998355703250884,-85.30374162734697,1.550707600780811,8.744745834827823,-7.194038234047012,44.0516773768563,22.21194590373156,914.0035888671875,923.8532318115234,902.7173791503906,836.5997576904297,GESHIP.BO,2025-07-29 11:48:54.474430
359,2024-02-12 00:00:00+05:30,922.9856425243784,922.9856425243784,874.6355992251188,884.40087890625,19393,6.3,0.0,2024-02-12,925.3375518798828,22.445449659309013,947.7830015391918,902.8921022205737,970.2284511985008,880.4466525612647,-171.90167554620572,-81.05093371609664,627344,23536.94819468145,31917.135352486806,826.8777243212326,55.26266208505892,894.0073735519157,913.3791478787127,865.0291045794531,942.3574168511753,845.6573302526562,961.7291911779723,816.6790612801935,-0.043170602141642186,-91.34279118263242,4.39155640604622,10.543255393339576,-6.151698987293356,42.2874708800294,23.117961372153225,927.4651611328125,925.3375518798828,900.2701525878906,835.3729205322265,GESHIP.BO,2025-07-29 11:48:54.474430
360,2024-02-09 00:00:00+05:30,945.7437550466302,945.7437550466302,888.3886902816779,907.9329223632812,18415,0.0,0.0,2024-02-09,927.0039428710937,20.38925448567448,947.3931973567682,906.6146883854193,967.7824518424427,886.2254338997448,-129.0289979711434,-11.503150152001393,646737,22944.652040097564,34012.182141938145,826.5734538466021,59.0650072688346,914.0217892305299,939.6548881793818,882.2998234144295,971.3768539954822,856.6667244655775,997.0099529443341,824.9447586494772,0.004947893227568147,-80.26758178936167,8.633044948633483,12.081180140162914,-3.448135191529431,47.047249049628434,24.093670338145788,934.1969848632813,927.0039428710937,898.0159533691407,834.0640075683593,GESHIP.BO,2025-07-29 11:48:54.474430
361,2024-02-08 00:00:00+05:30,947.3999837804384,957.2904347249407,938.8819020081868,940.964111328125,19627,0.0,0.0,2024-02-08,927.2831481933594,20.151199763982408,947.4343479573417,907.131948429377,967.5855477213241,886.9807486653946,13.711828837977652,76.88358404920598,665152,25344.45580887339,36779.064667398285,826.1627405090248,58.7429502305798,945.7121493537508,952.5423966993147,934.1338639825608,964.1206820705047,927.3036166369968,970.9509294160687,915.7253312658069,0.00412295442709511,-49.446120130447675,11.615082136956175,12.943213938045272,-1.3281318010890963,55.136671352473755,25.644606129742186,935.3138061523438,927.2831481933594,895.495546875,832.764779663086,GESHIP.BO,2025-07-29 11:48:54.474430
362,2024-02-07 00:00:00+05:30,968.222027386273,970.1623034689788,942.6677803291574,945.5071411132812,13753,0.0,0.0,2024-02-07,926.107177734375,19.99646590421011,946.1036436385851,906.1107118301649,966.1001095427952,886.1142459259548,61.128632933111305,93.70522224856394,684779,17845.06954306475,39637.71688202951,825.5417242731114,64.17256521197353,952.7790749704724,962.8903696117874,935.3958464719659,980.2735981102938,925.2845518306509,990.3848927516088,907.9013233321444,0.019195015319264895,-44.61222944530021,12.003935652180758,13.275246888317543,-1.2713112361367855,56.373824220930366,25.489195977445792,933.76162109375,926.107177734375,892.1905297851563,831.0991003417969,GESHIP.BO,2025-07-29 11:48:54.474430
363,2024-02-06 00:00:00+05:30,945.2230922500901,974.3264786920498,910.7721628277457,958.520751953125,65036,0.0,0.0,2024-02-06,925.0069213867188,19.47134377819023,944.478265164909,905.5355776085286,963.9496089430993,886.0642338303383,50.2430356359998,82.68146011145092,698532,85548.28954316536,45085.878716770705,825.0852620924628,61.52559643302029,947.8731311576402,984.9740994875347,921.4197836232305,1011.4274470219443,884.318815293336,1048.5284153518387,857.8654677589263,0.03160217294143743,-30.76544102573204,11.872488573101691,13.593074697351739,-1.7205861242500475,59.95341612360121,25.091689788545303,932.105322265625,925.0069213867188,888.4113403320313,829.286138305664,GESHIP.BO,2025-07-29 11:48:54.474430
364,2024-02-05 00:00:00+05:30,931.6889525878906,937.2729942015344,914.5581076640021,918.0599975585938,24520,0.0,0.0,2024-02-05,923.23232421875,17.801956620518375,941.0342808392684,905.4303675982317,958.8362374597867,887.6284109777133,-44.23457043452565,31.613066153326265,633496,30892.106167323807,34970.276010172034,822.6403575268835,53.40168806627917,923.2970331413768,932.0359586187515,909.3210720812192,946.0119196789091,900.5821466038445,954.7508451562837,886.6061855436869,-0.0910155260961014,-73.81663660028127,10.242666797127754,14.02322122841425,-3.7805544312864967,50.961377064596135,24.66360620049862,928.026123046875,923.23232421875,884.3122509765625,826.94173828125,GESHIP.BO,2025-07-29 11:48:54.474430
365,2024-02-02 00:00:00+05:30,932.3514208406972,951.1858706397442,911.4348193294265,913.5170288085938,15378,0.0,0.0,2024-02-02,924.4390502929688,18.24536227152681,942.6844125644956,906.193688021442,960.9297748360224,887.9483257499152,-26.668032383345356,37.56886173175386,608976,19278.466826815584,35989.818470884085,821.976606012371,58.18714958927253,925.3792395925881,939.3236598557496,899.572608545432,965.1302909029057,885.6281882822705,979.0747111660672,859.8215572351144,-0.07380142423341933,-78.65046234258504,11.985580383454021,14.968359836235873,-2.982779452781852,49.78659398820059,25.517578938560078,939.6485595703125,924.4390502929688,880.6892248535156,824.985048828125,GESHIP.BO,2025-07-29 11:48:54.474430
366,2024-02-01 00:00:00+05:30,936.847009040181,948.7723582480556,909.3998565097353,933.2031860351562,17640,0.0,0.0,2024-02-01,925.0613403320312,18.064588937523062,943.1259292695543,906.9967513945082,961.1905182070774,888.9321624569851,-2.9756268870067273,48.685426813478664,624354,22590.756899510787,40167.65638190121,821.5755002866666,56.90686925574526,930.4584669309825,951.5170773522296,912.1445756139093,969.8309686693028,891.0859651926621,990.88957909055,872.772073875589,-0.04145800048038384,-57.703927421164515,14.482851815819458,15.714054699431337,-1.2312028836118785,55.10275205064038,26.437241887241647,947.6839477539063,925.0613403320312,877.2091125488281,823.0465673828126,GESHIP.BO,2025-07-29 11:48:54.474430
367,2024-01-31 00:00:00+05:30,938.26672279208,958.8520879237693,925.6315907490612,937.2256469726562,26754,0.0,0.0,2024-01-31,924.4461456298828,17.982040456566953,942.4281860864498,906.4641051733158,960.4102265430167,888.4820647167489,41.593902626518144,67.88525399041217,641994,34410.333018396224,44561.88125249882,821.0115965495919,58.583218930409274,940.5697752151623,955.5079596812634,922.2874625065552,973.7902723898704,907.3492780404541,988.7284568559716,889.0669653318471,-0.07037882665256422,-53.423934249937254,15.521890637734714,16.021855420334305,-0.49996478259959076,56.24126025940822,27.521001110896954,945.3367553710938,924.4461456298828,873.3844946289063,820.9220190429687,GESHIP.BO,2025-07-29 11:48:54.474430
368,2024-01-30 00:00:00+05:30,974.9891326172808,975.0363859737244,932.7299591541064,938.124755859375,49510,0.0,0.0,2024-01-30,923.8546112060546,17.732379144622573,941.5869903506772,906.1222320614321,959.3193694952998,888.3898529168094,82.54514650101304,82.36398263216037,668748,63739.62607579105,47099.76831102446,820.1143287903154,57.33937784586285,948.6303669957352,964.5307748373641,922.2243480177461,990.9367938153532,906.3239401761173,1006.8372016569821,879.9179211981282,-0.04970797833143206,-52.46726121938753,16.22084357289134,16.1468466159842,0.07399695690714125,56.48387609341973,27.857562203553087,939.175341796875,923.8546112060546,869.619501953125,818.7178192138672,GESHIP.BO,2025-07-29 11:48:54.474430
369,2024-01-29 00:00:00+05:30,972.338997219813,987.4350001306476,955.9180518127748,976.1721801757812,39087,0.0,0.0,2024-01-29,923.0903442382812,17.411459693244762,940.501803931526,905.6788845450365,957.9132636247707,888.2674248517917,227.4140620567703,120.14378212464125,718258,52361.8224671641,42939.80386983281,818.4037703679787,62.72454354076304,973.1750773730679,990.432102933361,958.9151546154882,1004.6920256909407,941.6581290551951,1021.9490512512338,927.3982062976154,-0.18730985517509013,-11.983905684749773,16.781396174166844,16.12834737675741,0.6530487974094328,67.9998132293111,27.83531171800366,934.3484375,923.0903442382812,865.5043200683593,816.4619171142579,GESHIP.BO,2025-07-29 11:48:54.474430
370,2024-01-25 00:00:00+05:30,931.6889240669485,959.2307000438176,927.9031097599182,953.6939697265625,88135,0.0,0.0,2024-01-25,920.7218444824218,12.274851572756905,932.9966960551787,908.4469929096649,945.2715476279357,896.172141336908,277.75744847020064,83.71270073676733,679171,115348.89378074527,40584.29922049998,816.5774562689579,51.4270867500835,946.9425931767661,965.982076593614,934.6544863097146,978.2701834606655,915.6150028928666,997.3096668775135,903.3268960258151,-0.22433216485487,-8.417223577731777,13.49771497078757,15.96508517740505,-2.467370206617481,63.96988403013806,26.42642175480911,919.2430297851563,920.7218444824218,860.3499353027344,813.7640539550781,GESHIP.BO,2025-07-29 11:48:54.474430
371,2024-01-24 00:00:00+05:30,906.4186461776009,927.0986347305692,902.9167562195867,921.4672241210938,11060,0.0,0.0,2024-01-24,920.1894622802735,10.926357420509966,931.1158197007834,909.2631048597635,942.0421771212934,898.3367474392535,33.51367149279812,44.65840108947453,591036,13985.9189706916,21893.150580438658,812.9025377015181,42.582096006766434,917.1608716904166,931.4049871612465,907.223108650264,941.3427502013991,892.978993179434,955.586865672229,883.0412301392814,-0.3693949363783662,-57.89463519520653,11.30286029296326,16.58192772905942,-5.27906743609616,56.7123671275158,25.69042985917474,913.28037109375,920.1894622802735,855.1576879882813,811.3787438964844,GESHIP.BO,2025-07-29 11:48:54.474430
372,2024-01-23 00:00:00+05:30,941.4846716806375,941.4846716806375,900.6451777691169,906.4185791015625,14916,0.0,0.0,2024-01-23,922.1367858886719,14.158567026603011,936.2953529152749,907.9782188620688,950.4539199418779,893.8196518354658,14.86742909751297,45.859234838570565,579976,18553.983326088128,23869.95848287542,812.5361706747063,36.4428621909885,916.1828095171055,931.7204412650941,890.8809473535736,957.0223034286261,875.343315605585,972.5599351766147,850.041453442053,-0.36052189824108566,-80.51202902295918,11.495371896999814,17.90169458808346,-6.406322691083645,52.56980722835716,26.12508346692968,909.6081176757813,922.1367858886719,851.2015112304688,809.3025592041016,GESHIP.BO,2025-07-29 11:48:54.474430
373,2024-01-19 00:00:00+05:30,918.0599732183526,919.4796535893089,902.0648845988025,913.990234375,13129,0.0,0.0,2024-01-19,924.0580871582031,14.516035442610198,938.5741226008133,909.5420517155928,953.0901580434235,895.0260162729827,-58.0674044593499,43.164370801623484,594892,16467.55764262844,25198.95227207224,812.1069404097367,36.739671215989,911.8449241877038,921.6249637766051,904.2101947860987,929.2596931782102,894.4301551971973,939.0397327671116,886.7954257955922,-0.3084318336765935,-69.1321932287695,13.049736310197659,19.50327526085437,-6.453538950656711,55.0294665467164,26.593171967588855,910.1286743164062,924.0580871582031,847.54630859375,807.4392858886719,GESHIP.BO,2025-07-29 11:48:54.474430
374,2024-01-17 00:00:00+05:30,922.5082524542039,932.2567121035232,893.4521179956608,900.6451416015625,20891,0.0,0.0,2024-01-17,924.046255493164,14.524767211606848,938.5710227047709,909.5214882815571,953.0957899163777,894.9967210699504,-117.4108813007101,42.41092668404757,581763,25820.754481363037,27381.800929433193,811.6952795253322,30.36819479931674,908.7846572335822,924.1171964715035,885.3126023636411,947.5892513414445,869.9800631257198,962.9217905793658,846.5080082557787,-0.33668468839314664,-89.18922949568872,14.096377178798775,21.116659998518546,-7.020282819719771,51.297939327327,28.158845950422368,911.5104858398438,924.046255493164,843.8964379882813,805.6251458740235,GESHIP.BO,2025-07-29 11:48:54.474430
375,2024-01-16 00:00:00+05:30,903.815849014611,927.4298771601324,903.815849014611,923.8806762695312,28979,0.0,0.0,2024-01-16,925.4966979980469,13.475449984217107,938.972147982264,912.0212480138298,952.4475979664811,898.5457980296127,-29.511454921762738,56.42727082793887,602654,36741.36330253487,27772.06254145073,811.1196928754514,18.14460783328103,918.3754674814248,932.9350859482387,909.3210578027173,941.9894956269462,894.7614393359034,956.5491140937601,885.7070296571959,-0.24625641983493632,-56.02049198650689,16.53710262190998,22.871730703448485,-6.334628081538504,59.244448948447356,29.844956393473844,914.927197265625,925.4966979980469,840.7087219238281,803.8167907714844,GESHIP.BO,2025-07-29 11:48:54.474430
376,2024-01-15 00:00:00+05:30,913.3276434564423,918.2965244182519,899.1308407084147,903.10595703125,10085,0.0,0.0,2024-01-15,922.9743957519531,17.81598096703199,940.7903767189852,905.1584147849211,958.6063576860171,887.3424338178892,-136.4149471023595,46.81913300841343,573675,12498.865596382928,25529.737351179694,810.0983669811304,12.955197286532155,906.8444407193056,914.5580407301965,895.3923570203592,926.0101244291428,887.6787570094683,933.7237244400337,876.226673310522,-0.23776700110128063,-88.25260473821643,17.123060530685507,24.45538772383311,-7.332327193147602,53.23216554101826,31.04481381817257,912.8544677734375,922.9743957519531,837.0478454589844,801.8483624267578,GESHIP.BO,2025-07-29 11:48:54.474430
377,2024-01-12 00:00:00+05:30,939.26056606642,939.26056606642,906.3239349123221,909.0213623046875,7536,0.0,0.0,2024-01-12,920.3692840576172,23.708831463693144,944.0781155213103,896.660452593924,967.7869469850034,872.9516211302309,-65.3728170767621,62.071734545177314,583760,9400.933220425026,28787.455289878882,809.8042720883062,12.729281290904169,918.2019544278099,930.0799739432978,897.1433427891999,951.1385855819078,885.265323273712,963.0166050973957,864.206711635102,-0.20143437483095375,-84.58620939900459,19.659818982347133,26.28846952212001,-6.628650539772877,55.39500252841909,32.77056932440273,915.722216796875,920.3692840576172,833.9827001953125,800.1299230957031,GESHIP.BO,2025-07-29 11:48:54.474430
378,2024-01-11 00:00:00+05:30,936.0898597157519,936.7996998688805,911.955294509379,920.8992919921875,8564,0.0,0.0,2024-01-11,915.4950439453125,33.96645965592286,949.4615036012354,881.5285842893896,983.4279632571582,847.5621246334669,-20.062709116897665,70.95768876529911,591296,10822.928420983873,33634.08580724234,809.5692828644744,21.8294024999754,923.2180954568157,934.4808964042525,909.636491044751,948.0625008163172,898.3736900973142,959.3253017637539,884.7920856852495,-0.2043862651725082,-72.01043128609697,22.0271846778885,27.945632157063226,-5.918447479174727,59.93256445982567,34.207178217298186,918.6183471679688,915.4950439453125,830.7739013671875,798.2795782470703,GESHIP.BO,2025-07-29 11:48:54.474430
379,2024-01-10 00:00:00+05:30,913.3276666599944,924.1172601293857,895.5343516504726,917.7286987304688,23723,0.0,0.0,2024-01-10,910.005615234375,41.157523039086755,951.1631382734618,868.8480921952882,992.3206613125485,827.6905691562015,-153.19938029794213,63.92199824755048,582732,29877.201100018545,39336.87515380696,809.2688275008292,26.477354341350406,912.4601035034424,929.3858553564122,900.802946877499,941.0430119823556,883.8771950245292,957.9687638353254,872.2200383985859,-0.21483700953192414,-75.50910058187166,23.554588823746144,29.425244026856905,-5.870655203110761,59.10250963945581,35.41982477970936,919.0442504882812,910.005615234375,827.3228479003906,796.128812866211,GESHIP.BO,2025-07-29 11:48:54.474430
380,2024-01-09 00:00:00+05:30,919.4796749517527,927.903135121907,912.4285840587958,913.5170288085938,7374,0.0,0.0,2024-01-09,905.5998748779297,44.838813426096074,950.4386883040257,860.7610614518336,995.2775017301218,815.9222480257375,-106.71616964887767,73.76080420708746,559009,9244.336999670833,41701.79366725407,808.4518903069851,38.133201919046094,917.9495826630988,923.4705812674018,907.9960302042906,933.42413372621,902.4750315999876,938.945132330513,892.5214791411794,-0.23316959556932482,-80.95987941508842,25.465496667721595,30.89290782763459,-5.427411159912996,58.030275837306654,37.26903868929593,923.9374145507812,905.5998748779297,824.5050109863281,793.7074847412109,GESHIP.BO,2025-07-29 11:48:54.474430
381,2024-01-08 00:00:00+05:30,923.8806323375758,927.3824641695649,910.9142074804315,917.4447021484375,35126,0.0,0.0,2024-01-08,901.5064636230469,47.72223573428598,949.2286993573329,853.7842278887609,996.9509350916188,806.061992154475,-98.91032016667936,78.35183118689287,566383,44224.66813615006,49816.15783414987,808.2053262637531,44.33173551249321,918.5804579328113,926.2467083851911,909.7784516960578,935.0487146219447,902.112201243678,942.7149650743245,893.3101950069245,-0.24015873637168522,-65.43489036173972,27.940982586515588,32.249760617612836,-4.308778031097248,59.379725828110274,38.23264717503323,926.4265747070312,901.5064636230469,821.2494775390625,791.4974957275391,GESHIP.BO,2025-07-29 11:48:54.474430
382,2024-01-05 00:00:00+05:30,927.5244415853991,935.9005320582471,915.5044704318742,923.5020141601562,19729,0.0,0.0,2024-01-05,897.9312377929688,49.1232407764934,947.0544785694622,848.8079970164754,996.1777193459556,799.684756239982,-64.53010540080788,88.71123678528875,601509,25003.39076354672,51214.030258649815,806.9703513735512,50.11174640935204,924.9690055500924,934.4335406683107,914.0374790419378,945.3650671764653,904.5729439237195,954.8296022946836,893.6414174155649,-0.23514076550941987,-43.595635602149315,30.300190175039802,33.326955125387144,-3.026764950347342,61.424957039107575,39.290323250591484,927.1174926757812,897.9312377929688,818.2242297363281,789.205166015625,GESHIP.BO,2025-07-29 11:48:54.474430
383,2024-01-04 00:00:00+05:30,942.3364837849272,953.1260194072232,920.8992881432646,923.02880859375,33513,0.0,0.0,2024-01-04,893.9372039794922,50.17097997670697,944.1081839561991,843.7662240027853,994.2791639329062,793.5952440260783,-28.885166851637745,100.19245685187889,581780,42450.67018391161,57766.69013242558,806.2256782463603,53.565215914397825,932.3513720480793,943.803455952894,911.5767246889353,964.5781033120379,900.1246407841206,976.0301872168526,879.3499934249767,-0.23509105887386628,-36.53791366709709,32.26504355351051,34.08364636297397,-1.8186028094634636,61.32903247995968,40.15146406553546,927.4960815429688,893.9372039794922,815.3050048828125,786.8332232666015,GESHIP.BO,2025-07-29 11:48:54.474430
384,2024-01-03 00:00:00+05:30,932.1621344130747,959.9878344187698,931.3103031022414,942.1945190429688,39599,0.0,0.0,2024-01-03,889.7680786132812,51.082475075161774,940.850553688443,838.6856035381194,991.9330287636047,787.6031284629577,52.66539914816625,117.05671375341684,615293,51201.275586340154,61595.695119554075,804.9438657658786,54.15866972483408,944.4975521879933,957.6848012737452,929.0072699572167,973.1750835045217,915.8200208714649,986.3623325902736,900.3297386406883,-0.2167957541268792,-24.45375335954772,34.3383905703123,34.53829706533984,-0.1999064950275411,67.70560962048133,40.756563932906296,927.458203125,889.7680786132812,812.9847631835937,784.4406280517578,GESHIP.BO,2025-07-29 11:48:54.474430
385,2024-01-02 00:00:00+05:30,920.3314770467712,939.828397534363,909.541883213014,925.9628295898438,26935,0.0,0.0,2024-01-02,885.2534912109375,50.18732583391662,935.440817044854,835.0661653770209,985.6281428787706,784.8788395431043,-45.14060017550896,104.21793389647665,575694,34226.81770457725,64194.30000285755,803.1407496631656,50.50525644981663,925.1110367790735,940.680190345133,910.393676023784,955.3975511004226,894.8245224577245,970.9667046664821,880.107161702435,-0.17560762211678976,-33.48245345389918,34.58509230409277,34.588273689096724,-0.0031813850039554836,64.8308963933165,40.77466634982967,924.779736328125,885.2534912109375,810.6529370117188,782.0358856201171,GESHIP.BO,2025-07-29 11:48:54.474430
386,2024-01-01 00:00:00+05:30,919.3376205485287,936.7996998688805,918.1072425031604,920.8992919921875,16127,0.0,0.0,2024-01-01,881.1482513427734,50.0399102394174,931.1881615821908,831.108341103356,981.2280718216082,781.0684308639386,-7.913008496899789,110.4383380891781,548759,20380.822821719623,71686.17057742762,802.0333184261644,52.00707731180015,925.2687447880761,932.4302470729918,913.7377897072718,943.9612021537962,906.576287422356,951.1227044387119,895.0453323415517,-0.14118414969265528,-36.29899097562397,35.975504207815106,34.589069035347705,1.386435172467401,63.9006145192513,41.3709126959267,928.196435546875,881.1482513427734,808.4439196777344,780.0355261230469,GESHIP.BO,2025-07-29 11:48:54.474430
387,2023-12-29 00:00:00+05:30,927.3824878442824,941.5319799699196,906.5131986205405,925.3949584960938,31347,0.0,0.0,2023-12-29,876.2811157226563,50.69970152424527,926.9808172469016,825.581414198411,977.6805187711468,774.8817126741658,14.357182059481802,116.17552466984463,564886,39808.80139083285,84512.50751635461,801.3881317495558,49.420189831075874,924.480045695518,942.4468927704955,907.4281114211165,959.4988270448971,889.4612643461389,977.4656741198746,872.4093300717374,-0.15215745532355704,-33.79832555165749,37.70925111753468,34.242460242230855,3.466790875303822,65.32762594165379,41.47748373421898,936.09931640625,876.2811157226563,806.4244140625,778.1134533691406,GESHIP.BO,2025-07-29 11:48:54.474430
388,2023-12-28 00:00:00+05:30,932.2566397994294,937.178209248204,919.5268294589337,922.8394165039062,228420,0.0,0.0,2023-12-28,871.4116088867188,50.41038115043944,921.8219900371582,821.0012277362794,972.2323711875977,770.5908465858399,31.135416563888047,125.27184961058731,533539,289278.56311767705,95688.43404773506,800.065855590298,51.07224552777702,926.5148184036813,933.5028073484289,915.8514275591585,944.1661981929516,908.8634386144109,951.1541871376992,898.2000477698882,-0.09261798571146314,-35.21981789184888,38.91486521569175,33.375762523404894,5.539102692286853,64.91371918316699,41.59225254468759,939.9892456054688,871.4116088867188,804.4229479980469,,GESHIP.BO,2025-07-29 11:48:54.474430
389,2023-12-27 00:00:00+05:30,950.7599193708719,954.9716492982714,923.644059330942,928.8021850585938,13788,0.0,0.0,2023-12-27,863.7122161865234,53.78859925496736,917.5008154414908,809.923616931556,971.2894146964582,756.1350176765886,52.56264997105349,143.73354371732353,761959,17574.399383862336,47290.901780249565,789.7228483353922,75.23016901671065,935.8059645626023,947.9678697942626,916.6402798269332,967.1335545299316,904.478374595273,979.2954597615919,885.3126898596039,0.08804834349493346,-31.90309296510761,40.12047959490087,31.99098685033318,8.129492744567692,66.63333771822786,40.923207619367396,938.1720825195313,863.7122161865234,802.1881604003906,,GESHIP.BO,2025-07-29 11:48:54.474430
390,2023-12-26 00:00:00+05:30,961.1235651011227,983.0339875501841,940.0649739406107,943.0463256835938,18209,0.0,0.0,2023-12-26,855.8566528320313,55.235416056618156,911.0920688886495,800.6212367754131,966.3274849452675,745.385820718795,88.24760904210638,177.89984628894845,775747,23565.416051157208,54720.02737934637,789.011985434239,75.52175806297475,955.3817623914629,970.6985508423151,927.7295372327417,998.3507760010363,912.4127487818895,1013.6675644518884,884.7605236231683,0.08408885680108966,-23.97994521291025,40.46890292585226,29.958613664191258,10.510289261661004,70.79408811617286,39.94716857546678,938.3424438476562,855.8566528320313,799.8510144042968,,GESHIP.BO,2025-07-29 11:48:54.474430
391,2023-12-22 00:00:00+05:30,946.0749025503295,986.1571854675425,938.6452656266841,960.4136962890625,55264,0.0,0.0,2023-12-22,847.7999664306641,53.57510855675004,901.3750749874141,794.2248578739141,954.9501835441641,740.649749317164,121.56489061837692,203.02548913108953,793956,72837.77138008649,62508.68021139365,787.9651773494256,80.13701945874966,961.7387157944298,984.8321659621755,937.3202461213172,1009.2506356352882,914.2267959535715,1032.344085803034,889.8083262804588,0.10588634713438204,-14.319534873181642,38.89899314520153,27.331041348776004,11.567951796425525,76.18222865186782,37.842553649295155,924.4201049804688,847.7999664306641,797.0740991210937,,GESHIP.BO,2025-07-29 11:48:54.474430
392,2023-12-21 00:00:00+05:30,910.251737435473,969.026482090321,896.4335381699517,944.8446044921875,43491,0.0,0.0,2023-12-21,838.5649444580079,48.85234563745644,887.4172900954643,789.7125988205514,936.2696357329207,740.860253183095,128.40199627072636,194.64354428792853,738692,56391.77561682875,59926.407419220435,784.3334232249424,79.16321882006129,936.7682082508201,977.1028783316884,904.5099344113191,1009.3611521711894,864.1752643304508,1049.6958222520577,831.9169904909498,0.10579640466597283,-14.867604869493688,34.5892313490541,24.439053399669618,10.150177949384485,74.5713242140627,35.57604526726418,902.5381103515625,838.5649444580079,793.8184143066406,,GESHIP.BO,2025-07-29 11:48:54.474430
393,2023-12-20 00:00:00+05:30,932.5406811338295,951.185827819602,899.1308820185292,913.7536010742188,98439,0.0,0.0,2023-12-20,829.15009765625,45.307814145939446,874.4579118021894,783.8422835103105,919.7657259481289,738.534469364371,155.29469801820497,196.91028104526666,695201,123438.96829780671,60810.06536981835,781.6283599501124,78.50032289573048,921.3567703041166,943.582658589704,891.5277127886312,973.4117161051894,869.3018245030438,995.6376043907768,839.4727669875584,0.10212045140539425,-25.84965519647455,30.080670645359646,21.901508912323497,8.17916173303615,70.92518695969669,33.35445796217425,875.8765014648437,829.15009765625,790.8562756347657,,GESHIP.BO,2025-07-29 11:48:54.474430
394,2023-12-19 00:00:00+05:30,884.3188439272429,940.4435851856039,881.1482476680811,929.6539916992188,69554,0.0,0.0,2023-12-19,821.1407318115234,43.69470862542132,864.8354404369447,777.4460231861021,908.530149062366,733.7513145606808,255.22091164333006,209.42256798965923,793640,88735.91622454023,45152.839637821264,776.3885418004808,76.08979575743264,917.0819415176346,953.0156353671881,893.7202978496654,976.3772790351574,857.7866040001119,1012.3109728847108,834.4249603321426,0.20768946895024382,-6.453450620373372,26.914571737924007,19.856718479064458,7.057853258859549,76.10756146932205,31.21373905848672,855.3479248046875,821.1407318115234,788.3019287109375,,GESHIP.BO,2025-07-29 11:48:54.474430
395,2023-12-18 00:00:00+05:30,868.0398923519215,886.6376698606144,842.4382777328947,873.4346313476562,53228,0.0,0.0,2023-12-18,811.503466796875,39.561873721976504,851.0653405188516,771.9415930748985,890.627214240828,732.379719352922,165.12438823996774,145.38146077822046,724086,63800.861678430796,34257.070491141516,771.9700630421976,68.94488977140233,867.5035263137219,892.568774894549,848.3693827668293,911.7029184414416,823.3041341860021,936.7681670222688,804.1699906391095,0.1433884504118934,-10.402699442320403,20.887261609458164,18.09225516434957,2.7950064451085943,68.5665548559677,29.07041700555301,835.3399047851562,811.503466796875,785.2268090820312,,GESHIP.BO,2025-07-29 11:48:54.474430
396,2023-12-15 00:00:00+05:30,814.7071952446989,862.3611656184823,813.3821949495685,851.0037231445312,36129,0.0,0.0,2023-12-15,804.8073059082031,39.86048720695256,844.6677931151557,764.9468187012505,884.5282803221082,725.0863314942981,49.25973616675328,109.4240347804532,670858,42193.289912630105,26871.122694319194,769.681042596578,60.954359485468075,842.249027904194,871.1158608588195,822.1368901899057,891.2279985731078,793.2700572352802,920.0948315277333,773.1579195209919,0.10872074882006476,-11.065011294151988,18.390759712796694,17.39350355307242,0.9972561597242731,64.40439265658438,27.825294164105358,826.9827392578125,804.8073059082031,783.5389184570313,,GESHIP.BO,2025-07-29 11:48:54.474430
397,2023-12-14 00:00:00+05:30,825.4020690868115,825.4020690868115,806.3783769624303,811.5365600585938,28888,0.0,0.0,2023-12-14,799.3557342529297,40.657780993302445,840.0135152462321,758.6979532596272,880.6712962395345,718.0401722663248,-146.77222633031138,62.7221763274968,634729,32172.258804629266,23040.580889741464,768.4164099462632,59.159487090018935,814.4390020359451,822.49962710946,803.4759349850788,833.4626941603264,795.4153099115639,841.5233192338412,784.4522428606975,0.06991818162042283,-48.422101216425034,17.124937490669822,17.144189513141352,-0.01925202247153024,54.576489094790425,27.178370136178216,825.9700317382812,799.3557342529297,782.5681176757812,,GESHIP.BO,2025-07-29 11:48:54.474430
398,2023-12-13 00:00:00+05:30,827.4843531482644,829.3299491820007,809.0758194703795,811.1107177734375,16830,0.0,0.0,2023-12-13,796.2277069091797,42.05391315864283,838.2816200678225,754.1737937505369,880.3355332264654,712.119880591894,-124.31497617394474,64.57448799056455,605841,18733.556933684806,20757.66141101951,767.873499227324,71.03134466318134,816.5054954752726,823.9351714801656,803.6810417685444,836.7596251868938,796.2513657636514,844.1893011917869,783.4269120569232,0.1409030539479781,-48.84596837602981,19.131750290642685,17.149002518759232,1.982747771883453,54.44926290126836,27.971519232620587,832.3869873046875,796.2277069091797,782.2336499023437,,GESHIP.BO,2025-07-29 11:48:54.474430
399,2023-12-12 00:00:00+05:30,832.784545822015,836.7596047288195,820.811884674156,829.6138916015625,6614,0.0,0.0,2023-12-12,792.2904541015625,44.21771391273965,836.5081680143022,748.0727401888229,880.7258819270419,703.8550262760832,-1.3937125370653778,86.75432573934519,622671,7530.021125582033,21263.687530353185,767.5539999062793,75.59192096308945,829.0617936681792,837.3117026622025,821.363982607539,845.0095137228427,813.1140736135158,853.259422716866,805.4162625528755,0.1448287932423375,-27.17708884560415,21.4531428082272,16.65331557578837,4.79982723243883,61.30955465427851,28.636736631004375,838.0941040039063,792.2904541015625,781.8344799804687,,GESHIP.BO,2025-07-29 11:48:54.474430
400,2023-12-11 00:00:00+05:30,848.0224397099847,848.0224397099847,828.9040651184913,831.6488037109375,22649,0.0,0.0,2023-12-11,786.7324066162109,46.22030747285936,832.9527140890702,740.5120991433516,879.1730215619297,694.2917916704922,34.79435548189973,100.99804962821695,629285,25849.07385577724,24697.10413154597,767.3732549059677,78.14037975914462,836.1917695131378,843.4794739077844,824.361099316291,855.3101441046313,817.0733949216444,862.5978484992778,805.2427247247975,0.18521079063499318,-21.999200773070037,22.2778987937553,15.453358767678658,6.82454002607664,62.106869491570905,28.501424049985484,842.5518798828125,786.7324066162109,781.3205786132812,,GESHIP.BO,2025-07-29 11:48:54.474430
401,2023-12-08 00:00:00+05:30,850.1992265929157,853.1332673070197,830.513003977938,845.940185546875,9142,0.0,0.0,2023-12-08,779.8540466308593,49.31663080746638,829.1706774383257,730.537415823393,878.4873082457921,681.2207850159266,60.147918378711125,117.52324767055687,651934,10612.968167727495,24409.111700488153,766.7257560290861,80.17623385280885,843.1954856106108,855.8779672432837,833.257703914202,865.8157489396925,820.5752222815291,878.4982305723654,810.6374405851203,0.14332330754299344,-10.945441106824239,22.79588444939793,13.747223761159496,9.048660688238435,67.8768576305523,27.72215119689348,844.9937255859375,779.8540466308593,780.6730456542969,,GESHIP.BO,2025-07-29 11:48:54.474430
402,2023-12-07 00:00:00+05:30,839.5042881075834,856.4458295425732,834.8193315416448,843.621337890625,8641,0.0,0.0,2023-12-07,773.739956665039,48.26102490819838,822.0009815732374,725.4789317568407,870.2620064814357,677.2179068486423,75.91534632166885,126.67585392644278,642792,10003.858714838658,27858.147583678314,766.4023417245409,80.70640930316222,844.9621663249477,855.1050011082506,833.4785031073222,866.588664325876,823.3356683240194,876.7314991091789,811.8520051063939,0.13396978127505146,-12.727286881265934,21.7061862905922,11.485058589099886,10.221127701492314,67.42055812935871,26.757109741181434,840.5170043945312,773.739956665039,779.1820861816407,,GESHIP.BO,2025-07-29 11:48:54.474430
403,2023-12-06 00:00:00+05:30,852.3287443497497,860.1842973668973,835.7184958774869,839.6463012695312,13293,0.0,0.0,2023-12-06,767.741812133789,46.54290570847834,814.2847178422674,721.1989064253107,860.8276235507457,674.6560007168324,90.05958091728202,135.4341382272051,634151,15317.058549412895,32321.719800888226,766.1031971976374,81.53831820158658,845.1830315046385,854.6475671317901,830.1817656423797,869.6488329940489,820.7172300152281,879.1133686212005,805.7159641529693,0.1273510562524612,-15.781779136268677,20.210532185379293,8.929776663726805,11.280755521652488,66.66628951920558,25.391871345431383,837.393701171875,767.741812133789,777.515029296875,,GESHIP.BO,2025-07-29 11:48:54.474430
404,2023-12-05 00:00:00+05:30,847.0758812599349,854.6475092488505,834.2987590286398,851.9027709960938,35184,0.0,0.0,2023-12-05,762.3343322753906,43.96005058063864,806.2943828560292,718.374281694752,850.2544334366678,674.4142311141134,117.06392679775198,148.6885778328266,647444,41133.08011046256,36572.88511375706,765.6622832642161,85.83438888644366,846.9496797578613,859.6006004870828,839.2518502668721,867.298429978072,826.6009295376506,879.9493507072935,818.9031000466614,0.12031577329482344,-2.8669148689279407,18.380902396913143,6.109587783313684,12.27131461359946,71.39418595982416,23.85612193166235,823.2347534179687,762.3343322753906,775.5407202148438,,GESHIP.BO,2025-07-29 11:48:54.474430
405,2023-12-04 00:00:00+05:30,824.4084217105255,848.0224512995436,814.3760363532688,843.8580322265625,38854,0.0,0.0,2023-12-04,756.8021606445312,38.74802989069974,795.550190535231,718.0541307538315,834.2982204259307,679.3061008631317,133.9960973679171,134.7903206449959,612260,44994.67434409735,35432.83636458068,764.2717156321758,85.09556740433129,835.4188399597916,856.4616435663145,822.8152286200396,869.0652549060665,801.7724250135168,890.1080585125893,789.1688136737648,0.07162328919059716,-9.27949319491114,14.552846749262017,3.0417591299138182,11.5110876193482,70.10305784690053,22.348780597892482,807.1923828125,756.8021606445312,773.8469641113281,,GESHIP.BO,2025-07-29 11:48:54.474430
406,2023-12-01 00:00:00+05:30,828.1941673244012,855.4993869004264,817.8304893991352,823.5565795898438,33316,0.0,0.0,2023-12-01,751.6511016845703,32.98507213400528,784.6361738185756,718.6660295505651,817.6212459525809,685.6809574165597,172.12861172991992,135.419706470351,573406,37653.23398707923,33042.37686970151,762.8288939627616,84.49166105483158,832.2954852964685,846.7604811938019,809.0915836925107,869.9643827977598,794.6265877951773,884.4293786950931,771.4226861912194,-0.01013543022146792,-19.633513820447362,10.223562704204255,0.16398722507676822,10.059575479127487,66.5649386795161,20.90077768290156,794.8032958984375,751.6511016845703,772.5525378417968,,GESHIP.BO,2025-07-29 11:48:54.474430
407,2023-11-30 00:00:00+05:30,776.9910127623001,832.879080411527,773.2525098820654,828.0048217773438,60961,0.0,0.0,2023-11-30,747.965707397461,28.31541610075662,776.2811234982175,719.6502912967044,804.5965395989742,691.3348751959477,163.69665398929877,93.31851272648126,606722,69269.3220048933,31889.662590357082,761.8699742648682,73.3782004258276,811.3788040236453,849.5050981652253,789.8785276357637,871.0053745531069,751.7522334941838,909.1316686946868,730.2519571063021,0.037774275678757505,-3.3904028298057596,6.525250244008589,-2.3509066447051037,8.876156888713693,68.20802526901056,19.125295176071855,785.2346313476562,747.965707397461,771.7993139648438,,GESHIP.BO,2025-07-29 11:48:54.474430
408,2023-11-29 00:00:00+05:30,779.2152410225451,779.2152410225451,759.7183198768457,768.8515625,12196,0.0,0.0,2023-11-29,743.9945373535156,21.166269631633913,765.1608069851495,722.8282677218817,786.3270766167834,701.6619980902478,52.63248870719432,-2.3693701564949365,545761,12868.143800973132,22544.747736723024,759.9022779456869,66.62154432716773,769.2617077997969,778.8050957227481,759.3081745770487,788.7586289454963,749.7647866540975,798.3020168684475,739.8112534313493,-0.08828106255247671,-23.33931785914606,1.2533377084131416,-4.569945866883526,5.823283575296668,54.27807913522435,17.80638635894618,770.9432006835938,743.9945373535156,770.4821362304688,,GESHIP.BO,2025-07-29 11:48:54.474430
409,2023-11-28 00:00:00+05:30,778.0321686282969,791.2825189993736,769.5140862468904,771.69091796875,14793,0.0,0.0,2023-11-28,742.9692901611328,20.380918202354735,763.3502083634876,722.588371958778,783.7311265658423,702.2074537564233,105.14396329993633,14.98859402946613,557957,15665.910274070717,24963.898720660494,759.8486891259986,66.12816689520594,777.4958410716713,785.4775958964522,763.709163143969,799.2642738241544,755.7274083191882,807.2460286489353,741.9407303914859,-0.10653849798491624,-20.60956997577823,0.31040192563273195,-6.025766760707693,6.336168686340425,55.35952096423409,18.51948605509038,767.8861450195312,742.9692901611328,770.4756884765625,,GESHIP.BO,2025-07-29 11:48:54.474430
410,2023-11-24 00:00:00+05:30,778.88393484273,791.2351417095695,772.9212892277321,781.91259765625,23249,0.0,0.0,2023-11-24,743.2265869140625,20.79095272221032,764.0175396362729,722.4356341918522,784.8084923584831,701.6446814696419,160.44161679097712,22.364677189502054,572750,24947.008569808437,27288.395832307935,759.7620480135205,65.02993375547486,782.0230095311839,791.1247298346357,772.8108773527983,800.3368620130212,763.7091570493466,809.438582316473,754.497024870961,-0.05817193180188587,-10.782477595654044,-1.1811781670556911,-7.6098089322927995,6.428630765237108,59.30809748590678,18.62251123382669,760.9296997070312,743.2265869140625,770.1120617675781,,GESHIP.BO,2025-07-29 11:48:54.474430
411,2023-11-23 00:00:00+05:30,761.2798411220206,793.1280241483563,760.0494631391396,775.7132568359375,66349,0.0,0.0,2023-11-23,741.6679748535156,18.8124741107218,760.4804489642374,722.8555007427938,779.2929230749592,704.043026632072,174.2107643914601,8.925345336429263,549501,70630.38664515718,27873.742647932806,759.504388765265,61.285564058567196,776.2969147078111,792.5443662764826,759.4658052672659,809.3754757170278,743.2183536985943,825.6229272856993,726.3872442580491,-0.06276370137183662,-16.74250537969683,-4.079636616053904,-9.216966623602076,5.137330007548172,57.60467524998942,18.49547776812484,752.449462890625,741.6679748535156,770.0340124511719,,GESHIP.BO,2025-07-29 11:48:54.474430
412,2023-11-22 00:00:00+05:30,755.2699791929936,759.0557936250386,747.6983503289034,756.5476684570312,16509,0.0,0.0,2023-11-22,741.1914276123047,18.008191143193866,759.1996187554985,723.1832364691109,777.2078098986924,705.1750453259169,107.97698683265688,-38.6777108432257,483152,17140.08823207184,17184.581648626707,758.9478367334583,47.105167601838595,754.4339374703244,761.1695246117454,749.8120813156102,765.7913807664596,743.0764941741892,772.5269679078806,738.4546380194749,-0.07788309770744717,-5.315484435101114,-7.1181879341185095,-10.501299125489117,3.383111191370608,51.81321608881557,18.358672497369003,745.70126953125,741.1914276123047,770.0076708984375,,GESHIP.BO,2025-07-29 11:48:54.474430
413,2023-11-21 00:00:00+05:30,733.0282317873266,760.3333920079428,730.4727957977535,753.5662841796875,19481,0.0,0.0,2023-11-21,742.2410827636719,19.500376737331376,761.7414595010033,722.7407060263405,781.2418362383346,703.2403292890092,94.39331834824971,-52.56133481097259,466643,20145.993708795388,17195.705002765422,758.9685194475927,44.7651846944486,748.1241573284614,765.7755188591692,735.9149226489799,777.9847535386507,718.263561118272,795.6361150693585,706.0543264387906,-0.15391032445908498,-9.501606720089363,-9.013082994413026,-11.34707692333177,2.333993928918744,50.84391935849271,19.522768272717276,744.1869384765625,742.2410827636719,770.1609362792968,,GESHIP.BO,2025-07-29 11:48:54.474430
414,2023-11-20 00:00:00+05:30,744.8116129996058,744.9535463681825,730.046903350484,736.90869140625,15278,0.0,0.0,2023-11-20,744.9136047363281,24.22461248841891,769.138217224747,720.6889922479093,793.362829713166,696.4643797594903,45.65610388504894,-76.29442362910439,447162,15450.273546033188,16458.13282625793,759.0240163232869,36.35972118614293,737.3030470416388,744.5591907327937,729.6525477150951,752.2096900593374,722.3964040239402,759.4658337504923,714.7459046973966,-0.20768853397409268,-30.914983784734034,-11.008939839833488,-11.930575405561454,0.921635565727966,45.1122919300731,20.77640987693849,739.9468139648437,744.9136047363281,769.5712255859376,,GESHIP.BO,2025-07-29 11:48:54.474430
415,2023-11-17 00:00:00+05:30,742.0195384371907,745.3321256623567,736.0095818640214,739.5114135742188,7799,0.0,0.0,2023-11-17,749.3483306884766,30.09039285511996,779.4387235435966,719.2579378333567,809.5291163987165,689.1675449782367,58.69475493123372,-73.21127436446015,462440,7914.797175030516,16710.097646314116,759.2036371619847,35.20832186293403,740.2843737001989,744.5591655363764,735.2366217380411,749.6069174985342,730.9618299018636,753.8817093347118,725.9140779397057,-0.17064795550176473,-31.99710438858134,-11.756918787876543,-12.160984296993444,0.40406550911690076,45.887664305932994,21.097520433269903,736.2556640625,749.3483306884766,769.2808728027344,,GESHIP.BO,2025-07-29 11:48:54.474430
416,2023-11-16 00:00:00+05:30,749.4966074971145,751.3421457507428,736.6721153705809,741.9722900390625,5806,0.0,0.0,2023-11-16,753.1483581542968,33.39970076637325,786.5480589206701,719.7486573879236,819.9477596870433,686.3489566215503,70.14918140805757,-70.10155063367607,470239,5911.813245955032,18908.922764135015,759.2856222605859,40.07856926600906,743.3288503867954,749.9855854030098,735.3155550228479,757.9988807669573,728.6588200066334,764.6556157831718,720.6455246426859,-0.15593229121571764,-44.330385439432874,-12.792752066869866,-12.262000674272667,-0.5307513925971996,46.59121688891078,21.757254391508678,727.1697021484375,753.1483581542968,768.8840222167969,,GESHIP.BO,2025-07-29 11:48:54.474430
417,2023-11-15 00:00:00+05:30,730.7094707464543,752.099356193455,730.7094707464543,748.9760131835938,26566,0.0,0.0,2023-11-15,757.0459442138672,36.437054605225796,793.4829988190929,720.6088896086414,829.9200534243188,684.1718350034156,65.58920631026734,-72.4720101414925,476045,27305.49575530056,22158.20014368001,759.3394501167979,39.269650979614966,743.9282800411678,757.1470893358813,735.7572038888806,765.3181654881686,722.538394594167,778.5369747828821,714.3673184418798,-0.16921943585908225,-36.95433994334468,-14.167462021863116,-12.129312826123366,-2.0381491957397504,48.5583926350538,22.501883970945784,723.5069213867188,757.0459442138672,768.4595434570313,,GESHIP.BO,2025-07-29 11:48:54.474430
418,2023-11-13 00:00:00+05:30,735.3943241878668,738.9435245941789,730.4254436190299,732.3656616210938,20464,0.0,0.0,2023-11-13,760.8632263183594,39.42383469447659,800.2870610128359,721.4393916238828,839.7108957073125,682.0155569294062,9.25034126116036,-99.10826055456052,449479,20567.167689458587,20871.37624077487,759.4890054492796,29.950239049729362,733.9115432781009,737.3976429371719,728.8795619620229,742.4296242532499,725.3934623029519,745.9157239123209,720.3614809868739,-0.27449383224034174,-56.47028271309057,-16.402609440264996,-11.619775527188427,-4.782833913076569,43.28186846207751,23.30379274880113,718.443408203125,760.8632263183594,767.8161364746094,,GESHIP.BO,2025-07-29 11:48:54.474430
419,2023-11-10 00:00:00+05:30,696.6371968370917,721.6235962790495,692.8040711117886,718.4529418945312,30134,0.0,0.0,2023-11-10,764.7999450683594,40.34861696169947,805.1485620300589,724.45132810666,845.4971789917583,684.1027111449605,-108.01563845813332,-161.51749426592522,429015,29710.577936642378,20947.428378603938,759.7939076003134,20.287987191913885,710.9602030951231,729.1163350784576,700.2968099111968,739.779728262384,682.1406779278623,757.9358602457185,671.4772847439359,-0.26328015940651334,-74.77369016478482,-17.37988311084746,-10.424067048919284,-6.955816061928175,38.36567628963339,23.3470770339799,718.2696166992188,764.7999450683594,767.4195141601563,,GESHIP.BO,2025-07-29 11:48:54.474430
420,2023-11-09 00:00:00+05:30,725.0306429064703,728.6745232942858,689.1127234661943,694.0816040039062,44305,0.0,0.0,2023-11-09,769.4745422363281,40.11153557136531,809.5860778076934,729.3630066649629,849.6976133790588,689.2514710935975,-168.89113732007192,-192.7023366592433,398881,42200.66195978022,18756.640989094325,760.4897538447985,9.250271560636449,703.9562835881288,718.7998437100633,679.2380438819719,743.5180834162203,664.3944837600374,758.3616435381548,639.6762440538804,-0.35756064628117645,-96.57396424277492,-16.997565896161177,-8.685113033437238,-8.312452862723939,28.247894712546298,22.150899301810874,722.8308959960938,769.4745422363281,767.1781726074219,,GESHIP.BO,2025-07-29 11:48:54.474430
421,2023-11-08 00:00:00+05:30,729.4790988708895,729.4790988708895,721.4815545436327,723.6583862304688,4402,6.3,0.0,2023-11-08,774.9804901123047,36.62416693639714,811.6046570487018,738.3563231759075,848.228823985099,701.7321562395103,-127.48813268983676,-155.02417652574255,443186,4371.592035608004,12895.635746422853,762.1748817372587,18.8045586572552,724.8730132149971,728.2644718863614,720.2669275591046,732.8705575422539,716.8754688877402,736.2620162136183,712.2693832318478,-0.2940909477924111,-95.22657111235098,-13.85033761091563,-6.606999817756254,-7.243337793159377,34.66087932795672,20.862707897936538,732.1819458007812,774.9804901123047,767.5997998046874,,GESHIP.BO,2025-07-29 11:48:54.474430
422,2023-11-07 00:00:00+05:30,733.1864100441514,733.1864100441514,718.1199826514165,723.658447265625,15303,0.0,0.0,2023-11-07,778.6790435791015,34.8611484895998,813.5401920687013,743.8178950895017,848.4013405583012,708.9567465999019,-162.98718420988166,-168.504569011223,447588,15197.29181356057,15026.646674126565,762.2722353064886,16.785330868861564,724.9882799870643,731.856577322712,716.7901499299771,740.0547073797992,709.9218525943294,746.923004715447,701.7237225372422,-0.3186537479356393,-95.22651850748501,-12.523943016347403,-4.79616536946641,-7.727777646880993,34.66087932795672,20.740786321364894,737.4200073242188,778.6790435791015,767.4036071777343,,GESHIP.BO,2025-07-29 11:48:54.474430
423,2023-11-06 00:00:00+05:30,745.295883414615,745.295883414615,727.5540732557112,731.4967041015625,20968,0.0,0.0,2023-11-06,782.3330047607421,32.543503807974965,814.8765085687171,749.7895009527672,847.4200123766921,717.2459971447922,-112.6853145156275,-148.09519221829305,462891,21048.704448738554,14983.985389268062,762.6145353803406,16.868694795587615,734.7822202572962,742.0103672588813,724.2685570999774,752.5240304162,717.0404100983924,759.7521774177851,706.5267469410736,-0.24013773769564917,-96.41484225202318,-10.636005296213284,-2.864220957746162,-7.771784338467122,36.55758589366813,20.609486161980048,742.4046020507812,782.3330047607421,767.3322631835938,,GESHIP.BO,2025-07-29 11:48:54.474430
424,2023-11-03 00:00:00+05:30,744.6387032095379,746.7977450343775,738.7717105904901,741.2593383789062,3883,0.0,0.0,2023-11-03,785.0599822998047,30.264769885896413,815.3247521857011,754.7952124139083,845.5895220715975,724.5304425280119,-79.20318046944226,-121.86376858398549,483859,3949.9678126693557,13467.805624400438,762.9971501384664,36.43550600417196,742.2762646679247,745.7808187453593,737.7547843014719,750.3022991118121,734.2502302240373,753.8068531892467,729.7287498575845,-0.21315773046908842,-97.52069346582248,-8.829670853577568,-0.9212748731293811,-7.908395980448187,39.02627707971327,20.900975170150517,745.7745849609375,785.0599822998047,767.3538537597656,,GESHIP.BO,2025-07-29 11:48:54.474430
425,2023-11-02 00:00:00+05:30,758.2500744765009,758.2969989552895,739.6634545833999,740.8368530273438,11187,0.0,0.0,2023-11-02,786.7919158935547,28.569972342248704,815.3618882358033,758.221943551306,843.9318605780521,729.6519712090573,-77.12794085631359,-105.6852261442975,479976,11373.44953148912,15847.265077333208,763.0467600688442,35.743636439705,746.2657688553444,752.8680831272889,734.2345387553993,764.899313227234,727.6322244834548,771.5016274991784,715.6009943835097,-0.26238863378253136,-97.8588346302046,-7.3447040588266645,1.0558241219826656,-8.40052818080933,38.86130128172988,21.77218226168154,752.890087890625,786.7919158935547,766.9248596191406,,GESHIP.BO,2025-07-29 11:48:54.474430
426,2023-11-01 00:00:00+05:30,756.0442733610557,757.2176720611475,746.5162529983675,749.8486938476562,6615,0.0,0.0,2023-11-01,789.2020782470703,26.44321816436149,815.6452964114318,762.7588600827088,842.0885145757933,736.3156419183473,-72.02511853272726,-86.63986635325345,491163,6807.05839613231,16965.71896379423,763.1937578295672,41.979583171000144,751.1942063023904,755.8721596064133,745.1707405436333,761.8956253651704,740.4927872396104,766.5735786691934,734.4693214808533,-0.25399846618630445,-90.64610089414282,-5.2906047709414,3.155956167184998,-8.446560938126398,41.075147627967134,22.755415393236653,754.8707885742188,789.2020782470703,766.6488793945313,,GESHIP.BO,2025-07-29 11:48:54.474430
427,2023-10-31 00:00:00+05:30,741.5879534230087,757.8747039125208,738.1616064164662,748.5814208984375,18189,0.0,0.0,2023-10-31,791.8328277587891,24.893876246175346,816.7267040049644,766.9389515126138,841.6205802511398,742.0450752664384,-91.94447981162726,-90.59866493495338,484548,18685.4626570812,19505.38410570971,763.2461907264865,42.9014763604864,748.2059104091414,758.2502144018167,738.5371169057621,767.919007905196,728.4928129130868,777.9633118978713,718.8240194097075,-0.23333808720153978,-91.6603778366545,-3.4681043275290904,5.267596401716598,-8.73570072924569,40.63248459402701,24.15319295122673,758.1375122070312,791.8328277587891,766.2771459960937,,GESHIP.BO,2025-07-29 11:48:54.474430
428,2023-10-30 00:00:00+05:30,752.8524573119496,763.2252883134503,741.9163606687187,748.3466186523438,22321,0.0,0.0,2023-10-30,794.1444152832031,22.717632766454543,816.8620480496577,771.4267825167485,839.5796808161122,748.709149750294,-101.50092305190415,-76.65957567613229,466359,22923.051844099427,19710.364467866835,763.4063510073985,57.64405087903542,751.162755878171,760.4091510876233,739.1002234428917,772.4716835229026,729.8538282334393,781.7180787323549,717.79129579816,-0.2413068944795772,-92.43858151415156,-0.957397267441138,7.451521584028019,-8.408918851469156,40.55738941461083,25.658491859831425,763.9293823242188,794.1444152832031,765.7852551269531,,GESHIP.BO,2025-07-29 11:48:54.474430
429,2023-10-27 00:00:00+05:30,752.1016316951335,784.065000377252,752.1016316951335,776.8368530273438,13308,0.0,0.0,2023-10-27,796.2846954345703,20.033688726099808,816.3183841606701,776.2510067084704,836.3520728867699,756.2173179823707,-79.04814307541832,-18.358968246509647,488680,14187.26238871454,18907.192623808685,763.6109302748271,66.07002420814044,771.0011616999096,789.9006917046858,757.9373230225673,802.9645303820281,739.0377930177912,821.8640603868042,725.9739543404488,-0.2502358336303864,-69.48954069374903,2.294699072626713,9.553751296895308,-7.259052224268595,47.46292959363087,27.45137759207046,775.6634033203125,796.2846954345703,764.9347778320313,,GESHIP.BO,2025-07-29 11:48:54.474430
430,2023-10-26 00:00:00+05:30,766.1822920849954,766.1822920849954,738.9594470247715,750.7403564453125,10622,0.0,0.0,2023-10-26,797.6387939453125,19.559645181721166,817.1984391270337,778.0791487635913,836.7580843087549,758.5195035818701,-164.46514192984446,-60.56693183942977,475372,10943.39430717597,20087.17518258222,763.5029358681161,63.12108094781389,751.9606985183599,764.9619500119483,737.7391049517244,779.1835435785838,724.737853458136,792.1847950721722,710.5162598915005,-0.3683166318919404,-90.51041252820653,3.617743288166139,11.368514352962457,-7.750771064796318,38.56457026990687,29.273263341560114,785.4166748046875,797.6387939453125,762.9099584960937,,GESHIP.BO,2025-07-29 11:48:54.474430
431,2023-10-25 00:00:00+05:30,783.6424591382302,788.47688397708,756.1849336651011,766.1823120117188,13476,0.0,0.0,2023-10-25,800.0653839111328,16.14808498781335,816.2134688989462,783.9172989233194,832.3615538867596,767.7692139355061,-189.55780081434884,-12.800185767885111,485994,14169.323392375685,22373.120401433785,763.5866592845335,58.639813071486536,770.2813765513,784.3778194374989,752.08586912552,802.5733268632789,737.9894262393211,816.6697697494778,719.7939188135412,-0.3296622044655172,-90.64967855277469,7.826936026167914,13.306207119161536,-5.479271092993622,42.520660561548,30.972679654230404,798.37099609375,800.0653839111328,761.7455139160156,,GESHIP.BO,2025-07-29 11:48:54.474430
432,2023-10-23 00:00:00+05:30,802.3698952321911,805.4207313357356,770.5003804761955,777.540771484375,29520,0.0,0.0,2023-10-23,800.32587890625,15.605639002553403,815.9315179088034,784.7202399036966,831.5371569113568,769.1146009011431,-197.56133206235313,22.867513857810575,499470,31498.90907446172,24424.06965369831,763.5648751958655,56.72762529310649,784.487294432102,798.4742083880085,763.5538575284684,819.4076452916421,749.5669435725619,833.3945592475486,728.6335066689282,-0.32534723688912504,-87.3922574941241,11.576589649703351,14.676024892409941,-3.0994352427065905,45.72531143637724,33.098747619189425,809.1193359375,800.32587890625,760.1861022949219,,GESHIP.BO,2025-07-29 11:48:54.474430
433,2023-10-20 00:00:00+05:30,834.145667948259,834.145667948259,803.0740924330819,807.0167236328125,6624,0.0,0.0,2023-10-20,799.4622650146484,17.317012959515377,816.7792779741638,782.145252055133,834.0962909336791,764.8282390956177,13.185558785454312,91.08072272412578,528990,7335.99196307195,22655.359798507456,763.3031253995607,63.10074954721658,814.7454946713846,826.4168969096872,795.3453213945102,845.8170701865616,783.6739191562075,857.4884724248643,764.2737458793331,-0.296007933973077,-57.286600922813754,15.083243512836475,15.450883703086587,-0.3676401902501123,55.87243028218535,34.626923165769256,818.6755126953125,799.4622650146484,758.3614416503906,,GESHIP.BO,2025-07-29 11:48:54.474430
434,2023-10-19 00:00:00+05:30,809.1756309348796,828.2785361950424,807.6267219484445,825.6032104492188,14808,0.0,0.0,2023-10-19,796.1579711914062,21.579948899606816,817.737920091013,774.5780222917994,839.3178689906198,752.9980733921926,57.77782012304302,107.48158388380807,535614,16777.365556094424,26485.20175736633,763.1186424681227,67.3623904251085,820.5028228642353,833.3789237800262,812.7271095334282,841.1546371108333,799.8510086176374,854.0307380266241,792.0752952868303,-0.32209933127424284,-38.303044899108656,16.44135440612513,15.542793750649114,0.8985606554760146,64.21698603201384,34.06233163341427,819.4921752929688,796.1579711914062,755.8964929199219,,GESHIP.BO,2025-07-29 11:48:54.474430
435,2023-10-18 00:00:00+05:30,825.0869061728862,830.5314637899056,800.3516312524741,815.511962890625,25392,0.0,0.0,2023-10-18,793.238558959961,21.334930322067812,814.5734892820288,771.9036286378931,835.9084196040966,750.5686983158254,44.05564420871159,101.50280606617325,520806,28417.327608848085,28912.1608076843,762.5235214896938,60.31752138507,815.4650193110016,830.578407369529,800.3985748320976,845.6448518484331,785.2851867735701,860.7582399069605,770.2187422946661,-0.34130969797463473,-48.60987508546455,16.100549129915066,15.31815358678011,0.7823955431349567,61.30428704957636,33.65217589298486,816.7605102539062,793.238558959961,753.4188342285156,,GESHIP.BO,2025-07-29 11:48:54.474430
436,2023-10-17 00:00:00+05:30,835.1781929195029,837.5249901024312,815.324265833988,819.9240112304688,12482,0.0,0.0,2023-10-17,791.4197967529296,20.881879881643712,812.3016766345734,770.5379168712859,833.1835565162171,749.6560369896422,97.84848032069355,125.09930968594442,546198,14044.742188762953,29035.869107393355,761.6437589050659,76.22128861150198,824.2577557222959,833.1912456106038,810.9905213421606,846.4584799907391,802.0570314538527,855.391969879047,788.7897970737174,-0.36208066300147335,-44.10357071142936,16.414102374781464,15.122554700996371,1.291547673785093,63.398697327187946,33.21046971098396,814.4982299804688,791.4197967529296,751.6271325683593,,GESHIP.BO,2025-07-29 11:48:54.474430
437,2023-10-16 00:00:00+05:30,812.5081195733446,863.105090400294,812.5081195733446,825.3216552734375,49340,0.0,0.0,2023-10-16,789.7183654785156,19.795183819940586,809.5135492984562,769.923181658575,829.3087331183967,750.1279978386344,182.83821889787293,152.30981809967733,558680,55882.82778382249,32783.650837050955,761.1641888184638,80.06639330567876,833.6449550823587,854.7817905913728,804.1848197644234,884.2419259093081,783.0479842554093,905.3787614183221,753.5878489374741,-0.3225090761905351,-38.59061503035527,16.13232711125795,14.799667782550095,1.3326593287078552,65.96098896807115,31.575985764766784,810.0393188476562,789.7183654785156,749.8024926757812,,GESHIP.BO,2025-07-29 11:48:54.474430
438,2023-10-13 00:00:00+05:30,816.6854254147979,820.2056212139996,807.7206715718015,811.1000366210938,8022,0.0,0.0,2023-10-13,786.5595794677735,18.831975663813136,805.3915551315866,767.7276038039603,824.2235307953997,748.8956281401472,119.34859112940906,114.65986129070032,509340,8929.210620585338,27008.85660035807,759.0071694944701,78.23189759192903,813.008776468965,818.2968813661286,805.8119317239305,825.4937261111631,800.5238268267669,830.7818310083267,793.3269820817324,-0.309419123237524,-46.3282556287311,14.99555403310194,14.46650295037313,0.5290510827288095,62.22816545370099,29.81577228422521,804.3225219726562,786.5595794677735,,,GESHIP.BO,2025-07-29 11:48:54.474430
439,2023-10-12 00:00:00+05:30,811.9448852539062,822.3177171447642,806.8757805179497,811.9448852539062,17894,0.0,0.0,2023-10-12,784.4310363769531,18.310868762449974,802.7419051394031,766.1201676145031,821.052773901853,747.8092988520532,170.70515500502432,120.4793249350932,517362,19938.384730071233,31528.76809530125,758.7208512102533,79.97818668898572,813.7127943055401,820.5498080931305,805.107871466316,829.1547309323546,798.2708576787256,835.991744719945,789.6659348395016,-0.29382414023196757,-35.91278495004542,14.713548610419366,14.334240179690926,0.37930843072843956,62.604750280369224,29.19613018596445,799.309765625,784.4310363769531,,,GESHIP.BO,2025-07-29 11:48:54.474430
440,2023-10-11 00:00:00+05:30,802.2761990736524,813.3530715772819,796.6908096843856,804.2005615234375,10145,0.0,0.0,2023-10-11,781.5092712402344,18.351624881776903,799.8608961220114,763.1576463584574,818.2125210037882,744.8060214766806,77.86247194221359,105.61765800652424,499468,11196.245479269857,34426.36393660875,758.0602173833286,72.80102431305053,804.748147595035,812.8054855056844,796.1432236127881,821.4104094879312,788.0858857021387,829.4677473985806,779.4809617198919,-0.3071419024064509,-41.32391614490041,14.046358868898551,14.239413072008816,-0.19305420311026467,60.56273196484438,28.528823310914397,792.100390625,781.5092712402344,,,GESHIP.BO,2025-07-29 11:48:54.474430
441,2023-10-10 00:00:00+05:30,807.251324228406,814.385564903752,791.2461785471725,797.6294555664062,64248,0.0,0.0,2023-10-10,780.1997497558593,17.56478680069113,797.7645365565504,762.6349629551682,815.3293233572416,745.070176154477,60.76857138345675,102.28889755915368,489323,70326.14066533829,40233.893550943474,757.7332191002135,69.0213591504816,801.0870663391103,810.9279541310481,787.7885677744686,824.2264526956898,777.9476799825308,834.0673404876276,764.649181417889,-0.31088454415953165,-47.080562939979906,13.742028751029466,14.287676622786382,-0.5456478717569162,58.78896551010176,28.145862589013216,789.0682983398438,780.1997497558593,,,GESHIP.BO,2025-07-29 11:48:54.474430
442,2023-10-09 00:00:00+05:30,770.3127107954692,804.2004976547782,765.1967385973073,796.7376708984375,33838,0.0,0.0,2023-10-09,779.0380859375,17.113876336173462,796.1519622736735,761.9242096013265,813.2658386098469,744.8103332651531,-32.57319925164854,81.20782919227379,425075,36997.81072612281,32710.831772344773,755.8584529470538,67.26734807492305,788.711635716841,812.2265328363746,773.2227737789037,827.7153947743119,749.7078766593701,851.2302918938456,734.2190147214328,-0.331139094220012,-47.86181489122415,13.791335796631415,14.42408859072561,-0.6327527940941948,58.554484804957816,27.733443350042712,790.0351440429688,779.0380859375,,,GESHIP.BO,2025-07-29 11:48:54.474430
443,2023-10-06 00:00:00+05:30,783.8302883664298,791.1522843916003,777.2592560088669,786.0362548828125,7176,0.0,0.0,2023-10-06,777.4117492675781,16.887366977880376,794.2991162454584,760.5243822896978,811.1864832233389,743.6370153118173,-24.781658361584174,77.12377275328804,391237,7740.713547741882,31639.08703390026,754.8210523623543,66.43326320973041,784.8159317610933,792.3726075133197,778.4795791305863,798.7089601438267,770.9229033783599,806.2656358960531,764.5865507478529,-0.2880588655554533,-57.23683830615508,13.733331401154715,14.582276789249157,-0.8489453880944424,55.743353127947074,27.66724080163923,789.650244140625,777.4117492675781,,,GESHIP.BO,2025-07-29 11:48:54.474430
444,2023-10-05 00:00:00+05:30,790.4481516083913,811.0061161820223,772.5655699833004,775.8980102539062,33887,0.0,0.0,2023-10-05,774.3139739990235,20.514910252929628,794.8288842519531,753.7990637460938,815.3437945048827,733.2841534931642,4.076693929260186,84.40475049350238,384061,36082.26146911483,37613.68040543985,754.6521516906834,65.518775171022,786.4898988064097,800.4142276295189,761.973681430797,824.9304450051316,748.0493526076878,838.8547738282408,723.5331352320751,-0.28252065560851514,-66.11849290621156,14.504914753921753,14.794513136272766,-0.2895983823510129,52.934178180320735,28.125298728597894,790.6734375,774.3139739990235,,,GESHIP.BO,2025-07-29 11:48:54.474430
445,2023-10-04 00:00:00+05:30,803.5433174617478,803.5433174617478,782.797654262977,789.0401000976562,24302,0.0,0.0,2023-10-04,771.6386260986328,23.560337116445897,795.1989632150787,748.0782889821869,818.7593003315246,724.517951865741,29.746410411208945,100.16490260900655,417948,26314.61862585217,37996.535139521104,754.0950540822157,72.86571845500133,791.7936906074605,800.789726951944,780.0440637531731,812.5393538062314,771.0480274086896,821.5353901507149,759.2984005544022,-0.26057327022899646,-54.60530625629638,16.271467309115337,14.86691273186052,1.4045545772548174,57.31156881066199,28.61859188070722,796.2776000976562,771.6386260986328,,,GESHIP.BO,2025-07-29 11:48:54.474430
446,2023-10-03 00:00:00+05:30,800.9617570307347,805.420671001899,790.1195671492934,802.4636840820312,9177,0.0,0.0,2023-10-03,768.1700653076172,25.85803825361644,794.0281035612336,742.3120270540007,819.88614181485,716.4539888003843,63.04909814549064,123.13720749152458,442250,10106.065472167016,40917.014267938335,753.42532979342,70.05400227300478,799.3346407444078,808.5497143395222,793.2486104869166,814.6357445970134,784.0335368918022,823.8508181921278,777.947506634311,-0.25940022064936163,-42.01621654493847,16.992355788211967,14.515774087546815,2.476581700665152,62.18868338974146,28.49722045471357,798.3240112304687,768.1700653076172,,,GESHIP.BO,2025-07-29 11:48:54.474430
447,2023-09-29 00:00:00+05:30,793.2173380641887,808.9878014921762,784.721944896553,794.8131713867188,27984,0.0,0.0,2023-09-29,764.0842987060547,26.599388130382756,790.6836868364375,737.484910575672,817.2830749668202,710.8855224452892,63.37846725622567,126.05444286793052,433073,30523.25438093493,48619.75146688116,753.0678433892186,62.92982174509564,796.1743059251494,807.6266669537457,783.3608103581225,820.4401625207726,771.9084493295262,831.8925235493689,759.0949537624994,-0.27214532995361485,-48.58875634952106,16.33583192150013,13.896628662380525,2.439203259119605,60.40513986933369,27.880117471181745,792.109716796875,764.0842987060547,,,GESHIP.BO,2025-07-29 11:48:54.474430
448,2023-09-28 00:00:00+05:30,807.2512725975423,807.2512725975423,785.6138149370937,791.1522216796875,30039,0.0,0.0,2023-09-28,760.1839233398438,27.55832918975922,787.742252529603,732.6255941500846,815.3005817193622,705.0672649603254,70.93864905946381,,405089,32613.808091204475,53143.875738367715,752.1187614282705,65.41280673850676,794.6724364047745,803.7310578724554,782.0936002120068,816.3098940652231,773.0349787443259,825.368515532904,760.4561425515582,-0.26771786425670835,-51.733870753001575,16.00122940424069,13.286827847600623,2.714401556640066,59.55765249974764,27.21554502737824,785.20078125,760.1839233398438,,,GESHIP.BO,2025-07-29 11:48:54.474430
449,2023-09-27 00:00:00+05:30,802.6984429359413,851.3710483039913,793.2174057379601,803.9188232421875,151851,0.0,0.0,2023-09-27,756.2530395507813,28.499454628315902,784.7524941790972,727.7535849224654,813.2519488074131,699.2541302941495,187.54934957979734,,435128,167527.39764802263,58276.392650158516,751.1423365771732,76.12891599586693,816.1690924280464,839.1207791181326,780.9671365521015,874.3227349940776,758.0154498620152,897.2744216841638,722.8134939860703,-0.24824739933667034,-37.47217634919699,15.690941994892682,12.608227458440606,3.0827145364520767,63.995462801247996,26.548835504929098,775.1565063476562,756.2530395507813,,,GESHIP.BO,2025-07-29 11:48:54.474430
450,2023-09-26 00:00:00+05:30,776.0388648209788,818.4219854329338,767.1679604573626,799.2721557617188,42109,0.0,0.0,2023-09-26,751.3763916015625,28.257494302153617,779.6338859037162,723.1188972994089,807.8913802058698,694.8614029972553,170.2309234699493,,283277,46187.6217114824,30963.641400692486,743.5024158189459,67.97522572552475,794.9540338840051,822.7401073106475,771.4860823350764,846.2080588595762,743.7000089084339,873.9941322862187,720.2320573595052,-0.1673024147566089,-18.836534520860177,13.798621718513232,11.837548824327586,1.9610728941856461,63.064895326643665,25.386399703636275,767.8157348632812,751.3763916015625,,,GESHIP.BO,2025-07-29 11:48:54.474430
451,2023-09-25 00:00:00+05:30,778.4326032610116,779.8876060137442,764.4456695337988,771.3922119140625,8419,0.0,0.0,2023-09-25,747.170932006836,26.984326850793423,774.1552588576294,720.1866051560426,801.1395857084228,693.2022783052491,26.790997046955294,,241168,8912.340034123778,27157.646322995002,741.1700452199344,65.5750620553747,771.9084958205352,779.3713221072717,763.9293856273263,787.3504323004806,756.4665593405898,794.8132585872171,748.4874491473809,-0.19966339387986926,-42.14709107946567,11.62443465109618,11.347280600781174,0.27715405031500673,56.85680423315263,25.060834286786775,763.7886474609375,747.170932006836,,,GESHIP.BO,2025-07-29 11:48:54.474430
452,2023-09-22 00:00:00+05:30,741.5879637982179,763.5540099476523,741.5879637982179,760.2684936523438,8966,0.0,0.0,2023-09-22,744.2937591552734,27.33135719067769,771.625116345951,716.9624019645958,798.9564735366288,689.631044773918,-108.12702823625683,,232749,9354.524488792511,31718.972895212806,740.9152115902459,64.49071655137772,755.1368224660713,768.6856811339247,746.7196349844903,777.1028686155057,733.1707763166369,790.6517272833592,724.7535888350559,-0.20822455964689515,-53.926309983339124,11.41044060809486,11.277992088202422,0.13244851989243678,53.992812457829444,26.27440262076653,766.6892822265625,744.2937591552734,,,GESHIP.BO,2025-07-29 11:48:54.474430
453,2023-09-21 00:00:00+05:30,766.8864487518623,766.8864487518623,737.2228958995757,740.9308471679688,42340,0.0,0.0,2023-09-21,742.2848968505859,27.570882335073993,769.8557791856599,714.714014515512,797.4266615207339,687.143132180438,-177.1266433857311,,223783,43051.1263392158,37310.08499681788,740.7398471584636,64.48579747886197,748.3467306064689,759.470565313362,729.8070124610755,778.0102834587555,718.6831777541823,789.1341181656486,700.1434596087889,-0.2386035195362936,-74.40348907632857,12.059095630208049,11.244879958229312,0.8142156719787366,48.46820073957212,28.114361659890857,767.0647705078125,742.2848968505859,,,GESHIP.BO,2025-07-29 11:48:54.474430
454,2023-09-20 00:00:00+05:30,772.471826176382,776.7429858254748,760.4092536151555,767.2149658203125,23297,0.0,0.0,2023-09-20,741.8671661376953,27.655638263957723,769.522804401653,714.2115278737376,797.1784426656108,686.5558896097799,2.779501922375364,,266123,24528.61655061736,35874.8246612184,740.7313089840833,70.28257049857969,768.1224017536475,775.8355498921395,759.5018176818203,784.4561339639667,751.7886695433283,792.1692821024587,743.1680854715011,-0.17077231404492607,-41.92387152855921,14.61132223455354,11.041326040234626,3.5699961943189145,57.12333566444156,30.09585600971706,772.5844360351563,741.8671661376953,,,GESHIP.BO,2025-07-29 11:48:54.474430
455,2023-09-18 00:00:00+05:30,788.5708326204713,796.9723785768072,772.5656861822289,779.13671875,38128,0.0,0.0,2023-09-18,739.4968994140625,27.39910950665065,766.8960089207131,712.0977899074118,794.2951184273637,684.6986804007612,81.0144683626287,,289420,40767.46298257209,38711.37668886866,740.0634656307898,72.01472238325368,782.891594503012,793.2175028237951,768.8108104292169,807.2982868975903,758.4849021084337,817.6241952183734,744.4041180346386,-0.18003389542253947,-30.04830935527194,15.068974576862615,10.148826991654898,4.920147585207717,61.76906823127818,31.19269916716722,769.843359375,739.4968994140625,,,GESHIP.BO,2025-07-29 11:48:54.474430
456,2023-09-15 00:00:00+05:30,767.8250489589195,790.3073755326564,762.4743403745147,785.8953857421875,22065,0.0,0.0,2023-09-15,736.8919555664063,25.865757717924495,762.7577132843307,711.0261978484818,788.6234710022553,685.1604401305573,72.64645169427568,,327548,23797.13416825183,38197.3551154428,738.381472559649,68.0480115043585,779.5590338831195,796.6437273917243,768.8106922335826,807.3920690412612,751.7259987249778,824.476762549866,740.9776570754409,-0.16701332487920828,-23.609281775158266,14.252478429973053,8.918790095352968,5.333688334620085,64.53287327776002,31.485098272577737,769.6180419921875,736.8919555664063,,,GESHIP.BO,2025-07-29 11:48:54.474430
457,2023-09-14 00:00:00+05:30,779.0898005723267,779.0898005723267,753.9321442823519,762.1459350585938,14154,0.0,0.0,2023-09-14,734.160287475586,23.161709297711678,757.3219967732977,710.9985781778743,780.4837060710094,687.8368688801626,39.440811722404185,,305483,14803.80369079538,41797.41035224054,737.1675767204566,65.93866406488345,765.0559599710908,776.1797756598297,751.022119369855,790.2136162610656,739.8983036811161,801.3374319498045,725.8644630798802,-0.22534309877527667,-45.7729660351878,12.325543001315964,7.585368011697945,4.740174989618019,58.47078409194985,32.09880066761741,767.3182006835938,734.160287475586,,,GESHIP.BO,2025-07-29 11:48:54.474430
458,2023-09-13 00:00:00+05:30,765.9476978299706,790.4013137133179,750.0833255037686,768.5291748046875,39820,0.0,0.0,2023-09-13,732.2523345947266,22.290341183445843,754.5426757781725,709.9619934112807,776.8330169616182,687.6716522278349,61.37565913456494,,319637,41996.93566487338,48545.81201760183,736.751401593097,66.0706172773279,769.6712713405914,789.2592171774141,748.9412289678648,809.9892595501407,729.3532831310421,829.5772053869634,708.6232407583155,-0.19519632473428547,-39.81593940020018,12.01069213344499,6.40032426429344,5.610367869151551,61.07471931274719,33.29657644173111,767.731201171875,732.2523345947266,,,GESHIP.BO,2025-07-29 11:48:54.474430
459,2023-09-12 00:00:00+05:30,786.4116645770345,811.1938634959688,734.9698864581808,753.5095825195312,45078,0.0,0.0,2023-09-12,729.1170135498047,21.3075668917345,750.4245804415392,707.8094466580702,771.7321473332737,686.5018797663357,68.50223579807812,,279817,46613.25249482994,50183.031105783935,735.1885866667296,60.1425795528381,766.5577774912268,798.1456685242729,721.9216914864849,842.7817545290148,690.3338004534388,874.3696455620609,645.6977144486968,-0.19214387180136738,-53.832663641849294,10.79695503013977,4.997732297005552,5.7992227331342185,56.876449574770064,34.586488813853556,758.8415161132813,729.1170135498047,,,GESHIP.BO,2025-07-29 11:48:54.474430
460,2023-09-11 00:00:00+05:30,787.5381505965934,787.5381505965934,773.0818581241876,778.0101318359375,52086,0.0,0.0,2023-09-11,725.2213287353516,23.611128258544724,748.8324569938962,701.6102004768069,772.443585252441,677.9990722182621,126.91526838180765,,324895,55611.19760279225,51075.47575852243,734.1084609409631,68.77679041405639,779.5433801855728,786.004902246958,771.5486097745522,793.9996726579785,765.0870877131671,800.4611947193637,757.0923173021465,-0.18888457062938926,-21.592029781626906,10.558615781565436,3.547926613721997,7.010689167843439,67.98211928419464,35.975625214600804,752.6178100585937,725.2213287353516,,,GESHIP.BO,2025-07-29 11:48:54.474430
461,2023-09-08 00:00:00+05:30,775.9450310296772,796.0336386977756,769.8903398731081,774.3961791992188,68140,0.0,0.0,2023-09-08,720.946728515625,21.16305081541095,742.109779331036,699.783677700214,763.2728301464468,678.6206268848031,201.54230910126364,,272809,72413.79684208504,49941.54529745496,730.8992137584362,77.41536051242726,780.1067192567008,790.3230986402934,764.179799815626,806.2500180813682,753.9634204320333,816.4663974649609,738.0365009909585,-0.17628608342789912,-25.422753223870703,7.68055740516013,1.7952543217611374,5.885303083398992,67.10325537104445,34.51240138001342,740.949560546875,720.946728515625,,,GESHIP.BO,2025-07-29 11:48:54.474430
462,2023-09-07 00:00:00+05:30,724.7378241762962,798.3803240823696,724.7378241762962,764.2109375,171566,0.0,0.0,2023-09-07,716.6375061035156,18.285697613939657,734.9232037174553,698.351808489576,753.2089013313949,680.0661108756364,324.23424440126644,,204669,179928.7088591989,44323.482411297446,726.2996460709974,70.08545102197789,762.4430285862219,800.1482329961476,726.5057330900742,836.0855284922953,688.8005286801484,873.7907329022211,652.8632331840007,-0.10044724536764515,-36.21892242257422,4.235318040421589,0.3239285509113893,3.9113894895101997,64.55295467539469,32.9366218658424,730.2199951171875,716.6375061035156,,,GESHIP.BO,2025-07-29 11:48:54.474430
463,2023-09-06 00:00:00+05:30,725.629658505382,727.5070961729251,716.7587540672711,724.0807495117188,13465,0.0,0.0,2023-09-06,712.7423461914062,15.738297197067,728.4806433884733,697.0040489943392,744.2189405855403,681.2657517972722,52.54308191520133,,33103,13379.791558092928,10422.17579932208,712.5431850611177,43.61201148746988,722.7821999173051,728.8056457673391,718.0573036616851,733.5305420229591,712.033857811651,739.5539878729932,707.308961556031,-0.1729369250678856,-61.04015409488351,0.7632881416959663,-0.6539188214661608,1.4172069631621271,50.527695329316366,31.239628542888983,720.7389404296875,712.7423461914062,,,GESHIP.BO,2025-07-29 11:48:54.474430
464,2023-09-05 00:00:00+05:30,727.788685429518,727.788685429518,719.6218202843236,722.3910522460938,2546,0.0,0.0,2023-09-05,710.726773071289,16.758052325699786,727.4848253969888,693.9687207455893,744.2428777226886,677.2106684198894,46.38958254264229,,19638,2523.9848620767934,9682.771859629367,712.2049840620422,64.10992618916168,723.267185986645,726.9125516889665,718.7456865437721,731.4340511318394,715.1003208414506,735.0794168341608,710.5788213985777,-0.2049149705975365,-56.175343060553075,0.25868825290513087,-1.0082205622566924,1.2669088151618233,49.75019950823901,32.75861133755999,718.4296997070312,710.726773071289,,,GESHIP.BO,2025-07-29 11:48:54.474430
465,2023-09-04 00:00:00+05:30,721.9217753126294,730.5580008516978,718.1199751385144,719.6688842773438,4868,0.0,0.0,2023-09-04,709.6932342529296,16.637800288712338,726.331034541642,693.0554339642173,742.9688348303544,676.4176336755049,35.128936761556496,,17092,4807.721299048741,11472.46860901751,712.14821219478,65.4279424757836,722.7822867558519,727.4445983731895,715.0065726600061,735.2203124690353,710.3442610426686,739.8826240863729,702.5685469468227,-0.25042878679909686,-48.04780703322152,-0.22486245359743862,-1.324947766047148,1.1000853124497094,48.541579189333056,34.07173123945914,715.228662109375,709.6932342529296,,,GESHIP.BO,2025-07-29 11:48:54.474430
466,2023-09-01 00:00:00+05:30,718.166875104113,733.1394528537593,716.8057212550808,720.7483520507812,9277,0.0,0.0,2023-09-01,710.0061340332031,16.89218302876958,726.8983170619726,693.1139510044336,743.7905000907423,676.221767975664,30.45344013165443,,21960,9175.868967466828,13138.6554365097,712.0672041102684,58.30009203264235,723.5645087198737,730.3232961846667,713.9895645859882,739.8982403185522,707.2307771211953,746.6570277833451,697.6558329873097,-0.28930612407832856,-40.378490429225856,-0.5724545816124191,-1.5999690941595752,1.027514512547156,48.97589748121533,35.4858603645813,714.3274780273438,710.0061340332031,,,GESHIP.BO,2025-07-29 11:48:54.474430
467,2023-08-31 00:00:00+05:30,711.642710581106,721.2645784327948,706.292059172632,716.8056640625,9517,0.0,0.0,2023-08-31,710.4033172607421,17.247704608788016,727.6510218695302,693.1556126519541,744.8987264783182,675.9079080431661,-66.35833200207442,,12683,9361.759631590543,14129.352053770417,711.885270284058,57.66659700527744,714.7874338893089,723.2828086059858,708.310289345823,729.7599531494717,699.8149146291461,738.2553278661486,693.3377700856602,-0.21427007210372861,-44.962073352504696,-1.1151155022638477,-1.8568477222963642,0.7417322200325165,47.38103097624448,37.00876865317439,712.94755859375,710.4033172607421,,,GESHIP.BO,2025-07-29 11:48:54.474430
468,2023-08-30 00:00:00+05:30,706.3390242823441,715.5384577375461,704.5085110292271,712.5345458984375,11837,0.0,0.0,2023-08-30,,,,,,,-122.08453711091923,,3166,11574.535232504866,15321.250159315383,711.7771598459833,58.06088479727299,710.8605048884036,717.2124987475802,706.1825520392612,721.8904515967226,699.8305581800846,728.2424454558992,695.1526053309422,,-49.92747369315839,-1.4046952048238381,-2.042280777304493,0.637585572480655,45.67212304106507,39.57493682863275,713.6046752929688,,,,GESHIP.BO,2025-07-29 11:48:54.474430
469,2023-08-29 00:00:00+05:30,727.4601117999549,727.4601117999549,704.0390673665905,706.3858642578125,11798,0.0,0.0,2023-08-29,,,,,,,-81.69360823830333,,-8671,11436.84881492333,16257.928891018011,711.7558804020081,58.2670692922703,712.6283478081192,721.2176282496479,697.7965838162835,736.0493922414836,689.2073033747548,744.6386726830123,674.3755393829191,,-57.075640693036256,-1.3335212895977975,-2.2016771704246567,0.8681558808268592,43.20524832242166,42.39356061019627,717.6130126953125,,,,GESHIP.BO,2025-07-29 11:48:54.474430
470,2023-08-28 00:00:00+05:30,721.0299569332859,724.080793327657,713.1447526293622,715.1629638671875,3811,0.0,0.0,2023-08-28,,,,,,,-8.534468260008673,,3127,3740.244154188539,17463.19891004168,711.9105911665315,52.42169059119446,717.4628366080689,721.7809205867756,710.8448798884807,728.3988773063637,706.526795909774,732.7169612850704,699.9088391901859,,-46.87179904869998,-0.6166402624729699,-2.4187161406313717,1.8020758781584019,45.97255789567909,45.429001605726214,720.2977661132812,,,,GESHIP.BO,2025-07-29 11:48:54.474430
471,2023-08-25 00:00:00+05:30,720.7952399369444,732.4353764960916,707.7940068927306,713.8487548828125,14111,0.0,0.0,2023-08-25,,,,,,,6.771001397875359,,-684,13823.562699547447,20893.937599004967,711.8800393956028,48.48166109705907,718.026046090545,728.2580852883594,703.6167156849984,742.667415693906,693.384676487184,752.8994548917204,678.9753460816374,,-48.39963637092919,-0.553883601964003,-2.869235110170972,2.315351508206969,45.48883257705228,48.37756331713529,722.6727416992187,,,,GESHIP.BO,2025-07-29 11:48:54.474430
472,2023-08-24 00:00:00+05:30,738.2085682220062,741.5879333547949,717.1343173911173,720.0912475585938,19272,0.0,0.0,2023-08-24,,,,,,,46.79862825143625,,13427,19044.53212987137,22661.531323869345,711.8090959162738,57.32340227870554,726.271166101502,735.4080148118867,710.954398848209,750.7247820651796,701.8175501378244,759.8616307755643,686.5007828845314,,-41.574531968024125,-0.3357142108517337,-3.448072987222714,3.1123587763709804,47.3645456218936,51.552937467883524,726.1553955078125,,,,GESHIP.BO,2025-07-29 11:48:54.474430
473,2023-08-23 00:00:00+05:30,715.3507071783531,736.3311084098601,715.3507071783531,732.5762329101562,21332,0.0,0.0,2023-08-23,,,,,,,63.104893791817915,,32699,21445.707986923408,23565.781122368837,711.3803900450337,60.68191261162936,728.0860161661232,740.8213251538932,719.8409239223862,749.0664173976302,707.1056149346161,761.8017263854002,698.8605226908792,,-27.16664017599928,-0.6660956446811497,-4.226162681315459,3.560067036634309,,54.14387909926588,726.934521484375,,,,GESHIP.BO,2025-07-29 11:48:54.474430
474,2023-08-22 00:00:00+05:30,739.0064440525784,739.0064440525784,718.1199488094284,719.8096313476562,7916,0.0,0.0,2023-08-22,,,,,,,70.3773179764485,,11367,7819.50798407557,24095.799406230195,710.0921518112765,,725.6453414032211,733.1707339970138,712.2842387538637,746.5318366463712,704.758846160071,754.0572292401639,691.3977435107137,,,-2.3085735280001245,-5.116179440474036,2.8076059124739112,,57.284666967879396,721.5838256835938,,,,GESHIP.BO,2025-07-29 11:48:54.474430
475,2023-08-21 00:00:00+05:30,737.5045812235793,741.7757410753574,723.2360414297947,727.037841796875,8673,0.0,0.0,2023-08-21,,,,,,,96.98651264754825,,19283,8653.311767174333,28164.872261768847,709.867928647842,,730.6832081006756,738.1303747715566,719.5906751259939,749.2229077462383,712.143508455113,756.6700744171193,701.0509754804312,,,-3.1191477318820944,-5.818080918592512,2.698933186710418,,60.42387353886253,712.7410766601563,,,,GESHIP.BO,2025-07-29 11:48:54.474430
476,2023-08-18 00:00:00+05:30,725.6297105194209,755.4809601141596,725.6297105194209,731.2620239257812,30499,0.0,0.0,2023-08-18,,,,,,,118.16184650778932,,27956,30606.5662304452,33042.762385417474,709.4226017079401,,737.4575648531205,749.2854191868201,719.4341695920814,767.3088144478593,707.6063152583818,779.1366687815589,689.5829199973426,,,-4.82153773818618,-6.492814215270116,1.6712764770839357,,63.35418539111335,705.8371337890625,,,,GESHIP.BO,2025-07-29 11:48:54.474430
477,2023-08-17 00:00:00+05:30,696.576276911073,750.9750430510535,696.576276911073,723.9868774414062,72557,0.0,0.0,2023-08-17,,,,,,,80.00344561093212,,-2543,72088.5019593111,33651.81142416054,707.230790265758,,723.8460658011776,751.1158546912822,696.7170885513017,778.244831941158,669.4472996611971,805.5146208312626,642.3183224113212,,,-7.34407715685893,-6.9106333345410995,-0.4334438223178303,,66.29981763601403,697.2270751953125,,,,GESHIP.BO,2025-07-29 11:48:54.474430
478,2023-08-16 00:00:00+05:30,687.7054335550398,718.1199484054474,680.9467034059305,705.82275390625,11600,12.9,0.0,2023-08-16,,,,,,,,,-75100,11235.945720247022,24042.6387903729,701.9754002424867,,701.629801905876,722.3129004058214,685.1396554063045,738.8030469053929,664.4565569063591,759.4861454053383,647.9664104067876,,,-9.745926423109722,-6.802272378961641,-2.943654044148081,,69.70613617015886,689.6912475585938,,,,GESHIP.BO,2025-07-29 11:48:54.474430
479,2023-08-14 00:00:00+05:30,694.0858274786476,696.2529499076808,669.4633609068376,675.5958862304688,35983,12.9,0.0,2023-08-14,,,,,,,,,-86700,33361.0993676129,27244.312057904368,701.7722979001533,,680.4373990149957,691.4114371231537,664.6218481223106,707.2269880158389,653.6478100141525,718.2010261239969,637.8322591214674,,,-10.884464810936265,-6.06635886792462,-4.818105943011645,,74.48692058838425,685.2805541992187,,,,GESHIP.BO,2025-07-29 11:48:54.474430
480,2023-08-11 00:00:00+05:30,693.0168101626596,697.6405264101611,689.0276804050974,692.5181274414062,5530,0.0,0.0,2023-08-11,,,,,,,,,-50717,5255.478525223031,25715.115230477233,706.8981764945331,,693.0621114188883,697.0965424326793,688.4836964276155,701.674957423952,684.4492654138246,705.709388437743,679.8708504225518,,,-9.20033434226707,-4.861832382171708,-4.338501960095361,,77.10275287516095,690.5054321289062,,,,GESHIP.BO,2025-07-29 11:48:54.474430
481,2023-08-10 00:00:00+05:30,687.3051155531435,694.3767599717983,680.4148606177616,688.2117309570312,12484,0.0,0.0,2023-08-10,,,,,,,,,-56247,11790.489059200645,30830.024406790784,707.3443634563162,,687.6677838488637,694.9207070799657,680.9588077259291,701.6296832029003,673.705884494827,708.8826064340024,666.9969083718925,,,-8.571322356301494,-3.777206892147867,-4.794115464153626,,81.48131309531131,697.1871826171875,,,,GESHIP.BO,2025-07-29 11:48:54.474430
482,2023-08-09 00:00:00+05:30,685.4011240144072,688.5289576712361,680.0520719441547,686.3077392578125,11296,0.0,0.0,2023-08-09,,,,,,,,,-68731,10638.969614093101,35589.90824368832,708.7854781118394,,684.9629229577345,689.8737739713142,681.3968882442329,693.4398086848158,676.4860372306531,698.3506596983956,672.9200025171515,,,-7.2120130787436665,-2.5786780261094604,-4.633335052634206,,85.68101742747204,705.2832397460937,,,,GESHIP.BO,2025-07-29 11:48:54.474430
483,2023-08-08 00:00:00+05:30,701.7655791219098,704.621439521166,671.620619657038,683.769287109375,43207,0.0,0.0,2023-08-08,,,,,,,,,-80027,40543.35564964582,41827.64290108712,710.4294843153104,,686.6704487625262,701.7202778680145,668.7194580038864,719.6712686266543,653.6696288983982,734.7210977321425,635.7186381397584,,,-5.174898032117767,-1.420344262950909,-3.754553769166858,,89.20531447234323,,,,,GESHIP.BO,2025-07-29 11:48:54.474430
484,2023-08-07 00:00:00+05:30,725.2922748102391,748.5923002055998,697.2325188614361,701.7202758789062,27880,0.0,0.0,2023-08-07,,,,,,,,,-36820,26848.052189106358,42148.71471394745,720.7848227848699,,715.8483649819808,734.4642111025255,683.1044297583618,767.2081463261445,664.4885836378171,785.8239924466892,631.7446484141981,,,-2.2383668436806374,-0.48170582065919465,-1.7566610230214428,,93.00071128989681,,,,,GESHIP.BO,2025-07-29 11:48:54.474430
485,2023-08-04 00:00:00+05:30,729.8253145955584,756.1171582269512,719.5805727993728,725.9268798828125,46149,0.0,0.0,2023-08-04,,,,,,,,,-8940,45973.88034515772,45973.88034515772,727.1611701988945,,733.8748703030456,748.1691678067183,711.6325823791399,770.411455730624,697.3382848754671,784.7057532342967,675.0959969515615,,,-0.21270282451916955,-0.04254056490383391,-0.17016225961533565,,100.0,,,,,GESHIP.BO,2025-07-29 11:48:54.474430
486,2023-08-03 00:00:00+05:30,720.7138133655718,732.9984390946977,714.0048382947363,728.6920166015625,37209,0.0,0.0,2023-08-03,,,,,,,,,37209,,,728.6920166015625,,725.2317646636656,736.4586910325949,717.4650902326334,744.225365463627,706.2381638637041,755.4522918325563,698.471489432672,,,0.0,0.0,0.0,,,,,,,GESHIP.BO,2025-07-29 11:48:54.474430
