Trading Day,Date,Open,High,Low,Close,Volume,Dividends,Stock Splits,date_only,RollingMean,RollingStd,UpperBand1,LowerBand1,UpperBand2,LowerBand2,CCI_10,CCI_40,OBV,VPT,VPT_signal,VWAP,MFI_14,PP,R1,S1,R2,S2,R3,S3,CMF,%R,macd,macd_signal,macde_histogram,rsi,ADX,sma_5,sma_20,sma_50,sma_100,symbol,created_on
1,2025-07-29 00:00:00+05:30,1070.0,1074.949951171875,1059.75,1068.0999755859375,214,0.0,0.0,2025-07-29,1116.1011108398438,20.754897073701596,1136.8560079135455,1095.3462137661422,1157.610904987247,1074.5913166924406,-199.91453863972785,-67.7888038659308,643415,305.29929704342123,1601.9014337697463,1087.205908968795,46.51760466340933,1067.5999755859375,1075.449951171875,1060.25,1082.7999267578125,1052.4000244140625,1090.64990234375,1045.050048828125,-0.2603395611151166,-93.77795929654,-1.4350835711218224,7.5525050678181715,-8.987588638939993,36.35575862183471,36.7667114462815,1086.0599853515625,1116.1011108398438,1083.7785473632812,1023.618765258789,IMPAL.BO,2025-07-29 12:21:48.906311
2,2025-07-28 00:00:00+05:30,1193.949951171875,1193.949951171875,1065.0,1068.300048828125,529,0.0,0.0,2025-07-28,1118.9668884277344,17.476216987573576,1136.4431054153079,1101.490671440161,1153.9193224028816,1084.0144544525872,-45.90192239467606,22.93276344785956,643629,754.8298151808224,1926.0519679513277,1087.2102950452233,48.72966532391363,1109.0833333333333,1153.1666666666665,1024.2167154947915,1238.0332845052083,980.1333821614583,1282.1166178385415,895.2667643229165,-0.27493819329425445,-97.44082971871279,1.500238170579678,9.79940222755317,-8.299164056973492,36.41459810702086,35.94866983634002,1092.6599853515625,1118.9668884277344,1082.9261694335937,1021.5751544189453,IMPAL.BO,2025-07-29 12:21:48.906311
3,2025-07-25 00:00:00+05:30,1100.0,1115.699951171875,1092.0,1099.0999755859375,416,0.0,0.0,2025-07-25,1122.2279968261719,13.048447039947858,1135.2764438661197,1109.179549786224,1148.3248909060676,1096.1311027462762,-102.3374333575296,11.665870448604469,644158,610.7038455054244,2218.8575061439537,1087.2210323069924,44.156819927759074,1102.2666422526042,1112.5332845052085,1088.8333333333335,1125.9665934244792,1078.5666910807292,1136.2332356770835,1065.1333821614585,-0.23382757443308624,-78.56036574341572,5.215904427079295,11.874193241796542,-6.658288814717247,47.38007204814592,34.833432360797055,1103.169970703125,1122.2279968261719,1082.3016943359376,1019.8616748046875,IMPAL.BO,2025-07-29 12:21:48.906311
4,2025-07-24 00:00:00+05:30,1174.949951171875,1174.949951171875,1078.4000244140625,1101.449951171875,822,0.0,0.0,2025-07-24,1123.7476623535156,11.935503933648597,1135.683166287164,1111.812158419867,1147.6186702208129,1099.8766544862183,-14.104546363993096,44.92030726952215,644574,1209.3074027128891,2620.895921303586,1087.2157258361017,44.98627241244909,1118.2666422526042,1158.133260091146,1061.5833333333335,1214.8165690104167,1021.7167154947917,1254.6831868489585,965.033406575521,-0.22978758522105017,-76.12641714826844,6.860728219827024,13.538765445475853,-6.678037225648829,48.412942438004436,35.15892529093514,1107.669970703125,1123.7476623535156,1080.6367211914062,1017.9915222167969,IMPAL.BO,2025-07-29 12:21:48.906311
5,2025-07-23 00:00:00+05:30,1119.949951171875,1119.949951171875,1090.0,1093.3499755859375,129,0.0,0.0,2025-07-23,1125.2800354003907,10.839100474433724,1136.1191358748245,1114.440934925957,1146.9582363492582,1103.6018344515232,-148.00070326913306,14.083406474412959,643752,188.38617823081367,2973.7930509512603,1087.2031503779501,43.59886481829075,1101.0999755859375,1112.199951171875,1082.25,1131.0499267578125,1071.1500244140625,1142.14990234375,1052.300048828125,-0.23936205732763985,-85.85319850827061,8.63121368889938,15.208274751888059,-6.57706106298868,44.543627864393066,35.50945613877615,1113.769970703125,1125.2800354003907,1078.6073559570314,1016.1514239501953,IMPAL.BO,2025-07-29 12:21:48.906311
6,2025-07-22 00:00:00+05:30,1120.8499755859375,1120.8499755859375,1080.949951171875,1101.0999755859375,1111,0.0,0.0,2025-07-22,1126.1463317871094,8.617541621194885,1134.7638734083043,1117.5287901659144,1143.381415029499,1108.9112485447197,-202.764205950317,16.426841606937106,643881,1633.9581834261107,3670.1447691313715,1087.2022980260112,54.50685563668861,1100.9666341145833,1120.9833170572915,1081.083292643229,1140.8666585286458,1061.0666097005208,1160.883341471354,1041.1832682291665,0.018479507332184546,-77.01146498421673,11.564920503388976,16.852540017635228,-5.287619514246252,47.7238758755176,37.59783900815295,1121.018310546875,1126.1463317871094,1076.989580078125,1014.7961895751953,IMPAL.BO,2025-07-29 12:21:48.906311
7,2025-07-21 00:00:00+05:30,1128.0,1128.0,1101.0,1120.8499755859375,369,0.0,0.0,2025-07-21,1124.9914916992188,12.721198708420449,1137.7126904076392,1112.2702929907985,1150.4338891160598,1099.5490942823778,-128.85604136381428,47.187852736545786,644992,552.4258323254369,4179.191415557686,1087.18568098726,58.1872468151525,1116.6166585286458,1132.2333170572915,1105.2333170572915,1143.6166585286458,1089.6166585286458,1159.2333170572915,1078.2333170572915,0.018750264237252033,-70.63719313945545,14.382470584009752,18.17444489619679,-3.791974312187037,57.42594243491455,39.846866713635656,1126.510302734375,1124.9914916992188,1074.9829370117188,1013.2843524169922,IMPAL.BO,2025-07-29 12:21:48.906311
8,2025-07-18 00:00:00+05:30,1149.0,1149.0,1121.0,1121.5999755859375,1107,20.0,0.0,2025-07-18,1120.925634765625,22.976137168909244,1143.9017719345343,1097.949497596716,1166.8779091034435,1074.9733604278067,9.120556675904618,74.88574789810214,645361,1658.3864394305247,5085.882811365747,1087.1723068514432,58.32946947496346,1130.5333251953125,1140.066650390625,1112.066650390625,1158.5333251953125,1102.5333251953125,1168.066650390625,1084.066650390625,0.018235424660487456,-76.90179468212064,15.826796511713383,19.12243847424355,-3.2956419625301656,57.8405819386647,41.335118249912725,1126.94189453125,1120.925634765625,1071.924891357422,1011.0674829101563,IMPAL.BO,2025-07-29 12:21:48.906311
9,2025-07-17 00:00:00+05:30,1128.0685785205833,1140.204135492702,1110.3810920977867,1131.949951171875,861,0.0,0.0,2025-07-17,1116.5520568847655,30.07087517623466,1146.6229320610003,1086.4811817085308,1176.6938072372348,1056.4103065322963,-33.980856455198555,73.82939665633525,646468,1301.7587404891174,5942.756904349553,1087.1312256630447,55.21285940558446,1127.5117262541214,1144.6423604104561,1114.8193170155407,1157.3347696490368,1097.688682859206,1174.4654038053716,1084.9962736206253,0.019778151687813987,-59.967967709367336,17.362307790186833,19.946348964876087,-2.584041174689254,63.737902199643905,41.86468721253438,1126.3784423828124,1116.5520568847655,1068.615029296875,1009.0194970703125,IMPAL.BO,2025-07-29 12:21:48.906311
10,2025-07-16 00:00:00+05:30,1135.438323513977,1135.9296425635284,1128.0685377707014,1129.5916748046875,441,0.0,0.0,2025-07-16,1111.8010009765626,34.66547283503467,1146.4664738115973,1077.1355281415279,1181.1319466466318,1042.4700553064934,-0.42910444851583307,85.1205390316216,645607,665.3653771466226,7103.0064453146615,1087.0895911328644,57.845383238443624,1131.1966183796392,1134.324698988577,1126.46359419575,1139.0577231724662,1123.335513586812,1142.185803781404,1118.6024894029229,0.019068261565186564,-63.82639651669182,18.045846486129676,20.5923592585484,-2.5465127724187226,62.937809866097325,42.685226794703865,1126.0148681640626,1111.8010009765626,1065.3752709960938,1006.730933227539,IMPAL.BO,2025-07-29 12:21:48.906311
11,2025-07-15 00:00:00+05:30,1108.956353042221,1133.9644464501932,1108.1210146382366,1128.5599365234375,111,0.0,0.0,2025-07-15,1107.5707397460938,37.432028960528754,1145.0027687066224,1070.138710785565,1182.4347976671513,1032.7066818250362,-71.4306023112509,76.74334012671656,645166,167.3199528536149,8712.416712356671,1087.0693587742285,59.19193493332871,1123.5484658706225,1138.9759171030084,1113.1324852910518,1149.3918976825792,1097.705034058666,1164.819348914965,1087.2890534790952,0.019749245783486895,-65.51444663727294,18.879815724126047,21.22898745165308,-2.3491717275270325,62.60341494853741,42.53816498158518,1128.0685791015626,1107.5707397460938,1062.3438317871094,1004.7460040283203,IMPAL.BO,2025-07-29 12:21:48.906311
12,2025-07-14 00:00:00+05:30,1118.7826626883939,1161.4290604945625,1107.4823244782651,1123.0079345703125,376,0.0,0.0,2025-07-14,1104.0086730957032,38.69784672907081,1142.706519824774,1065.3108263666325,1181.4043665538447,1026.6129796375617,-6.595591887462418,95.22228327398416,645055,563.9892102670723,10848.690902232434,1087.0643868763057,99.56645609687338,1130.6397731810466,1153.7972218838281,1099.8504858675308,1184.586509197344,1076.6930371647493,1207.7439579001255,1045.9037498512334,0.01967387701428605,-54.7493375536852,19.763101841015214,21.81628038353484,-2.0531785425196247,60.835368339089825,42.425174854498664,1127.44951171875,1104.0086730957032,1059.3271313476562,1003.11482421875,IMPAL.BO,2025-07-29 12:21:48.906311
13,2025-07-11 00:00:00+05:30,1128.0685973906727,1128.0685973906727,1115.1960616022752,1118.78271484375,598,0.0,0.0,2025-07-11,1100.6333129882812,39.879509804439984,1140.5128227927212,1060.7538031838412,1180.3923325971612,1020.8742933794013,-105.48430274326743,82.88110314987902,644679,893.6080197768285,13419.866325223773,1087.0497908428072,99.566321479005,1120.682457945566,1126.168854288857,1113.2963185004594,1133.5549937339636,1107.8099221571686,1139.0413900772544,1100.423782712062,0.020277741568267324,-38.76141103380824,21.141322867249073,22.329575019164743,-1.1882521519156697,59.47955897622227,42.30349317917472,1128.6286865234374,1100.6333129882812,1056.4666723632813,1001.6590466308594,IMPAL.BO,2025-07-29 12:21:48.906311
14,2025-07-10 00:00:00+05:30,1127.085925890232,1132.5886753830296,1122.074495458415,1130.132080078125,273,0.0,0.0,2025-07-10,1097.5380004882813,40.78878362658131,1138.3267841148627,1056.7492168617,1179.115567741444,1015.9604332351187,-52.150512336637995,102.93392206296392,645277,412.08990520178713,16551.430901585507,1087.029283097347,99.66148089583271,1128.2650836398564,1134.4556718212978,1123.9414918966831,1138.779263564471,1117.7509037152417,1144.9698517459124,1113.4273119720685,0.02058579586997667,-28.524627502007014,23.001660474403025,22.62663805714366,0.37502241725936614,65.0941390551637,42.96779264622785,1131.380078125,1097.5380004882813,1053.4794506835938,1000.6916381835938,IMPAL.BO,2025-07-29 12:21:48.906311
15,2025-07-09 00:00:00+05:30,1168.0128358745753,1168.0128358745753,1129.1003899614102,1139.8602294921875,120,0.0,0.0,2025-07-09,1094.8308349609374,40.305538963526686,1135.1363739244641,1054.5252959974107,1175.4419128879908,1014.219757033884,132.01160059760537,143.765247709776,645550,182.6976549744196,20586.266150681433,1087.016562635128,99.6300247681762,1145.6578184427244,1162.2152469240386,1123.3028010108735,1184.5702643558895,1106.7453725295593,1201.1276928372038,1084.3903550977084,0.020242525769112788,-18.732015816866337,23.917205827534644,22.532882452828815,1.3843233747058292,70.38283490400394,43.30635729568351,1131.183544921875,1094.8308349609374,1050.3802111816406,1000.0273754882812,IMPAL.BO,2025-07-29 12:21:48.906311
16,2025-07-08 00:00:00+05:30,1130.0338910721607,1130.623449981661,1107.4823931394042,1125.464599609375,89,0.0,0.0,2025-07-08,1091.7085021972657,39.032326894939864,1130.7408290922056,1052.6761753023259,1169.7731559871454,1013.643848407386,-87.40292875261531,106.60344851861433,645430,133.78948183651107,25687.158274608184,1087.0097067216827,99.60738840525289,1121.1901475768134,1134.8979020142226,1111.7568451719658,1144.3312044190702,1098.0490907345566,1158.0389588564794,1088.615788329709,0.0202524934925353,-28.11400515285275,23.768924089969005,22.186801609152358,1.582122480816647,66.66035227893498,43.287102996526656,1129.257568359375,1091.7085021972657,1047.2357690429687,999.4687463378906,IMPAL.BO,2025-07-29 12:21:48.906311
17,2025-07-07 00:00:00+05:30,1151.6519056346579,1160.5938887615978,1126.1033138714315,1128.90380859375,279,0.0,0.0,2025-07-07,1089.6744384765625,38.232435921575714,1127.9068743981381,1051.4420025549869,1166.139310319714,1013.2095666334111,62.374886708809115,149.98601442935131,645519,420.6891074502569,32075.500472801104,1087.0060061012873,99.58769093163637,1138.5336704089266,1150.9640269464217,1116.4734520562554,1173.0242452990929,1104.0430955187603,1185.454601836588,1081.982877166089,0.020659627871242012,-25.872587286576593,24.63669474639346,21.791270988948195,2.845423757445264,68.57217847018232,44.20630581128374,1129.24775390625,1089.6744384765625,1044.33796875,999.2550219726562,IMPAL.BO,2025-07-29 12:21:48.906311
18,2025-07-04 00:00:00+05:30,1168.6024457750677,1168.6024457750677,1126.7420836479416,1132.5396728515625,643,0.0,0.0,2025-07-04,1086.5422790527343,37.406528371043194,1123.9488074237775,1049.1357506816912,1161.3553357948208,1011.729222310648,72.33956412755735,170.65818107050777,645798,972.6677645641661,39989.20331413882,1086.9933628313981,99.63290450419873,1142.6280674248574,1158.514051201773,1116.653689074647,1184.4884295519835,1100.7677052977313,1200.3744133288992,1074.7933269475209,0.020574852658355788,-23.50300429704598,25.035710917954248,21.079915049586877,3.955795868367371,70.56056640168896,44.07224252751488,1130.171435546875,1086.5422790527343,1041.281964111328,998.981357421875,IMPAL.BO,2025-07-29 12:21:48.906311
19,2025-07-03 00:00:00+05:30,1130.2302919797683,1146.7878398865541,1114.2133629580262,1129.1494140625,1678,0.0,0.0,2025-07-03,1083.2848266601563,36.000383496182856,1119.2852101563392,1047.2844431639735,1155.285593652522,1011.2840596677906,50.2636018775879,156.95083035638174,645155,2530.716495267262,49743.33720153247,1086.9616649473378,99.58511572011254,1130.0502056356934,1145.8870483133605,1113.3125713848326,1162.6246825642213,1097.4757287071654,1178.4615252418885,1080.7380944563047,0.021218233517474296,-18.25230687878498,24.809166037699242,20.09096608249503,4.718199955204213,69.80334006406297,43.887939428610714,1129.562158203125,1083.2848266601563,1038.5128881835938,999.0998718261719,IMPAL.BO,2025-07-29 12:21:48.906311
20,2025-07-02 00:00:00+05:30,1130.0338670310168,1137.8949721929716,1114.5573162434182,1130.2303466796875,576,0.0,0.0,2025-07-02,1079.5753662109375,34.82894024957753,1114.404306460515,1044.74642596136,1149.2332467100925,1009.9174857117825,53.94629999995116,161.23371456305344,646833,869.5400165459089,61546.492378098774,1086.8849051383343,99.53943979744452,1127.5608783720256,1140.564440500633,1117.2267845510796,1150.898534321579,1104.2232224224722,1163.9020964501865,1093.8891286015262,0.021170796353220833,-17.477090812538968,24.477112609057713,18.911416093693976,5.5656965153637366,70.33855605861791,44.212898826950315,1130.1517578125,1079.5753662109375,1035.7133532714843,998.5301049804688,IMPAL.BO,2025-07-29 12:21:48.906311
21,2025-07-01 00:00:00+05:30,1133.522292125683,1135.7822879125024,1121.9271139117518,1125.41552734375,347,0.0,0.0,2025-07-01,1075.5883178710938,33.25355775534216,1108.841875626436,1042.3347601157516,1142.095433381778,1009.0812023604094,65.07435043192014,170.494410276692,646257,521.6059099614263,76715.73046848699,1086.8578161479443,99.57200639503371,1127.708309722668,1133.4895055335842,1119.6343315328336,1141.5634837234186,1113.8531357219174,1147.3446795343348,1105.779157532083,0.019829394890557305,-20.930150925575838,23.574662770558007,17.51999196485304,6.054670805704966,69.36720517594722,44.79747328110434,1126.240869140625,1075.5883178710938,1032.624921875,998.0386450195313,IMPAL.BO,2025-07-29 12:21:48.906311
22,2025-06-30 00:00:00+05:30,1135.3400732733428,1154.5997558488032,1116.8173692654454,1133.522216796875,583,0.0,0.0,2025-06-30,1071.1910095214844,32.11309018919058,1103.304099710675,1039.0779193322937,1135.4171898998654,1006.9648291431032,93.69330990393011,197.5338848008899,646604,882.6707135773953,95764.26160811838,1086.8432939897048,99.60569195933526,1134.9797806370414,1153.1421920086373,1115.3598054252795,1172.762167220399,1097.1973940536836,1190.924578591995,1077.5774188419218,0.01997714146503013,-15.116249292668137,22.536248400251907,16.006324263426798,6.529924136825109,73.1159608514047,45.001675861626765,1116.7583984375,1071.1910095214844,1029.8175231933594,997.3932385253906,IMPAL.BO,2025-07-29 12:21:48.906311
23,2025-06-27 00:00:00+05:30,1131.999061201785,1154.5505570187895,1115.3924537616756,1129.4932861328125,540,0.0,0.0,2025-06-27,1066.5554138183593,29.201472261462843,1095.7568860798222,1037.3539415568964,1124.958358341285,1008.1524692954335,123.68429646800635,208.04170393068463,646021,814.6621507269076,119484.65933175362,1086.8137373724408,99.60558936224385,1133.1454323044259,1150.8984108471761,1111.7403075900622,1172.3035355615398,1093.987329047312,1190.05651410429,1072.5822043329483,0.020110900297408075,-17.97674983693583,20.066918943639394,14.373843229220519,5.693075714418875,72.42842715286069,45.22158633295861,1097.9605224609375,1066.5554138183593,1026.7015771484375,996.7232556152344,IMPAL.BO,2025-07-29 12:21:48.906311
24,2025-06-26 00:00:00+05:30,1130.033895941758,1150.3744580883301,1129.5425768565658,1132.097412109375,657,0.0,0.0,2025-06-26,1061.5562438964844,26.271011539247322,1087.8272554357318,1035.285232357237,1114.098266974979,1009.0142208179898,201.8014501803977,227.80363309386928,646561,993.457500589411,149152.1586270103,1086.788691641557,99.69308328283432,1137.3381490180902,1145.1337211796147,1124.3018399478503,1158.1700302498546,1116.506267786326,1165.965602411379,1103.469958716086,0.02009432834923476,-13.517424893445757,16.99817335710941,12.9505743006158,4.047599056493608,73.55535835681212,45.459450116996955,1078.887548828125,1061.5562438964844,1023.79591796875,996.1320324707032,IMPAL.BO,2025-07-29 12:21:48.906311
25,2025-06-25 00:00:00+05:30,1090.6791218281362,1134.8978367624875,1085.323792110908,1110.6759033203125,626375,0.0,0.0,2025-06-25,1056.6897277832031,21.002628505944262,1077.6923562891475,1035.6870992772588,1098.6949847950916,1014.6844707713146,217.84931555108233,176.4814985703576,645904,929227.1518527403,186191.83390861552,1086.7563190486383,99.69298771415815,1110.2991773979027,1135.2745626848973,1085.7005180333178,1159.8732220494821,1060.7251327463232,1184.8486073364768,1036.1264733817384,0.02064406461140791,-20.229722493283692,12.555234050040553,11.938674536492396,0.6165595135481574,69.98242057351258,44.99003383214441,1059.8538330078125,1056.6897277832031,1021.0740087890625,995.9140869140625,IMPAL.BO,2025-07-29 12:21:48.906311
26,2025-06-24 00:00:00+05:30,1040.0732472692025,1080.901908238024,1040.0732472692025,1078.003173828125,194,0.0,0.0,2025-06-24,1052.891827392578,17.260955324978948,1070.152782717557,1035.630872067599,1087.413738042536,1018.3699167426201,57.99689161427919,83.20680690062719,19529,279.3327746289968,433.0044225843253,1035.6494958882463,61.104116080141054,1066.3261097784505,1092.5789722876984,1051.750311318877,1107.1547707472719,1025.497448809629,1133.4076332565198,1010.9216503500556,-0.15854433246237903,-42.30939526529571,8.786388620215348,11.784534658105356,-2.9981460378900078,62.87930560830984,44.753801082535446,1046.7159423828125,1052.891827392578,1018.2616979980469,995.7155676269531,IMPAL.BO,2025-07-29 12:21:48.906311
27,2025-06-23 00:00:00+05:30,1060.46295580774,1060.46295580774,1033.7352483182879,1039.5328369140625,275,0.0,0.0,2025-06-23,1050.7840698242187,16.59411709849021,1067.378186922709,1034.1899527257285,1083.972304021199,1017.5958356272383,-59.549193862984914,36.01786522073923,19335,381.83086568628164,471.42233457315734,1035.6214498713628,66.61303733457858,1044.5770136800302,1055.4187790417725,1028.6910715523204,1071.3047211694823,1017.8493061905781,1082.1464865312246,1001.9633640628683,-0.11084925753123583,-77.62745513212992,7.0457661089844805,12.534071167577856,-5.488305058593376,49.92224883459068,45.7208645786998,1042.5790283203125,1050.7840698242187,1015.9741162109375,995.9046459960938,IMPAL.BO,2025-07-29 12:21:48.906311
28,2025-06-20 00:00:00+05:30,1061.2000271594413,1061.2000271594413,1015.1634536031697,1034.12841796875,511,0.0,0.0,2025-06-20,1051.4276977539062,16.38305131920425,1067.8107490731104,1035.044646434702,1084.1938003923146,1018.6615951154977,-106.53919150875296,21.0176572135521,19060,705.822500284515,493.8202017948762,1035.6177749363223,62.683574466484174,1036.8306329104537,1058.4978122177376,1012.461238661466,1082.8672064667253,990.7940593541821,1104.5343857740093,966.4246651051944,-0.09429915815362935,-82.58903351087888,8.499233103430015,13.9061474322262,-5.406914328796185,47.535292835489386,47.39040370363223,1045.772607421875,1051.4276977539062,1014.5414306640625,996.5280993652344,IMPAL.BO,2025-07-29 12:21:48.906311
29,2025-06-19 00:00:00+05:30,1044.9864172763491,1051.4227446750622,1032.4087218339764,1036.9288330078125,153,0.0,0.0,2025-06-19,1051.1697509765625,16.707166228017954,1067.8769172045804,1034.4625847485445,1084.5840834325984,1017.7554185205265,-116.24210531051361,30.087283494908036,19571,211.90465998547577,440.8196271724665,1035.6203796785915,65.44800518259837,1040.2534331722836,1048.0981445105908,1029.084121669505,1059.2674560133694,1021.2394103311979,1067.1121673516766,1010.0700988284193,-0.11736083265071337,-88.74438449341372,10.763588422699058,15.257876014425246,-4.494287591726188,48.65184363248391,49.188368915097925,1050.322216796875,1051.1697509765625,1012.8188647460937,997.3960046386719,IMPAL.BO,2025-07-29 12:21:48.906311
30,2025-06-18 00:00:00+05:30,1046.5095872463291,1046.5095872463291,1036.6832061454247,1044.9864501953125,229,0.0,0.0,2025-06-18,1050.9609436035157,16.919268380520904,1067.8802119840366,1034.0416752229949,1084.7994803645574,1017.1224068424739,-132.10901587877868,36.99053079859841,19724,319.6290672235448,498.04836896921415,1035.6196941553255,64.58958828707523,1042.7264145290221,1048.7696229126195,1038.943241811715,1052.5527956299265,1032.9000334281177,1058.596004013524,1029.1168607108107,-0.11300538325564623,-73.21513014504026,13.223766275754087,16.38144791235679,-3.157681636602703,51.91107075970905,50.20882537455622,1058.1342041015625,1050.9609436035157,1012.477890625,998.0922485351563,IMPAL.BO,2025-07-29 12:21:48.906311
31,2025-06-17 00:00:00+05:30,1055.5007470072035,1061.0034964182119,1053.1423915593598,1057.318603515625,340,0.0,0.0,2025-06-17,1050.1060546875,17.65307436794697,1067.7591290554471,1032.452980319553,1085.412203423394,1014.7999059516062,-65.08205847668854,68.37161050417069,19953,480.15882638175765,542.6531944056314,1035.6123432993204,68.34303111148934,1057.1548304977323,1061.1672694361048,1053.3061645772527,1065.0159353565844,1049.2937256388802,1069.0283742949568,1045.4450597184007,-0.14546262713788197,-61.80080888630107,15.379626133157899,17.170868321507463,-1.791242188349564,57.37050095856005,51.43622152579968,1064.61962890625,1050.1060546875,1011.1680346679688,998.7551513671875,IMPAL.BO,2025-07-29 12:21:48.906311
32,2025-06-16 00:00:00+05:30,1054.3706746238424,1058.3012269989547,1039.6311032171718,1055.500732421875,318,0.0,0.0,2025-06-16,1048.514178466797,18.388607488754637,1066.9027859555515,1030.1255709780423,1085.291393444306,1011.7369634892876,-78.69169798063162,59.1752010065825,19613,448.3175960235032,558.2767864115998,1035.5870221466669,68.32458931959435,1051.1443542126672,1062.6576052081625,1043.9874814263796,1069.81447799445,1032.4742304308843,1081.3277289899454,1025.3173576445968,-0.16941372171118418,-63.4833832212196,16.6922251518763,17.618678868594852,-0.9264537167185516,56.747014466821135,51.84706349713681,1070.1125732421874,1048.514178466797,1009.1477307128906,999.3030114746093,IMPAL.BO,2025-07-29 12:21:48.906311
33,2025-06-13 00:00:00+05:30,1075.9887280604287,1075.9887280604287,1045.5269467180788,1056.87646484375,296,0.0,0.0,2025-06-13,1047.5929565429688,18.481451713933897,1066.0744082569026,1029.1115048290349,1084.5558599708365,1010.630053115101,-23.26099591481421,78.30329920963113,19931,417.8458217339681,585.7665840086239,1035.5652714610328,62.49066816256665,1059.4640465407526,1073.4011463634265,1042.9393650210766,1089.9258278831026,1029.0022651984027,1103.8629277057764,1012.4775836787267,-0.22885276344292532,-62.21004097339984,18.298869910046278,17.850292297774487,0.4485776122717908,57.337457861589385,52.34603144618584,1072.26455078125,1047.5929565429688,1007.2030895996094,999.9187219238281,IMPAL.BO,2025-07-29 12:21:48.906311
34,2025-06-12 00:00:00+05:30,1090.679161828947,1090.679161828947,1065.7693088258782,1075.98876953125,390,0.0,0.0,2025-06-12,1045.54169921875,19.63738650694425,1065.1790857256942,1025.9043127118057,1084.8164722326385,1006.2669262048614,70.25877915514276,118.03425251322169,20227,560.495940317333,627.7467745772879,1035.5435826925695,67.0817139249262,1077.479080062025,1089.188851298172,1064.2789982951033,1102.3889330650939,1052.5692270589564,1114.0987043012408,1039.3691452920345,-0.2709767569745439,-44.520187463493606,19.94311765872999,17.738147894706536,2.2049697640234527,66.19368454288,52.565812661791576,1074.3673828125,1045.54169921875,1005.7183227539062,1000.5206750488281,IMPAL.BO,2025-07-29 12:21:48.906311
35,2025-06-11 00:00:00+05:30,1088.763093070031,1088.763093070031,1071.665164910691,1077.41357421875,143,0.0,0.0,2025-06-11,1041.7413452148437,20.75768547052113,1062.499030685365,1020.9836597443226,1083.256716155886,1000.2259742738014,98.37178375879454,128.87506785841552,20617,205.78731756374032,644.5594831422765,1035.4892764686979,72.9383387767314,1079.2806107331573,1086.8960565556238,1069.7981283962838,1096.3785388924973,1062.1826825738174,1103.9939847149637,1052.7002002369438,-0.2642189951125079,-43.20142519938072,19.863812153219214,17.18690545370067,2.6769066995185433,66.90673971076689,51.65764662708947,1070.161669921875,1041.7413452148437,1003.1634631347656,1000.520498046875,IMPAL.BO,2025-07-29 12:21:48.906311
36,2025-06-10 00:00:00+05:30,1067.145018586711,1087.7804194986088,1067.145018586711,1084.7833251953125,444,0.0,0.0,2025-06-10,1038.4937255859375,19.94812747776398,1058.4418530637015,1018.5455981081735,1078.3899805414653,998.5974706304095,125.76934403720888,138.10347096451318,20760,643.3185831040632,754.2525245369104,1035.4686258125867,75.55370038380671,1079.9029210935441,1092.6608236003772,1072.0254226884795,1100.5383220054418,1059.2675201816464,1113.2962245122749,1051.3900217765818,-0.26792003863821806,-36.38017484200521,19.320988549618733,16.517678778821036,2.8033097707976964,70.57047490158574,50.329737483208504,1064.7768310546876,1038.4937255859375,1001.0714270019531,1000.7997192382812,IMPAL.BO,2025-07-29 12:21:48.906311
37,2025-06-09 00:00:00+05:30,1124.088850578864,1124.088850578864,1037.6166943891587,1066.2606201171875,819,0.0,0.0,2025-06-09,1034.292950439453,18.479312074550908,1052.772262514004,1015.8136383649022,1071.2515745885548,997.3343262903512,123.94577251343014,139.5138274390732,20316,1166.399695071347,781.9860098951222,1035.393089446195,71.31464249329967,1075.9887216950701,1114.3607490009815,1027.8885928112763,1162.4608778847753,989.516565505365,1200.8329051906867,941.4164366215712,-0.30686973885292684,-53.524310245702985,17.607458785959352,15.81685133612161,1.7906074498377418,66.25928332053081,48.90996431358936,1055.3140380859375,1034.292950439453,999.7645178222656,1001.1523095703125,IMPAL.BO,2025-07-29 12:21:48.906311
38,2025-06-06 00:00:00+05:30,1120.2074223245108,1120.2074223245108,1025.87416570771,1067.390625,494,0.0,0.0,2025-06-06,1029.3773040771484,22.224576526930765,1051.6018806040793,1007.1527275502177,1073.8264571310099,984.9281510232869,128.3044275386007,138.29177107208767,21135,704.288275785156,685.8825886010659,1035.3056290754662,61.02271883861202,1071.1574043440735,1116.440642980437,1022.1073863636361,1165.4906609608743,976.8241477272727,1210.7738995972377,927.7741297468353,,-50.23364210925205,16.971047561605246,15.369199473662173,1.6018480879430737,66.81382369714913,47.380977823230296,1050.223974609375,1029.3773040771484,996.9335375976563,1001.9823120117187,IMPAL.BO,2025-07-29 12:21:48.906311
39,2025-06-05 00:00:00+05:30,1071.075493372262,1080.951053929142,1041.5963513528418,1054.960205078125,599,0.0,0.0,2025-06-05,1023.8131164550781,25.8426861522255,1049.6558026073037,997.9704303028526,1075.4984887595292,972.1277441506271,82.96577841036019,121.48754948377555,20641,844.0399942086053,681.2811668050433,1035.2507006280998,63.89630427231853,1059.1692034533696,1076.7420555538974,1037.3873529775972,1098.52390602967,1019.8145008770693,1116.0967581301977,998.0326504012969,,-62.05611675332619,15.787822898608397,14.968737451676402,0.8190854469319948,63.7116847485684,45.77007125080634,1042.6478271484375,1023.8131164550781,994.0357385253906,1002.6924182128906,IMPAL.BO,2025-07-29 12:21:48.906311
40,2025-06-04 00:00:00+05:30,1052.4054763271185,1078.9367068227602,1043.5617328285714,1050.4893798828125,1058,0.0,0.0,2025-06-04,1019.5632080078125,27.393436987396214,1046.9566449952088,992.1697710204163,1074.350081982605,964.77633403302,93.41027135018086,125.01134506918973,20042,1484.490626647783,640.5914599541527,1035.2097016172524,65.24831786292083,1057.6626065113815,1071.7634801941915,1036.3885062000027,1093.0375805055703,1022.2876325171926,1107.1384541883804,1001.0135322058138,,-62.428386581154264,15.257935361795376,14.763966089943402,0.4939692718519737,62.54246835313062,44.43066014207461,1038.6092041015625,1019.5632080078125,991.3531372070313,1003.9636462402344,IMPAL.BO,2025-07-29 12:21:48.906311
41,2025-06-03 00:00:00+05:30,1040.8102339513916,1045.428705020407,1033.7352875681834,1037.4693603515625,224,0.0,0.0,2025-06-03,1015.9397247314453,27.876087230705856,1043.8158119621512,988.0636375007394,1071.691899192857,960.1875502700335,-26.019521436670704,89.9275589407203,18984,310.4012229755309,429.616668280745,1035.153354807894,56.17339928501938,1038.8777843133842,1044.020281058585,1032.3268636063613,1050.5712017656078,1027.1843668611605,1055.7136985108086,1020.6334461541376,,-57.6711931712595,14.788646445841437,14.640473771980409,0.14817267386102806,58.966574287259796,43.01028564454977,1035.4549072265625,1015.9397247314453,988.698046875,1005.4889807128907,IMPAL.BO,2025-07-29 12:21:48.906311
42,2025-06-02 00:00:00+05:30,1040.613823080556,1054.5181771902828,1025.8742505156756,1040.810302734375,250,0.0,0.0,2025-06-02,1012.9525024414063,28.638238252187044,1041.5907406935933,984.3142641892192,1070.2289789457805,955.6760259370323,-6.824290983388292,99.82819461316551,19208,347.5455379360787,459.4205296070485,1035.1515451508533,59.62753399487059,1040.400910146778,1054.9275697778803,1026.283643103273,1069.0448368213852,1011.7569834721708,1083.5714964524875,997.6397164286659,,-55.3424447657495,15.24601867476838,14.60343060351515,0.642588071253229,60.33869461676837,41.871189786868285,1035.1306396484374,1012.9525024414063,985.6872424316406,1006.996474609375,IMPAL.BO,2025-07-29 12:21:48.906311
43,2025-05-30 00:00:00+05:30,1118.1439161400074,1118.1439161400074,1016.0477937278437,1029.5098876953125,228,0.0,0.0,2025-05-30,1009.9112365722656,28.753616978666916,1038.6648535509325,981.1576195935986,1067.4184705295995,952.4040026149318,89.01424703448478,142.55979806123952,18958,313.5201764549165,487.3892775247909,1035.1466060412897,63.01359188275752,1054.5671991877211,1093.0866046475985,990.9904822354349,1156.663321599885,952.4710767755574,1195.1827270597623,888.8943598232712,,-61.533379542709994,15.271561238120853,14.442783585701843,0.82877765241901,57.21067840347008,40.644471170903614,1037.449658203125,1009.9112365722656,982.8886889648437,1008.5718505859375,IMPAL.BO,2025-07-29 12:21:48.906311
44,2025-05-29 00:00:00+05:30,1120.2074238870393,1120.2074238870393,1022.9262528652702,1034.76708984375,207,0.0,0.0,2025-05-29,1006.9068237304688,29.720992414741332,1036.62781614521,977.1858313157275,1066.3488085599515,947.4648389009861,146.5885464551856,167.38784622437566,19186,286.0968519401985,530.8565527922594,1035.1510965401153,65.78582797800601,1059.3002555320197,1095.6742581987692,998.3930871770001,1156.5814265537888,962.0190845102505,1192.9554292205385,901.1119161552309,,-56.11485943997989,16.18579583083408,14.235589172597088,1.9502066582369935,59.22981155546875,39.32338958448012,1037.3415771484374,1006.9068237304688,980.379033203125,1010.1657580566406,IMPAL.BO,2025-07-29 12:21:48.906311
45,2025-05-28 00:00:00+05:30,1036.6831716626232,1051.4227428237032,1017.0795899987618,1034.7178955078125,344,0.0,0.0,2025-05-28,1003.9269744873047,29.7682675194658,1033.6952420067705,974.158706967839,1063.4635095262363,944.3904394483732,10.527365238476897,113.42960583231375,18979,475.4233727763375,592.0464780052746,1035.1513744837782,59.76439640194052,1034.4067427767593,1051.7338955547568,1017.3907427298154,1068.7498956017007,1000.0635899518179,1086.0770483796982,983.047589904874,,-34.81481863307835,16.59329906247922,13.748037508037838,2.8452615544413806,59.21710682457533,37.621391958348035,1036.9386962890626,1003.9269744873047,977.9283325195313,1012.0411572265625,IMPAL.BO,2025-07-29 12:21:48.906311
46,2025-05-27 00:00:00+05:30,1027.8886774926168,1040.7120332885377,1020.9118507163768,1035.8480224609375,882,0.0,0.0,2025-05-27,1001.3229858398438,29.20559114885592,1030.5285769886998,972.1173946909879,1059.7341681375556,942.9118035421319,2.2648069980640897,116.0457970322673,19323,1220.2947764296766,621.2022543125088,1035.151896515404,57.58152843001217,1032.4906354886173,1044.069420260858,1024.2692376886969,1052.2908180607783,1012.6904529164564,1063.8696028330187,1004.469055116536,,-33.9628963742445,16.86845795937529,13.036722119427493,3.8317358399477985,59.60690796132415,36.59408185526475,1035.5728515625,1001.3229858398438,975.5179211425781,1014.0310009765625,IMPAL.BO,2025-07-29 12:21:48.906311
47,2025-05-26 00:00:00+05:30,1080.8036603291634,1080.8036603291634,1027.8886231166475,1052.4053955078125,287,0.0,0.0,2025-05-26,998.5593139648438,28.36985508507885,1026.9291690499226,970.189458879765,1055.2990241350014,941.8196037946861,125.71866714674759,179.14254909853858,20205,403.4271187584762,471.4291237832167,1035.149740410953,68.34001395896652,1053.6992263178745,1079.5098295191015,1026.5947923065855,1106.6142635303904,1000.7841891053586,1132.4248667316174,973.6797550940696,,-21.48147151534344,16.853861650784665,12.078788159440542,4.7750734913441235,65.47161281935337,35.64193347576141,1033.499462890625,998.5593139648438,973.4907373046875,1016.0217175292969,IMPAL.BO,2025-07-29 12:21:48.906311
48,2025-05-23 00:00:00+05:30,1080.9018806043607,1080.9018806043607,1023.8596924702741,1028.969482421875,312,0.0,0.0,2025-05-23,994.7442230224609,25.75786659175179,1020.5020896142127,968.9863564307092,1046.2599562059645,943.2284898389573,83.3112236602383,164.98939074764337,19918,428.8024068200188,488.4296250394018,1035.1323317782544,62.51625305212845,1044.5770184988367,1065.294344527399,1008.2521563933126,1101.6192066329231,987.5348303647501,1122.3365326614858,951.209968259226,,-39.148138042318465,14.949162036673101,10.88501978660451,4.064142250068592,60.34324274006736,34.325959749738296,1030.433642578125,994.7442230224609,971.4989306640625,1017.4908825683593,IMPAL.BO,2025-07-29 12:21:48.906311
49,2025-05-22 00:00:00+05:30,1036.7324179958207,1050.4401720738433,1021.8454261787667,1032.752685546875,226,0.0,0.0,2025-05-22,993.0000427246093,24.467064733525103,1017.4671074581345,968.5329779910842,1041.9341721916596,944.0659132575591,63.11908650369708,146.97344899097794,20230,311.7488771836343,503.33642959424753,1035.1390982774105,62.147723307531244,1035.0127612664949,1048.180096354223,1019.5853504591464,1063.6075071615714,1006.4180153714183,1076.7748422492996,990.9906045640698,,-33.3333221190638,14.592149243180302,9.868984224087361,4.72316501909294,61.715859687889925,32.90875727555955,1027.810009765625,993.0000427246093,969.3931372070313,1019.6200219726562,IMPAL.BO,2025-07-29 12:21:48.906311
50,2025-05-21 00:00:00+05:30,1026.0216354232655,1033.489661279259,1026.0216354232655,1027.888671875,201,0.0,0.0,2025-05-21,990.8210418701171,22.61057410380278,1013.43161597392,968.2104677663143,1036.0421900777228,945.5998936625116,60.529952966383675,138.70218436254333,20004,275.9575389052241,551.2333176969008,1035.1409977254527,56.94838336073046,1029.1333228591748,1032.245010295084,1024.7769844390905,1036.6013487151683,1021.6652970031812,1039.7130361510776,1017.3089585830969,,-37.17049475674127,13.54138332491027,8.688192969314125,4.853190355596146,60.64715773490345,31.766136748612777,1021.255810546875,990.8210418701171,966.4668395996093,1021.8019079589844,IMPAL.BO,2025-07-29 12:21:48.906311
51,2025-05-20 00:00:00+05:30,1031.7699868209443,1049.408292424794,1015.0651394152719,1025.4810791015625,510,0.0,0.0,2025-05-20,988.2170471191406,21.06289615988074,1009.2799432790214,967.1541509592598,1030.342839438902,946.0912547993792,77.7939309442132,149.19511682115777,19803,698.5507345385909,620.05226239482,1035.146135254999,59.06575480493611,1029.984836980543,1044.904534545814,1010.561381536292,1064.327989990065,995.6416839710209,1079.247687555336,976.21822852677,,-39.06982106133679,12.469943710492998,7.474895380415088,4.9950483300779105,60.13473492943847,30.767387029436442,1018.1703125,988.2170471191406,963.4589831542969,1023.4753332519531,IMPAL.BO,2025-07-29 12:21:48.906311
52,2025-05-19 00:00:00+05:30,1021.9436429347443,1074.9078614962623,1021.9436429347443,1037.0762939453125,971,0.0,0.0,2025-05-19,986.1952728271484,19.151700367583196,1005.3469731947316,967.0435724595652,1024.4986735623147,947.891872091982,138.8625574428214,197.6740360235756,20313,1345.0240898853094,600.4276443588772,1035.1635387646618,62.63635818523398,1044.642599458773,1067.3415559828018,1014.3773374212838,1097.606818020291,991.678380897255,1120.3057745443198,961.4131188597657,,-29.922469896660083,11.146349193805008,6.22613329789561,4.920215895909398,63.85072405823486,29.691810408785003,1013.2276611328125,986.1952728271484,960.2241394042969,1025.1470263671874,IMPAL.BO,2025-07-29 12:21:48.906311
53,2025-05-16 00:00:00+05:30,1056.8764591393356,1056.8764591393356,1008.5305925250814,1015.851318359375,867,0.0,0.0,2025-05-16,983.2277038574218,15.001235492847213,998.228939350269,968.2264683645747,1013.2301748431163,953.2252328717274,131.6732121284486,159.4105595819563,19342,1176.384711958022,414.27853297726904,1035.1569586667356,51.963928550000446,1027.086123341264,1045.6416541574467,997.2957875431925,1075.4319899555182,978.7402567270099,1093.987520771701,948.9499209289384,,-46.66664477936276,8.140910067466848,4.99607932391826,3.144830743548588,59.61124813523109,28.30415598392863,999.4019409179688,983.2277038574218,957.4216552734375,1026.961837158203,IMPAL.BO,2025-07-29 12:21:48.906311
54,2025-05-15 00:00:00+05:30,995.2158586685551,1017.030436549049,976.7422743282655,999.981689453125,232,0.0,0.0,2025-05-15,981.645654296875,12.901064764390135,994.5467190612652,968.7445895324848,1007.4477838256553,955.8435247680948,61.623435695861076,80.32601881344937,18475,309.8704468993375,223.75198823208078,1035.2164416997625,30.985310647006386,997.9181334434797,1019.093992558694,978.8058303379105,1038.2062956642633,957.6299712226962,1059.3821547794776,938.517668117127,,-59.18603923774309,6.2600286290661415,4.209871638031113,2.0501569910350286,56.030166197491106,27.021983236962694,987.4530517578125,981.645654296875,955.3463232421875,1028.9971765136718,IMPAL.BO,2025-07-29 12:21:48.906311
55,2025-05-14 00:00:00+05:30,995.8055131795584,1075.0061231233178,993.4962775696499,1012.461181640625,161,0.0,0.0,2025-05-14,981.4466674804687,12.631233603909049,994.0779010843778,968.8154338765596,1006.7091346882868,956.1842002726506,209.0871361787989,160.40191160642098,18707,217.72303667328725,202.22237356526657,1035.2455158625005,33.57112951687694,1026.9878607778644,1060.4794439860789,978.969598432411,1108.4977063315323,945.4780152241965,1141.9892895397468,897.4597528787431,,-49.34109035717682,5.319999503561462,3.697332390272355,1.6226671132891068,59.90897803316619,26.155333151250858,981.44912109375,981.4466674804687,953.6954919433593,1031.1001477050781,IMPAL.BO,2025-07-29 12:21:48.906311
56,2025-05-13 00:00:00+05:30,974.8261514678933,1007.4497495997462,972.8117552828566,1000.767822265625,96,0.0,0.0,2025-05-13,979.326626586914,10.536326985530092,989.8629535724441,968.7902996013839,1000.3992805579742,958.2539726158539,98.60673826892106,76.14630791651948,18546,128.32305545618797,198.34720778826136,1035.2585703248444,35.07883312850531,993.6764423827426,1014.5411294826287,979.9031351657391,1028.314436699632,959.038448065853,1049.1791237995183,945.2651408488495,,-55.80812684481237,2.806830415266745,3.291665611950078,-0.48483519668333264,57.34029893540378,24.69242033720554,974.5608276367187,979.326626586914,952.6027990722656,1032.9853125,IMPAL.BO,2025-07-29 12:21:48.906311
57,2025-05-12 00:00:00+05:30,967.9476928710938,967.9476928710938,967.9476928710938,967.9476928710938,1,0.0,0.0,2025-05-12,977.4694396972657,9.806366445566175,987.2758061428318,967.6630732516995,997.0821725883981,957.8567068061333,-55.91393000463176,10.182251708925312,18450,1.2928615357825661,215.85324587127968,1035.270357751825,31.644204012225046,967.9476928710938,967.9476928710938,967.9476928710938,967.9476928710938,967.9476928710938,967.9476928710938,967.9476928710938,,-83.42286904154122,0.6983034086201769,3.4128744111209106,-2.7145710025007337,48.7858491062238,24.08327052682055,969.95224609375,977.4694396972657,951.5857678222657,1034.862745361328,IMPAL.BO,2025-07-29 12:21:48.906311
58,2025-05-09 00:00:00+05:30,953.1589582547133,969.9620457966444,948.2457677482456,956.1068725585938,422,0.0,0.0,2025-05-09,977.4669830322266,9.80888318528435,987.275866217511,967.6580998469423,997.0847494027953,957.8492166616579,-115.21610251851142,-15.828840417620242,18449,538.9134426219881,269.49334195515394,1035.2705974187,26.72810130996932,958.1048953678279,967.9640229874102,946.2477449390115,979.8211734162267,936.3886173194292,989.680301035809,924.5314668906127,,-93.3856938798236,1.2204550085323262,4.0915171617460935,-2.8710621532137672,45.097838503179744,24.16375413362975,972.3597045898438,977.4669830322266,950.2100744628906,1037.1385028076172,IMPAL.BO,2025-07-29 12:21:48.906311
59,2025-05-08 00:00:00+05:30,980.6728153203873,992.464472418428,964.9997257658143,969.9620361328125,66,0.0,0.0,2025-05-08,977.0616455078125,10.850236967670678,987.9118824754831,966.2114085401419,998.7621194431539,955.3611715724711,-39.112435258884766,32.92867422821322,18871,85.50643461088573,202.13831678844534,1035.3897047026355,26.7618491883037,975.8087447723516,986.6177637788888,959.1530171262751,1003.2734914249653,948.3439981197379,1014.0825104315026,931.6882704736614,,-85.99395212329766,3.0366169360368076,4.809282700049534,-1.7726657640127268,48.9277072830481,24.250428787116583,975.02265625,977.0616455078125,949.42396484375,1039.425047607422,IMPAL.BO,2025-07-29 12:21:48.906311
60,2025-05-07 00:00:00+05:30,958.1212923132715,978.0197143554688,954.1416198999264,978.0197143554688,67,0.0,0.0,2025-05-07,979.5575500488281,14.318284801141298,993.8758348499695,965.2392652476868,1008.1941196511108,950.9209804465455,-77.38961070867107,22.084872615169168,18937,87.52306897270245,231.29628733283522,1035.4051042245037,27.496858873449852,970.0603495369546,985.9790791739829,962.1009847184405,993.938443992497,946.1822550814122,1009.8571736295253,938.2228902628981,,-78.86037072440949,3.9513215224865235,5.2524491410527165,-1.301127618566193,51.27927319738075,23.825069451145392,976.0642700195312,979.5575500488281,948.0865954589843,1041.0758386230468,IMPAL.BO,2025-07-29 12:21:48.906311
61,2025-05-06 00:00:00+05:30,981.6554669710858,982.1467860236239,958.9565507340146,977.7249145507812,247,0.0,0.0,2025-05-06,979.6312469482422,14.313745386722665,993.9449923349648,965.3175015615195,1008.2587377216875,951.0037561747969,-62.564675571840745,31.604984372142816,18870,322.5624144212239,267.2395919228684,1035.4188187812344,33.17734779661669,972.9427504361398,986.928950138265,963.7387148486557,996.1329857257491,949.7525151465305,1010.1191854278743,940.5484795590464,,-79.12136141102962,4.268992849535607,5.577731045694265,-1.3087381961586582,51.20091358929956,23.614867073821213,976.9879516601562,979.6312469482422,947.1481762695313,1042.6455657958984,IMPAL.BO,2025-07-29 12:21:48.906311
62,2025-05-05 00:00:00+05:30,1038.6484931268587,1038.6484931268587,964.9506341065045,979.9849853515625,284,0.0,0.0,2025-05-05,978.560171508789,15.235679820385288,993.7958513291743,963.3244916884038,1009.0315311495597,948.0888118680184,47.93224488686075,78.2817697432086,19117,371.73879572258545,253.40888629827947,1035.469695058354,34.202564363682995,994.5280375283086,1024.1054409501126,950.4075819297584,1068.2258965486628,920.8301785079543,1097.803299970467,876.7097229094041,,-50.39793689492303,4.64006001645339,5.90491559473393,-1.2648555782805397,51.80384266862021,23.248222782998052,977.5578857421875,978.560171508789,946.9025170898437,1044.4315368652344,IMPAL.BO,2025-07-29 12:21:48.906311
63,2025-05-02 00:00:00+05:30,954.1416200006992,983.6698836812186,954.1416200006992,969.421630859375,234,0.0,0.0,2025-05-02,977.4743560791015,15.888638135128295,993.3629942142298,961.5857179439732,1009.2516323493581,945.6970798088449,-94.37259573623322,30.686999433952113,18833,302.9902749575344,223.82640894220296,1035.5260096146028,29.468346539108012,969.0777115137643,984.0138030268294,954.4855393463099,998.6059751942837,939.5494478332448,1013.5420667073488,924.9572756657905,,-56.50936277011669,4.822251764680914,6.221129489304064,-1.3988777246231505,49.208779305112394,22.686101183399327,976.7816040039063,977.4743560791015,946.8514208984375,1046.0697546386718,IMPAL.BO,2025-07-29 12:21:48.906311
64,2025-04-30 00:00:00+05:30,966.7193810704412,976.7423019995348,966.7193810704412,975.1701049804688,50,0.0,0.0,2025-04-30,978.1351806640625,15.810742404321758,993.9459230683843,962.3244382597408,1009.7566654727061,946.513695855419,-97.32046809313924,40.093988101074466,19067,65.12541580809349,204.0354424383701,1035.5813367814299,32.143221739403515,972.8772626834816,979.035144296522,969.0122233674284,982.9001836125752,962.854341754388,989.0580652256157,958.9893024383348,,-53.16847835692343,6.022778358010555,6.570848920459851,-0.5480705624492961,50.58594000514931,22.981291397532118,981.714453125,978.1351806640625,947.9038256835937,1047.6324523925782,IMPAL.BO,2025-07-29 12:21:48.906311
65,2025-04-29 00:00:00+05:30,989.5165894165038,1031.7700286865233,982.6381225585938,982.6381225585938,283,0.0,0.0,2025-04-29,976.78896484375,17.16475899708825,993.9537238408383,959.6242058466618,1011.1184828379265,942.4594468495735,77.46156381224131,92.52336206041684,19117,371.43273006852144,238.76294909593923,1035.5921426011423,29.718129994668402,999.015424601237,1015.3927266438802,966.2608205159506,1048.1473307291667,949.8835184733074,1064.5246327718098,917.128914388021,,-48.84908604264068,6.902424373029476,6.707866561072175,0.19455781195730104,52.35342275059611,22.959617523084034,984.5149658203125,976.78896484375,949.6745397949219,1049.2608673095704,IMPAL.BO,2025-07-29 12:21:48.906311
66,2025-04-28 00:00:00+05:30,1067.09579778191,1067.09579778191,972.8117199729852,980.5745849609375,122,0.0,0.0,2025-04-28,976.2976470947266,17.12911904614138,993.4267661408679,959.1685280485852,1010.5558851870094,942.0394090024438,143.69023198057062,112.34918541263991,18834,159.7866859234876,205.59550385279363,1035.645808115925,33.6897280254956,1006.8273675719443,1040.8430151709033,946.5589373619785,1101.111445380869,912.5432897630194,1135.1270929798281,852.2748595530536,,-50.04260605599176,7.188569064518106,6.659227108082849,0.5293419564352568,51.92327048974561,22.50348967582273,983.1490966796875,976.2976470947266,951.7017236328124,1050.8686572265624,IMPAL.BO,2025-07-29 12:21:48.906311
67,2025-04-25 00:00:00+05:30,969.9129683460977,983.0803434700409,967.9476920574778,976.1035766601562,133,0.0,0.0,2025-04-25,978.2408111572265,19.657590261709984,997.8984014189365,958.5832208955165,1017.5559916806465,938.9256306338066,-52.512896386290564,55.69827617549357,18712,173.39943215965192,217.04770833512012,1035.6698785687847,30.379209318141093,975.7105373958916,983.4733827343055,968.3407313217423,990.8431888084548,960.5778859833284,998.6060341468686,953.2080799091791,,-45.8414670499528,7.6492304546852665,6.526891618974034,1.1223388357112327,51.03252458321001,22.01227507107979,984.0432983398438,978.2408111572265,954.1720751953125,1052.4844201660155,IMPAL.BO,2025-07-29 12:21:48.906311
68,2025-04-24 00:00:00+05:30,994.0858764648438,994.0858764648438,994.0858764648438,994.0858764648438,50,0.0,0.0,2025-04-24,975.6712127685547,23.022583020623337,998.693795789178,952.6486297479314,1021.7163788098014,929.626046727308,77.7761480807335,96.0493257400624,18845,66.38868000883052,227.95977737898716,1035.6982746868016,39.028489877654444,994.0858764648438,994.0858764648438,994.0858764648438,994.0858764648438,994.0858764648438,994.0858764648438,994.0858764648438,,-33.9506151935802,8.56344577240543,6.246306910046225,2.3171388623592053,54.82661647001581,22.917360561435796,984.3675659179687,975.6712127685547,956.6807507324219,1053.7153826904296,IMPAL.BO,2025-07-29 12:21:48.906311
69,2025-04-23 00:00:00+05:30,1002.2908631164557,1017.3743339780692,978.8057885101076,989.1726684570312,217,0.0,0.0,2025-04-23,972.0919525146485,25.446054189386427,997.538006704035,946.645898325262,1022.9840608934213,921.1998441358757,95.70415572008112,103.11999892491234,18795,286.7028219840806,268.3525517215263,1035.7057336297078,48.09574495838437,995.117596981736,1011.4294054533644,972.8608599854028,1033.6861424496976,956.5490515137744,1049.997950921326,934.2923145174412,,-37.19948931952558,7.833185163988446,5.667022194456424,2.1661629695320226,53.95862349189489,23.19713954509241,982.3924560546875,972.0919525146485,959.68685546875,1054.434892578125,IMPAL.BO,2025-07-29 12:21:48.906311
70,2025-04-22 00:00:00+05:30,966.9650337411693,975.8087768554688,958.809149308632,975.8087768554688,37,0.0,0.0,2025-04-22,968.6748260498047,27.534685673973897,996.2095117237785,941.1401403758308,1023.7441973977525,913.6054547018568,-30.892700937840253,56.283596298398535,18578,48.224370797285175,263.7649841558877,1035.741961592447,47.16809022632779,970.1422343398566,981.4753193710812,964.4756918242444,987.1418618866934,953.1426067930198,998.474946917918,947.4760642774077,,-46.03640434067202,7.263422216648451,5.125481452073418,2.137940764575032,51.60934004461817,23.4984399890303,983.7583129882812,968.6748260498047,961.3468566894531,1055.1660369873048,IMPAL.BO,2025-07-29 12:21:48.906311
71,2025-04-21 00:00:00+05:30,966.9650279025783,991.7275204681937,966.9650279025783,985.0455932617188,404,0.0,0.0,2025-04-21,965.7711303710937,29.71830639875833,995.4894367698521,936.0528239723353,1025.2077431686102,906.334517573577,12.060810942005103,82.49416676410978,18615,531.5422903856002,317.6501374955383,1035.7499185905176,47.83772923194207,981.2460472108302,995.527066519082,970.7645739534667,1006.0085397764456,956.4835546452148,1020.2895590846974,946.0020813878513,,-39.9285306702197,7.740041976394991,4.59099626092966,3.1490457154653315,53.35784234739605,24.608891240125995,982.6086303710938,965.7711303710937,963.4523681640625,1056.4277038574219,IMPAL.BO,2025-07-29 12:21:48.906311
72,2025-04-17 00:00:00+05:30,1008.1866958081422,1008.2358756937723,977.7249145507812,977.7249145507812,406,0.0,0.0,2025-04-17,960.8653076171875,34.13871844441668,995.0040260616041,926.7265891727708,1029.1427445060208,892.5878707283541,43.32756853127004,100.03363502051916,18211,530.2038067004733,264.1770992730228,1035.8235285494907,46.14077993967857,987.8952349317783,998.0655553127754,967.5545941697843,1018.4061960747694,957.3842737887873,1028.5765164557665,937.0436330267933,,-44.769352310684575,7.323299871570043,3.8037348320633266,3.5195650395067166,52.16568976071886,25.60670488839587,978.3243286132813,960.8653076171875,964.9689538574219,1057.3038446044923,IMPAL.BO,2025-07-29 12:21:48.906311
73,2025-04-16 00:00:00+05:30,996.0019847100025,1020.2732184947901,974.9244447990825,984.2103271484375,91,0.0,0.0,2025-04-16,957.023193359375,36.39117037567859,993.4143637350536,920.6320229836964,1029.8055341107322,884.2408526080178,77.00778356683617,117.98178365941773,18617,119.62706175759025,197.67042241616016,1035.9084145512522,66.41763138601202,993.1359968141034,1011.3475488291242,965.9987751334166,1038.484770509811,947.7872231183958,1056.6963225248319,920.6500014377091,,-55.533989499258944,7.399760536597569,2.923843572186647,4.475916964410922,53.28699374388808,26.425520115436786,976.3590576171875,957.023193359375,966.7449340820312,1058.376396484375,IMPAL.BO,2025-07-29 12:21:48.906311
74,2025-04-15 00:00:00+05:30,961.0691807017387,1007.007571804019,961.0691807017387,996.001953125,190,0.0,0.0,2025-04-15,953.0140319824219,37.63397579951213,990.648007781934,915.3800561829098,1028.2819835814462,877.7460803833976,73.75224156429533,101.6315363267737,18708,252.76324186343308,217.18126258080264,1035.9253502214526,60.18349638988691,988.0262352102526,1014.9832897187665,969.0448986164862,1033.9646263125328,942.0878441079723,1060.9216808210467,923.1065075142059,,-49.708761916559276,6.746820896801637,1.804864331083916,4.941956565717721,55.29185343285648,27.307321129173154,969.1170166015625,953.0140319824219,968.4681469726562,1059.4391235351563,IMPAL.BO,2025-07-29 12:21:48.906311
75,2025-04-11 00:00:00+05:30,894.2498088439722,1045.4287195461281,894.2498088439722,970.0603637695312,164,0.0,0.0,2025-04-11,948.825537109375,37.25752837899938,986.0830654883744,911.5680087303756,1023.3405938673737,874.3104803513762,4.658913236966297,52.63596378133833,18518,212.49207319200704,208.285767760145,1035.9526755099935,66.540116879794,969.9129640532105,1045.5761192624489,894.3972085602929,1121.0918747553665,818.7340533510546,1196.7550299646048,743.218297858137,,-62.52426862894213,4.647339240631823,0.5693751896544857,4.077964050977337,51.5691695096153,28.47082194132707,973.8926513671875,948.825537109375,970.7541650390625,1060.8743176269531,IMPAL.BO,2025-07-29 12:21:48.906311
76,2025-04-09 00:00:00+05:30,971.2395298086468,1017.3743409927552,935.2258191650324,963.6240844726562,109,0.0,0.0,2025-04-09,946.0323852539062,37.673462771838736,983.705848025745,908.3589224820674,1021.3793107975837,870.6854597102288,8.63561314743033,46.621123993101655,18354,140.292440387932,207.23419140217948,1035.9916265366355,71.37925596406559,972.0747482101478,1008.9236772552633,926.7751554275405,1054.2232700378706,889.926226382425,1091.0721990829861,844.6266335998178,,-65.70388030969228,4.443805780382604,-0.45011582308984843,4.893921603472452,50.62131822794165,29.723822815954364,975.7793090820312,946.0323852539062,973.1694372558594,1062.6609661865234,IMPAL.BO,2025-07-29 12:21:48.906311
77,2025-04-08 00:00:00+05:30,894.2006997045527,967.8985595703125,894.2006997045527,967.8985595703125,24,0.0,0.0,2025-04-08,944.5756225585938,37.520414632438865,982.0960371910326,907.0552079261549,1019.6164518234715,869.534793293716,-105.70098516539929,-11.773138193525416,18463,31.027101834300225,223.96962915574136,1036.020069922861,70.4931179000962,943.3326062817259,992.4645128588992,918.7666529931394,1017.0304661474858,869.6347464159661,1066.162372724659,845.0687931273795,,-63.592230034325524,4.749766875204614,-1.6735962239579616,6.423363099162575,51.23872864817511,30.25010175889049,974.3151733398438,944.5756225585938,975.83517578125,1064.7501086425782,IMPAL.BO,2025-07-29 12:21:48.906311
78,2025-04-07 00:00:00+05:30,982.6381156468644,982.6381156468644,923.6798287080526,948.0001220703125,244,0.0,0.0,2025-04-07,943.8214477539062,37.17696101271671,980.9984087666229,906.6444867411896,1018.1753697793397,869.4675257284728,-66.76694328012549,-4.582572833472625,18439,308.9572177045793,272.2052609861016,1036.0259657409376,57.73279394821831,951.4393554750765,979.1988822421004,920.2405953032885,1010.3976424138883,892.4810685362646,1038.1571691809122,861.2823083644766,,-64.08898296444069,4.6485525949393605,-3.279436998748605,7.927989593687966,48.52162733697402,31.527238878100306,972.3891967773437,943.8214477539062,978.5147680664063,1066.913865966797,IMPAL.BO,2025-07-29 12:21:48.906311
79,2025-04-04 00:00:00+05:30,1019.880126953125,1019.880126953125,1019.880126953125,1019.880126953125,2,0.0,0.0,2025-04-04,942.6054321289063,37.429971499315215,980.0354036282215,905.175460629591,1017.4653751275367,867.7454891302758,135.3898667866791,83.34046044373666,18683,2.7244525648605173,263.0172718064822,1036.1034887988485,62.47374367536017,1019.880126953125,1019.880126953125,1019.880126953125,1019.880126953125,1019.880126953125,1019.880126953125,1019.880126953125,,-33.09320902068696,6.408229632403504,-5.261434397170596,11.6696640295741,59.6745999731269,32.282318442636395,979.316796875,942.6054321289063,981.97314453125,1069.4343884277343,IMPAL.BO,2025-07-29 12:21:48.906311
80,2025-04-02 00:00:00+05:30,972.8117252161474,979.49365234375,972.8117252161474,979.49365234375,21,0.0,0.0,2025-04-02,935.933316040039,34.726096479717484,970.6594125197565,901.2072195603215,1005.385508999474,866.481123080604,44.7785688266302,22.310397023986173,18681,27.4739463885145,328.0904766168876,1036.1036059117816,74.19019935645366,977.2663433012158,981.7209613862842,975.0390342586816,983.9482704288184,970.5844161736131,988.4028885138869,968.3571071310789,-0.26953976966117577,-50.50848381676119,1.4849636974799978,-8.178850404564121,9.66381410204412,54.17920373577494,30.531077919395663,964.9899291992188,935.933316040039,983.7066064453124,1071.2141967773437,IMPAL.BO,2025-07-29 12:21:48.906311
81,2025-04-01 00:00:00+05:30,953.1589518635698,1015.0651518299666,953.1589518635698,956.3034057617188,213,0.0,0.0,2025-04-01,930.8334259033203,35.47377886586748,966.3072047691878,895.3596470374528,1001.7809836350552,859.8858681715853,48.730805732145534,14.799380199754369,18660,272.0667268252102,403.24460917398085,1036.1078971143954,70.62655109342357,974.8425031517518,996.5260544399338,934.619854473537,1036.7487031181486,912.936303185355,1058.4322544063307,872.7136545071402,-0.275015649713327,-60.50847813963891,-0.8633522152108526,-10.594803930075152,9.7314517148643,50.589293373318164,29.058473737847635,963.6535522460938,930.8334259033203,986.3422680664063,1073.68908203125,IMPAL.BO,2025-07-29 12:21:48.906311
82,2025-03-28 00:00:00+05:30,992.4644702731192,992.4644702731192,947.2631181616703,958.2686767578125,337,0.0,0.0,2025-03-28,926.2052001953125,37.92925405385948,964.134454249172,888.275946141453,1002.0637083030315,850.3466920875935,42.807884853256674,1.2740623454361704,18873,431.3376016061986,436.03907976117347,1036.1693027037768,66.44519459235323,965.9987550642007,984.7343919667312,939.5330398552823,1011.2001071756497,920.7974029527518,1029.93574407818,894.3316877438333,-0.2811172240210377,-59.661022777992116,-1.572939179210266,-13.027666858791227,11.45472767958096,50.903889035733755,27.472592311565144,976.2804443359375,926.2052001953125,989.4582922363281,1076.189878540039,IMPAL.BO,2025-07-29 12:21:48.906311
83,2025-03-27 00:00:00+05:30,943.8239167175293,982.6381225585938,930.5091821519546,982.6381225585938,180,0.0,0.0,2025-03-27,923.139370727539,37.678438494894145,960.8178092224332,885.4609322326448,998.4962477173273,847.7824937377508,51.17799334683457,-2.4156374421969584,19210,236.24696612132107,437.2144492999172,1036.2642539882772,65.7454682598163,965.261809089714,1000.0144360274734,947.8854956208343,1017.3907494963531,913.1328686830749,1052.1433764341125,895.7565552141951,-0.2788290269378407,-49.15253944654219,-2.651142523958015,-15.891348778686467,13.240206254728452,54.81983277047367,26.001678725780195,969.5690307617188,923.139370727539,992.6343542480469,1078.3135821533203,IMPAL.BO,2025-07-29 12:21:48.906311
84,2025-03-26 00:00:00+05:30,951.8324417129005,951.8324417129005,948.2457885742188,948.2457885742188,3,0.0,0.0,2025-03-26,919.6117004394531,35.02393510286278,954.6356355423159,884.5877653365903,989.6595706451786,849.5638302337276,29.644324878459656,-21.61074718745382,19030,3.799638706340759,487.4563200945662,1036.2991890730293,68.0077008851508,949.441339620446,950.6368906666733,947.0502375279915,953.0279927591278,945.8546864817642,954.223543805355,943.4635843893097,-0.3098301455691145,-63.983047754321476,-6.391421884750457,-19.20140034236858,12.809978457618122,49.754932779009444,24.521712454094143,957.5415405273437,919.6117004394531,995.32302734375,1079.6340576171874,IMPAL.BO,2025-07-29 12:21:48.906311
85,2025-03-25 00:00:00+05:30,1009.1201992058392,1009.1201992058392,963.2801655370629,972.811767578125,491,0.0,0.0,2025-03-25,918.0714172363281,34.36966216048004,952.4410793968082,883.701755075848,986.8107415572882,849.332092915368,118.87867085194173,7.427546511321082,19033,637.98494922258,608.3704904416226,1036.3001451325495,68.83733550013986,981.7373774403424,1000.1945893436218,954.3545556748455,1027.5774111091187,935.897343771566,1046.0346230123982,908.5145220060692,-0.35243027209548106,-53.38981625477619,-7.69614935753475,-22.40389495677311,14.707745599238361,53.75264151175875,23.263352091262476,952.0584106445312,918.0714172363281,997.8775329589844,1081.5935626220703,IMPAL.BO,2025-07-29 12:21:48.906311
86,2025-03-24 00:00:00+05:30,948.2457826349398,1096.6241382596818,948.2457826349398,1019.4378662109375,650,0.0,0.0,2025-03-24,917.3221557617187,33.25890121184248,950.5810569735612,884.0632545498762,983.8399581854037,850.8043533380337,325.8454554779851,41.8478210827058,19524,885.063118372383,600.9668757463832,1036.4131678415854,74.92609204962118,1021.4359290351864,1094.626075435433,946.247719810691,1169.8142846599285,873.0575734104444,1243.004431060175,797.869364185949,-0.325797299862457,-33.2839187182084,-11.66936429114287,-26.0808313565827,14.41146706543983,62.61927164474168,21.502445716658013,941.0430297851562,917.3221557617187,1000.5280114746093,1083.9682330322266,IMPAL.BO,2025-07-29 12:21:48.906311
87,2025-03-21 00:00:00+05:30,926.6277652532276,933.8993114733995,917.0470433961556,924.7116088867188,235,0.0,0.0,2025-03-21,913.8460754394531,24.505670980294777,938.3517464197479,889.3404044591583,962.8574174000427,864.8347334788635,25.080302913467374,-48.05986338633363,18874,290.25138311932443,529.9428150898832,1036.4532679508307,71.877495558146,925.2193212520912,933.3915991080268,916.5393310307828,942.0715893293351,908.3670531748472,950.2438671852707,899.6870629535389,-0.34388792061669526,-62.04536674805688,-21.171439120113064,-29.683698122942655,8.512259002829591,45.73309811204181,19.606085005545513,914.5412841796875,913.8460754394531,1002.5401013183593,1085.8936871337892,IMPAL.BO,2025-07-29 12:21:48.906311
88,2025-03-20 00:00:00+05:30,942.4482135806431,948.2458025814335,913.8534677727805,922.5006713867188,776,0.0,0.0,2025-03-20,912.5686462402343,24.575261354819588,937.1439075950539,887.9933848854148,961.7191689498735,863.4181235305952,17.989296697920903,-47.521729898556174,18639,956.1555230695428,589.8656730825229,1036.5487823270428,71.89579172642277,928.199980580311,942.5464933878416,908.1541585791886,962.592315388964,893.807645771658,976.9388281964946,873.7618237705356,-0.36723604066473475,-63.05218876350359,-23.687093837089378,-31.811762873650054,8.124669036560675,45.19679601969634,19.788442525081006,909.77548828125,912.5686462402343,1007.0310864257813,1088.9207739257813,IMPAL.BO,2025-07-29 12:21:48.906311
89,2025-03-19 00:00:00+05:30,922.697175539615,948.2457661296363,904.0270516469071,920.8301391601562,181,0.0,0.0,2025-03-19,912.2836822509765,24.486916874952744,936.7705991259293,887.7967653760238,961.257516000882,863.3098485010711,7.8849299132336785,-52.91203730490856,17863,222.61694891018402,498.29321058576784,1036.8716043475122,66.3729177499591,924.3676523122332,944.7082529775593,900.4895384948301,968.5863667949624,880.148937829504,988.9269674602884,856.2708240121009,,-64.10257405811488,-26.33125498856532,-33.84293013279022,7.511675144224903,44.814110504683896,19.98482754611923,906.0807739257813,912.2836822509765,1011.3490979003906,1092.5450885009766,IMPAL.BO,2025-07-29 12:21:48.906311
90,2025-03-18 00:00:00+05:30,951.1445586008382,951.1445586008382,895.2815467650097,917.73486328125,6,0.0,0.0,2025-03-18,911.3968536376954,24.48228130232114,935.8791349400165,886.9145723353743,960.3614162423377,862.432291033053,9.21238844000486,-57.697912214125594,17682,7.354761709883094,567.2122760046637,1036.9482684294449,64.70141510268923,921.3869895490326,947.4924323330555,891.629420497227,977.2500013848611,865.5239777132041,1003.355444168884,835.7664086613985,,-66.0487994671621,-29.153102001269758,-35.72084891884644,6.5677469175766845,44.141778605817784,20.196319767697034,904.3611572265625,911.3968536376954,1016.5741552734376,1096.0848168945313,IMPAL.BO,2025-07-29 12:21:48.906311
91,2025-03-17 00:00:00+05:30,899.1138747939403,899.1138747939403,864.721540785429,886.9291381835938,837,0.0,0.0,2025-03-17,912.0650482177734,24.844066033061544,936.9091142508349,887.2209821847119,961.7531802838965,862.3769161516503,-94.16538132781491,-90.31015467904857,17676,991.5497441155873,707.1766545783589,1036.9508793040584,57.00257251154232,883.5881845876544,902.4548283898797,868.0624943813684,917.9805185961657,849.1958505791431,936.847162398391,833.6701603728571,,-85.41860276571917,-32.01936984004806,-37.36278564824061,5.343415808192553,37.065778048055016,20.424080621703897,903.6536499023438,912.0650482177734,1022.2799145507812,1099.5668688964843,IMPAL.BO,2025-07-29 12:21:48.906311
92,2025-03-13 00:00:00+05:30,981.5080763065255,981.5080763065255,895.18334021155,900.8826293945312,123,0.0,0.0,2025-03-13,915.990689086914,26.790013717051295,942.7807028039654,889.2006753698627,969.5707165210166,862.4106616528114,35.993160984469824,-61.08543027749873,18513,148.00399911107306,636.0833821940519,1037.410625564261,70.37617873538392,925.8580153042022,956.5326903968545,870.207954301879,1012.1827513991777,839.5332792092267,1042.85742649183,783.8832182069035,,-76.645026450693,-32.17002210371402,-38.69863960028874,6.528617496574725,39.15094498720903,21.601200441040486,913.1655883789062,915.990689086914,1028.3057067871093,1103.6905572509766,IMPAL.BO,2025-07-29 12:21:48.906311
93,2025-03-12 00:00:00+05:30,912.2321041862926,916.8996354071019,899.1139088506284,904.027099609375,1926,0.0,0.0,2025-03-12,919.81806640625,29.815196212793076,949.6332626190431,890.0028701934568,979.4484588318361,860.1876739806638,-12.768277877079987,-79.18143424390965,18636,2325.6152035841415,758.1032279647965,1037.4721377272813,69.92573474115915,906.6802146223685,914.2465203941085,896.460793837635,924.465941178842,888.894488065895,932.032246950582,878.6750672811615,,-74.66786897926153,-33.249685543822466,-40.330793974432424,7.081108430609959,39.61676427613648,22.16981715193319,923.5520751953125,919.81806640625,1034.2550122070313,1107.7974267578124,IMPAL.BO,2025-07-29 12:21:48.906311
94,2025-03-11 00:00:00+05:30,914.1973318630269,914.1973318630269,888.9435806867116,912.2320556640625,302,0.0,0.0,2025-03-11,925.7188049316406,37.27137301976532,962.9901779514059,888.4474319118754,1000.2615509711713,851.17605889211,-19.37447854227658,-84.58335918193195,20562,367.9699874682833,366.2252340599602,1038.42026719435,55.38752555501167,905.1243227379337,921.3050647891557,896.0513136128404,930.378073914249,879.8705715616184,946.558815965471,870.7975624365251,,-69.50881544785501,-34.437881476274356,-42.10107108208491,7.663189605810551,40.793742116069346,23.614059715693564,927.4826171875,925.7188049316406,1039.9524829101563,1111.4672021484375,IMPAL.BO,2025-07-29 12:21:48.906311
95,2025-03-10 00:00:00+05:30,924.1711273033252,926.5786026284491,913.8534273174827,914.1973266601562,286,0.0,0.0,2025-03-10,933.2924926757812,48.180175045414344,981.4726677211955,885.1123176303669,1029.6528427666099,836.9321425849525,12.40623072083236,-79.11236058212249,20864,349.22562714833487,365.7890457078794,1038.5610075899644,59.887677728919726,918.2097855353627,922.5661437532427,909.8409684422763,930.9349608463291,905.4846102243963,935.2913190642091,897.1157931313099,,-68.27310641967858,-36.24541010008306,-44.01686848353754,7.77145838345448,41.06591097745254,25.105504360361458,922.3237670898437,933.2924926757812,1046.1539819335937,1114.9107824707032,IMPAL.BO,2025-07-29 12:21:48.906311
96,2025-03-07 00:00:00+05:30,940.6794385845283,1022.7788396218457,931.9831154132938,934.4888305664062,213,0.0,0.0,2025-03-07,941.7824920654297,58.49470161781213,1000.2771936832418,883.2877904476176,1058.771895301054,824.7930888298054,107.61839476084674,-47.71154993607898,21150,265.8605165004194,369.9299003477655,1038.692503304177,60.8527362536667,963.0835952005153,994.1840749877368,903.388350779185,1053.8793194090672,872.2878709919635,1084.9797991962887,812.5926265706331,,-55.51435985390246,-38.203971010482405,-45.959733079401154,7.755762068918749,43.864844763626735,26.817715332703344,914.9834716796875,941.7824920654297,1052.5440808105468,1118.3298406982422,IMPAL.BO,2025-07-29 12:21:48.906311
97,2025-03-06 00:00:00+05:30,941.3181856412266,989.4674528354021,939.0581299925124,952.8150634765625,606,0.0,0.0,2025-03-06,950.2626586914063,68.77267645864245,1019.0353351500487,881.4899822327639,1087.8080116086912,812.7173057741213,112.31973415639364,-52.93708393038956,21363,771.2254711133007,395.947246309602,1038.7746247815357,48.06388943276142,960.4468821014924,981.8356342104724,931.4263113675827,1010.8562049443822,910.0375592586026,1032.2449570533622,881.0169885246929,,-29.151999354125035,-42.13108012122325,-47.89867359663084,5.767593475407594,46.52491098682931,28.24609957025227,900.8334838867188,950.2626586914063,1058.5526977539062,1121.3911267089843,IMPAL.BO,2025-07-29 12:21:48.906311
98,2025-03-05 00:00:00+05:30,889.2874762352477,933.997509570832,887.3222000446725,923.6798095703125,173,0.0,0.0,2025-03-05,957.6987731933593,76.6521679113435,1034.3509411047028,881.0466052820159,1111.0031090160464,804.3944373706723,6.504962081225902,-92.62908713502175,20757,213.43600313570084,302.1276901086773,1038.9677930513437,50.910618378295965,914.9998397286057,942.6774794125389,896.0021698863794,961.6751492547652,868.3245302024462,989.3527889386984,849.3268603602199,,-50.76677063781358,-48.325476388683796,-49.34057196548273,1.0150955767989345,41.26717011986183,30.3586542560083,889.660888671875,957.6987731933593,1063.4828344726564,1124.098221435547,IMPAL.BO,2025-07-29 12:21:48.906311
99,2025-03-04 00:00:00+05:30,877.4958224644835,905.0096892382859,872.5826319691616,886.4378051757812,111,0.0,0.0,2025-03-04,968.7343383789063,86.72297335614572,1055.457311735052,882.0113650227605,1142.1802850911977,795.2883916666149,-75.13530357955372,-120.83161918790064,20584,131.4229993194459,324.3006118519214,1039.0418009072755,17.13821209006882,888.010042127743,903.4374522863243,871.0103950172,920.4370993968672,855.5829848586187,935.8645095554485,838.5833377480758,,-62.32548992007595,-52.654595446579265,-49.594345859682456,-3.060249586896809,33.509269592060235,31.24188150553161,887.3418701171875,968.7343383789063,1069.8469067382812,1126.8526940917968,IMPAL.BO,2025-07-29 12:21:48.906311
100,2025-03-03 00:00:00+05:30,884.3743165156075,884.3743165156075,877.495849609375,877.495849609375,21,0.0,0.0,2025-03-03,978.0210845947265,87.38858058609453,1065.409665180821,890.6325040086319,1152.7982457669157,803.2439234225375,-122.91531694558148,-137.27446994926137,20473,24.612996593316605,372.5200149850403,1039.1046813331575,15.772956447971595,879.7886719114525,882.08149421353,875.2030273072976,886.667138817685,872.9102050052201,888.9599611197625,868.3245604010651,,-75.64102752491064,-53.7316096341724,-48.82928346295825,-4.902326171214149,31.492077576318906,31.320367411501277,893.542333984375,978.0210845947265,1077.1369763183593,1130.4616912841798,IMPAL.BO,2025-07-29 12:21:48.906311
101,2025-02-28 00:00:00+05:30,886.3395679460857,886.3395679460857,863.7388916015625,863.7388916015625,248,0.0,0.0,2025-02-28,988.2005096435547,86.91884186793997,1075.1193515114946,901.2816677756148,1162.0381933794347,814.3628259076747,-188.82112920071083,-156.9449422690496,20452,286.11081976600275,459.4967695829711,1039.117280587201,15.599001045275983,871.2724503830701,878.8060091645777,856.2053328200545,893.8731267275933,848.6717740385469,901.406685509101,833.6046564755313,,-85.67861517565179,-53.41575172562398,-47.603701920154705,-5.812049805469272,28.38698668875557,30.730435276376713,909.6084716796875,988.2005096435547,1083.4916833496093,1134.7055206298828,IMPAL.BO,2025-07-29 12:21:48.906311
102,2025-02-27 00:00:00+05:30,907.9576466293087,913.2147367186291,896.9520874023438,896.9520874023438,85,0.0,0.0,2025-02-27,998.0573089599609,83.15823722420143,1081.2155461841623,914.8990717357594,1164.3737834083638,831.740834511558,-114.06384035726352,-144.90981795506312,20700,101.8329433000969,502.8432570372132,1039.2788980327207,15.667798332825214,902.3729705077722,907.7938536132006,891.5312042969152,918.6356198240575,886.1103211914868,924.0565029294859,875.2685549806299,,-74.42132131215932,-50.84717639155201,-46.150689468787384,-4.6964869227646275,31.596492385088013,30.09512374624257,926.8439453125,998.0573089599609,1090.0699133300782,1139.1409747314453,IMPAL.BO,2025-07-29 12:21:48.906311
103,2025-02-25 00:00:00+05:30,918.7666440310978,918.7666440310978,907.2697660090904,912.084716796875,32,0.0,0.0,2025-02-25,1006.5359008789062,80.92174170169234,1087.4576425805985,925.6141591772139,1168.3793842822909,844.6924174755216,-97.9075791182921,-149.34727783438797,20785,38.983899858443436,603.0958354714923,1039.3238660063132,15.536876386369798,912.7070422790212,918.1443185489519,906.6474405269445,924.2039203010286,901.2101642570137,929.6411965709593,895.150562504937,,-69.70592821313679,-50.059206400407334,-44.97656773809623,-5.082638662311105,33.183681944087894,29.894678167782608,927.2861328125,1006.5359008789062,1096.5020190429686,1143.4834008789062,IMPAL.BO,2025-07-29 12:21:48.906311
104,2025-02-24 00:00:00+05:30,936.0119493949159,953.1589969537662,914.1482507534506,917.4401245117188,654,0.0,0.0,2025-02-24,1014.4502136230469,78.91347709794653,1093.3636907209934,935.5367365251004,1172.27716781894,856.6232594271539,-53.475437322733335,-148.7545875512138,20817,801.4115631906014,744.1238193747544,1039.33900231825,14.649963464249481,928.2491240729786,942.3499973925066,903.339251192191,967.2598702732942,889.238377872663,981.3607435928221,864.3285049918754,,-68.87092909909977,-49.782227921806225,-43.70590807251845,-6.076319849287778,33.74124267216891,29.83745204243671,928.2294677734375,1014.4502136230469,1102.6480297851563,1147.546912841797,IMPAL.BO,2025-07-29 12:21:48.906311
105,2025-02-21 00:00:00+05:30,956.1069213209717,978.6584788909032,943.3326253526545,957.8265380859375,581,0.0,0.0,2025-02-21,1024.0933502197265,78.21575106018068,1102.3091012799073,945.8775991595459,1180.5248523400878,867.6618480993652,-2.0006755362364075,-129.45155556265263,21471,743.2982732775083,729.8018834207926,1039.6360895234727,16.71413924650136,959.9392141098318,976.5458028670091,941.2199493287604,995.2650676480805,924.6133605715831,1011.8716564052578,905.8940957905118,,-59.00705555636855,-49.20076187306188,-42.1868281101965,-7.013933762865378,38.23668250511907,29.87899560769905,925.36015625,1024.0933502197265,1108.5048034667968,1151.3124090576173,IMPAL.BO,2025-07-29 12:21:48.906311
106,2025-02-20 00:00:00+05:30,943.3325725247852,950.3092790188952,943.3325725247852,949.916259765625,42,0.0,0.0,2025-02-20,1030.7432220458984,77.93845091825987,1108.6816729641582,952.8047711276386,1186.620123882418,874.8663202093786,-31.55255531157085,-151.0480569113006,20890,53.28865242144523,726.4277859566137,1039.8136016213844,12.455423997838366,947.8527037697685,952.3728350147518,945.3961285206418,954.8294102638785,940.8759972756585,959.3495415088618,938.4194220265318,,-61.38539725407199,-51.68829286155392,-40.43334466948016,-11.254948192073762,36.703084228075845,30.372237868861514,920.014599609375,1030.7432220458984,1113.3678259277344,1154.5430462646484,IMPAL.BO,2025-07-29 12:21:48.906311
107,2025-02-19 00:00:00+05:30,938.4194308912668,971.6817081949722,899.1139049900619,899.1630249023438,172,0.0,0.0,2025-02-19,1038.0929595947266,76.83832859630083,1114.9312881910275,961.2546309984258,1191.7696167873282,884.416302402125,-64.41337818293744,-188.91220756878712,20848,206.5698872275949,894.7125693404057,1039.8277046400303,14.958679749094557,923.319546029126,947.52518706819,874.9573838632797,995.8873492340363,850.7517428242156,1020.0929902731003,802.3895806583694,,-76.64510492563583,-53.31088780979621,-37.61960762146171,-15.691280188334503,25.713959960849436,30.140192416277852,923.1197387695313,1038.0929595947266,1118.1397229003906,1158.095785522461,IMPAL.BO,2025-07-29 12:21:48.906311
108,2025-02-18 00:00:00+05:30,916.8013916015625,916.8013916015625,916.8013916015625,916.8013916015625,29,0.0,0.0,2025-02-18,1048.2287170410157,70.6700268888555,1118.8987439298712,977.5586901521601,1189.5687708187268,906.8886632633047,-82.41294051982324,-213.81686304494116,21020,35.511857358217625,1066.7482398686084,1039.9181338118294,13.460030909429122,916.8013916015625,916.8013916015625,916.8013916015625,916.8013916015625,916.8013916015625,916.8013916015625,916.8013916015625,,-71.34187015924161,-49.58213566896802,-33.69678757437808,-15.885348094589943,27.24037065118253,29.890297313495445,938.7731689453125,1048.2287170410157,1124.0669311523438,1162.356690673828,IMPAL.BO,2025-07-29 12:21:48.906311
109,2025-02-17 00:00:00+05:30,923.679847838799,961.6096558981608,896.3625196531289,903.0935668945312,233,0.0,0.0,2025-02-17,1058.4345947265624,65.21960067676835,1123.6541954033307,993.2149940497941,1188.873796080099,927.9953933730258,-99.92423520259146,-226.43443059592417,20991,281.0533689545391,1324.5573354962062,1039.9314799996955,13.38910777907492,920.3552474819403,944.3479753107517,879.1008390657198,985.6023837269722,855.1081112369084,1009.5951115557837,813.8537028206879,0.409178308278041,-75.46332957765736,-45.7940703958767,-29.725450550730592,-16.06861984514611,23.98378215864669,28.031599525093327,959.8212646484375,1058.4345947265624,1129.4261303710937,1166.2980419921876,IMPAL.BO,2025-07-29 12:21:48.906311
110,2025-02-14 00:00:00+05:30,972.8117558008843,982.1959380157882,926.4803436430068,931.0987548828125,606,0.0,0.0,2025-02-14,1068.6075775146485,54.74010642937907,1123.3476839440275,1013.8674710852695,1178.0877903734067,959.1273646558903,-102.93496793138036,-207.47664234397124,21224,753.6479044185141,1585.433327131623,1040.050764194098,12.747143080314743,946.5916788472026,966.7030140513984,910.987419678617,1002.307273219984,890.8760844744212,1022.4186084241799,855.2718253058356,0.4177804592755493,-67.04315728441225,-38.90033635697068,-25.708295589444063,-13.19204076752662,26.20923122388794,26.029924983737203,991.9437133789063,1068.6075775146485,1134.0650817871094,1170.3024505615235,IMPAL.BO,2025-07-29 12:21:48.906311
111,2025-02-13 00:00:00+05:30,918.766644737496,985.4877972599584,918.766644737496,965.4419555664062,812,0.0,0.0,2025-02-13,1077.6164764404298,44.85173302480403,1122.4682094652337,1032.7647434156258,1167.3199424900379,987.9130103908217,-130.26159585148585,-205.33599378656558,21830,1047.0859285095407,1793.3796828099003,1040.2983433994536,14.90147870530825,956.5654658546201,994.3642869717443,927.6431344492819,1023.2866183770825,889.8443133321578,1061.0854394942066,860.9219819268195,,-56.7173681135501,-32.2429554369603,-22.410285397562404,-9.832670039397897,29.304806303302982,24.15386327609953,1022.5234252929688,1077.6164764404298,1138.1429553222656,1174.1392987060547,IMPAL.BO,2025-07-29 12:21:48.906311
112,2025-02-12 00:00:00+05:30,993.8893647260757,993.8893647260757,821.4854900223444,977.43017578125,6697,0.0,0.0,2025-02-12,1084.949609375,36.81582389716197,1121.7654332721618,1048.133785477838,1158.5812571693239,1011.317961580676,-243.81323911607873,-247.84721856437332,22642,8743.114530367155,1979.95312138499,1040.5269641047626,7.209603097612728,930.9350101765567,1040.384530330769,867.9806556270378,1103.3388848802879,758.5311354728254,1212.7884050345003,695.5767809233065,,-53.112933115985086,-26.61324575916524,-19.95211788771293,-6.661127871452308,30.471662726164254,22.1334891294128,1050.253466796875,1084.949609375,1141.960556640625,1177.832861328125,IMPAL.BO,2025-07-29 12:21:48.906311
113,2025-02-11 00:00:00+05:30,1051.4227734784076,1051.4227734784076,1007.2040587059513,1022.0418701171875,299,0.0,0.0,2025-02-11,1091.931689453125,27.385271805782047,1119.316961258907,1064.546417647343,1146.7022330646892,1037.161145841561,-195.0297179104554,-142.87021131370426,29339,408.16898561575454,289.1627691394486,1042.1573777335068,24.89274937360524,1026.889567433849,1046.5750761617464,1002.3563613892902,1071.1082822063054,982.6708526613926,1090.793790934203,958.1376466168339,,-90.81453415779741,-20.18293845406879,-18.286835919849853,-1.8961025342189366,35.332113377836706,19.9577015868271,1075.07490234375,1091.931689453125,1145.2880883789062,1181.3417749023438,IMPAL.BO,2025-07-29 12:21:48.906311
114,2025-02-10 00:00:00+05:30,1116.5226117634056,1116.5226117634056,1063.705810546875,1063.705810546875,9,0.0,0.0,2025-02-10,1096.6831848144532,22.41359095987882,1119.096775774332,1074.2695938545744,1141.5103667342107,1051.8560028946956,-26.58018546121361,-80.40335380659168,29638,12.786867556745714,259.4112150203721,1042.1806111859867,26.729246858360426,1081.3114109523851,1098.9170113578953,1046.1002101413646,1134.1282121689158,1028.4946097358545,1151.7338125744259,993.283408924834,,-69.9374007512683,-16.037970385112203,-17.812810286295118,1.774839901182915,41.00371852465997,20.058693997662818,1099.5447509765625,1096.6831848144532,1147.3610791015626,1184.6110498046876,IMPAL.BO,2025-07-29 12:21:48.906311
115,2025-02-07 00:00:00+05:30,1094.658914540824,1094.658914540824,1083.997314453125,1083.997314453125,159,0.0,0.0,2025-02-07,1097.2964477539062,21.61745739463918,1118.9139051485454,1075.6789903592671,1140.5313625431845,1054.061532964628,-6.973935286653171,-75.9572105189985,29647,230.21067403547676,321.06730188627864,1042.179862816009,27.537219328583234,1087.5511811490248,1091.1050478449247,1080.4434477572256,1098.212781236724,1076.8895810613258,1101.7666479326238,1069.7818476695265,,-56.426204134981084,-14.59142251512776,-18.256520261590847,3.6650977464630863,44.21345138693975,21.550876568691915,1101.238134765625,1097.2964477539062,1148.8471948242188,1187.551826171875,IMPAL.BO,2025-07-29 12:21:48.906311
116,2025-02-06 00:00:00+05:30,1120.551351528021,1120.551351528021,1091.0722080496625,1104.0921630859375,144,10.0,0.0,2025-02-06,1098.3633666992187,21.452482401574624,1119.8158491007932,1076.910884297644,1141.2683315023678,1055.4584018960695,68.7319694218481,-57.092255093667156,29806,212.3576668637349,343.7814588489791,1042.15416192461,34.0988908736941,1105.238574221207,1119.4049403927515,1089.925796914393,1134.7177176995656,1075.7594307428485,1148.88408387111,1060.4466534360345,,-43.04595138945476,-14.516726422124975,-19.172794698206616,4.6560682760816405,47.64232773413605,22.489732155688355,1100.6555419921874,1098.3633666992187,1150.0355908203126,1190.4874011230468,IMPAL.BO,2025-07-29 12:21:48.906311
117,2025-02-05 00:00:00+05:30,1129.7331559897839,1129.7331559897839,1095.6936540274785,1101.537353515625,565,0.0,0.0,2025-02-05,1099.1608764648438,21.96697300750483,1121.1278494723485,1077.193903457339,1143.0948224798535,1055.226930449834,71.34087957103903,-55.041253980105616,29662,831.2809008879158,376.6374068452902,1042.119667017519,36.36975936887901,1108.9880545109625,1122.2824549944464,1088.242953032141,1143.0275564732679,1074.948552548657,1156.3219569567518,1054.2034510698356,,-44.747083773783956,-16.18018051049512,-20.336811767227026,4.156631256731906,47.159334278235804,23.686415920910736,1092.0120849609375,1099.1608764648438,1150.7967651367187,1193.4830456542968,IMPAL.BO,2025-07-29 12:21:48.906311
118,2025-02-04 00:00:00+05:30,1055.9077901303008,1154.0818670673573,1055.9077901303008,1144.39111328125,123,0.0,0.0,2025-02-04,1101.547052001953,24.665013170098156,1126.212065172051,1076.882038831855,1150.8770783421494,1052.2170256617567,122.62649601115672,-45.980009767825464,30227,188.0094651471213,262.97653333463376,1041.9895453770682,44.623089857815266,1118.1269234929694,1180.346056855638,1082.1719799185814,1216.3010004300259,1019.9528465559129,1278.5201337926944,983.9979029815249,,-16.21269930353493,-17.81314153700623,-21.37596958141,3.562828044403769,55.08893361972181,25.09262802489116,1085.0093994140625,1101.547052001953,1150.7500146484374,1196.3975903320313,IMPAL.BO,2025-07-29 12:21:48.906311
119,2025-02-03 00:00:00+05:30,1028.4911000167108,1149.212143224835,1028.4911000167108,1072.1727294921875,66,0.0,0.0,2025-02-03,1101.24755859375,24.14835578600364,1125.3959143797535,1077.0992028077465,1149.5442701657573,1052.9508470217427,-20.88316545161441,-92.79267348465117,30104,94.51675835830925,281.7183003815118,1041.940702171269,41.58934715242167,1083.2919909112445,1138.0928818057782,1017.371838597654,1204.0130341193687,962.5709477031203,1258.8139250139025,896.6507953895298,,-64.29966157073133,-23.854376441244995,-22.26667659251094,-1.5876998487340543,39.04981089794293,26.60701029071623,1070.20537109375,1101.24755859375,1149.1829296875,1199.0408911132813,IMPAL.BO,2025-07-29 12:21:48.906311
120,2025-02-01 00:00:00+05:30,1081.0843505859375,1081.0843505859375,1078.1625009897593,1081.0843505859375,296,0.0,0.0,2025-02-01,1106.7430725097656,29.168051515738256,1135.9111240255038,1077.5750209940275,1165.0791755412422,1048.406969478289,-40.87351989109178,-101.5355330055616,30170,427.41663180199424,328.5186858873125,1041.932962637185,40.48465525506849,1080.1104007205447,1082.05830045133,1079.136450855152,1083.0322503167229,1077.1885511243665,1084.9801500475082,1076.2146012589737,,-58.36581530069601,-24.115141264548356,-21.86975163032743,-2.2453896342209276,40.715614406672955,28.115168835485505,1077.831396484375,1106.7430725097656,1148.9852172851563,1201.8185961914062,IMPAL.BO,2025-07-29 12:21:48.906311
121,2025-01-31 00:00:00+05:30,1066.5724607946158,1066.5724607946158,1049.6257095655662,1060.8748779296875,65,0.0,0.0,2025-01-31,1112.8399963378906,35.565137346083404,1148.405133683974,1077.2748589918072,1183.9702710300573,1041.709721645724,-128.11449061052454,-135.44657764122107,29874,92.1038210159136,303.794199408642,1041.887959643799,24.0182351047919,1059.0243494299566,1068.422989294347,1051.4762380652974,1075.9711006590062,1042.077598200907,1085.3697405233966,1034.5294868362478,,-71.82239100999918,-24.96127798294151,-21.308404221772193,-3.6528737611693174,34.86319834481897,27.72501052591645,1079.7793212890624,1112.8399963378906,1149.4030395507812,1203.9223278808595,IMPAL.BO,2025-07-29 12:21:48.906311
122,2025-01-30 00:00:00+05:30,1071.3449304119545,1081.084429779336,1056.3460776081124,1066.52392578125,73,0.0,0.0,2025-01-30,1119.2071899414063,37.13663305548077,1156.3438229968872,1082.0705568859255,1193.4804560523678,1044.9339238304449,-137.01644619616133,-133.54551136401054,29939,103.99048137378657,356.71679400682405,1041.8831658427891,23.29662080712332,1067.9848110562327,1079.623544504353,1054.8851923331295,1092.7231632274563,1043.2464588850091,1104.3618966755766,1030.1468401619059,,-68.06094500925367,-23.676061353482055,-20.395185781479864,-3.2808755720021914,35.780124082830014,26.783682847709006,1086.9865478515626,1119.2071899414063,1149.6387353515624,1206.4628759765626,IMPAL.BO,2025-07-29 12:21:48.906311
123,2025-01-29 00:00:00+05:30,1132.5090246891248,1132.5090246891248,1033.263503172961,1070.3709716796875,654,0.0,0.0,2025-01-29,1125.798388671875,38.94821696682236,1164.7466056386975,1086.8501717050526,1203.6948226055197,1047.9019547382304,-139.5479600502278,-125.6783234185563,30012,935.0012613239531,419.8983721650834,1041.8761768871234,19.157660184721777,1078.7144998472577,1124.1654965215544,1024.9199750053906,1177.9600213634214,979.4689783310939,1223.4110180377181,925.6744534892268,,-65.49937077770248,-22.22821202760838,-19.574966888479317,-2.653245139129062,36.38563856724006,25.873226279668188,1094.0573974609374,1125.798388671875,1150.0078588867189,1208.8675561523437,IMPAL.BO,2025-07-29 12:21:48.906311
124,2025-01-28 00:00:00+05:30,1090.8238589638158,1120.2370976047298,1078.162510600843,1110.3028564453125,144,0.0,0.0,2025-01-28,1131.724871826172,39.08798398558238,1170.8128558117544,1092.6368878405895,1209.9008397973366,1053.5489038550072,-34.996485401099235,-94.31509543911,30666,213.55221238764904,291.12264987536594,1041.8035857536147,21.632288198493512,1102.9008215502952,1127.6391324997473,1085.5645454958606,1144.975408554182,1060.8262345464084,1169.7137195036341,1043.4899584919738,,-38.91053099431398,-20.416610789364768,-18.91165560369705,-1.5049551856677184,43.470497390751525,24.892734591008846,1104.1669921875,1131.724871826172,1150.4101000976561,1210.9381726074218,IMPAL.BO,2025-07-29 12:21:48.906311
125,2025-01-27 00:00:00+05:30,1096.9111619676862,1129.781973702567,1018.5569338476552,1090.823974609375,451,0.0,0.0,2025-01-27,1137.3250793457032,43.61826832622884,1180.943347671932,1093.7068110194743,1224.561615998161,1050.0885426932455,-138.27033420213795,-134.61665257911238,30522,657.0998108992346,310.51525924729515,1041.7651414136155,14.818944920133404,1079.7209607198658,1140.8849875920764,1029.6599477371647,1190.9460005747778,968.495920864954,1252.1100274469884,918.4349078822528,,-56.58275670297098,-21.720555267479767,-18.535416807280118,-3.1851384601996493,38.00178140005865,24.53504702361859,1103.4170654296875,1137.3250793457032,1150.9944702148437,1212.63041015625,IMPAL.BO,2025-07-29 12:21:48.906311
126,2025-01-24 00:00:00+05:30,1097.738844330713,1168.7398116675915,1090.9211954293187,1096.9110107421875,160,0.0,0.0,2025-01-24,1144.468994140625,47.15819578624125,1191.6271899268663,1097.3107983543837,1238.7853857131074,1050.1526025681426,70.59274214978339,-79.17398167948842,30973,234.4182958495985,223.8691213343103,1041.6787557278321,14.694876222419538,1118.857339279699,1146.7934831300795,1068.9748668918066,1196.675955517972,1041.0387230414262,1224.6120993683523,991.1562506535338,,-76.01568407788115,-21.142525285656347,-17.739132192230205,-3.4033930934261427,39.099848648788324,24.14984502796754,1107.5076171875,1144.468994140625,1152.1524951171875,1214.8636767578125,IMPAL.BO,2025-07-29 12:21:48.906311
127,2025-01-23 00:00:00+05:30,1089.1194541681452,1106.6992970721433,1074.6563222168227,1101.878173828125,62,0.0,0.0,2025-01-23,1151.3694274902343,49.853077789091195,1201.2225052793256,1101.516349701143,1251.0755830684168,1051.6632719120519,-108.9390368984948,-120.58532976738087,31133,91.24842897014594,221.23182770548826,1041.64423084825,14.824753905722886,1094.4112643723636,1114.1662065279045,1082.1232316725839,1126.4542392276842,1062.368289517043,1146.209181383225,1050.0802568172633,,-76.1391341353422,-20.68161128737688,-16.888283918873668,-3.7933273685032134,39.975174518737155,25.136925852529515,1110.546337890625,1151.3694274902343,1153.6650415039062,1216.5559155273438,IMPAL.BO,2025-07-29 12:21:48.906311
128,2025-01-21 00:00:00+05:30,1115.221362268976,1120.9189453125,1115.1726172186277,1120.9189453125,29,0.0,0.0,2025-01-21,1156.2416137695313,49.522216879005185,1205.7638306485364,1106.7193968905262,1255.2860475275418,1057.197180011521,21.019728344309886,-80.5414761105924,31195,43.41825182717513,253.72767738932384,1041.6296374106396,8.285602138214585,1119.0035026145426,1122.8343880104576,1117.0880599165853,1124.749830708415,1113.2571745206703,1128.58071610433,1111.341731822713,,-64.10092939334723,-20.267334255810056,-15.939952076747865,-4.327382179062191,43.43418810289344,23.979369744962163,1113.58505859375,1156.2416137695313,1155.3129638671876,1218.1653674316406,IMPAL.BO,2025-07-29 12:21:48.906311
129,2025-01-20 00:00:00+05:30,1119.9936601848704,1129.7819044128714,1097.5441859184748,1106.55322265625,212,0.0,0.0,2025-01-20,1162.2898376464843,52.29056352537089,1214.5804011718553,1109.9992741211133,1266.870964697226,1057.7087105957426,-35.2647835032289,-89.73954316858092,31166,313.3345563958222,306.305033779861,1041.6206509957278,9.677231363993002,1111.2931043291987,1125.0420227399227,1092.804304245526,1143.5308228235954,1079.055385834802,1157.2797412343193,1060.5665857511294,,-73.18341382653142,-21.305080789525846,-14.858106531982317,-6.446974257543529,39.78253504720223,23.59135530329902,1112.815625,1162.2898376464843,1156.8956323242187,1219.6258044433594,IMPAL.BO,2025-07-29 12:21:48.906311
130,2025-01-17 00:00:00+05:30,1111.2767333984375,1111.2767333984375,1111.2767333984375,1111.2767333984375,25,0.0,0.0,2025-01-17,1169.5092407226562,54.12552211905752,1223.6347628417136,1115.3837186035987,1277.7602849607713,1061.258196484541,-46.010304661933766,-86.28260184322835,31378,37.107556400061426,304.5476531258707,1041.5668076197392,5.699907930065081,1111.2767333984375,1111.2767333984375,1111.2767333984375,1111.2767333984375,1111.2767333984375,1111.2767333984375,1111.2767333984375,,-71.19049588425509,-20.896100547765627,-13.246362967596433,-7.6497375801691945,40.58156830700937,23.173493596892563,1106.6991943359376,1169.5092407226562,1158.721787109375,1221.261552734375,IMPAL.BO,2025-07-29 12:21:48.906311
131,2025-01-16 00:00:00+05:30,1095.839699292436,1120.0423293263282,1090.8238337786847,1112.1046142578125,32,0.0,0.0,2025-01-16,1173.706964111328,52.605806891635595,1226.3127710029637,1121.1011572196924,1278.9185778945991,1068.495350328057,-62.88308104477273,-92.1583173920067,31403,47.5330570899091,371.40767730732296,1041.5599903431146,5.179546507249498,1107.6569257876083,1124.490017796532,1095.2715222488885,1136.8754213352518,1078.4384302399649,1153.7085133441753,1066.053026701245,,-71.17351764563753,-20.521068560610047,-11.333928572554132,-9.187139988055915,40.715098446526966,21.936287728090768,1105.510986328125,1173.706964111328,1161.0358959960938,1222.9503833007811,IMPAL.BO,2025-07-29 12:21:48.906311
132,2025-01-15 00:00:00+05:30,1117.07177734375,1117.07177734375,1117.07177734375,1117.07177734375,2,0.0,0.0,2025-01-15,1177.7342529296875,50.68980498127564,1228.4240579109633,1127.0444479484117,1279.1138628922388,1076.3546429671362,-55.103392416028285,-75.07269099673636,31435,2.9840850787137225,452.37633236167636,1041.5511586380803,7.017162973249128,1117.07177734375,1117.07177734375,1117.07177734375,1117.07177734375,1117.07177734375,1117.07177734375,1117.07177734375,,-73.90154623501931,-19.811522410771886,-9.037143575540151,-10.774378835231735,41.47388354432143,20.603912177073454,1107.09853515625,1177.7342529296875,1162.92146484375,1224.7784887695314,IMPAL.BO,2025-07-29 12:21:48.906311
133,2025-01-14 00:00:00+05:30,1116.1953175561703,1119.0684221718311,1110.4489894344817,1117.07177734375,23,0.0,0.0,2025-01-14,1182.8085327148438,49.359740219867,1232.1682729347108,1133.4487924949767,1281.5280131545778,1084.0890522751097,-71.89181261107159,-75.5181112980766,31437,34.316978405207806,564.724394182417,1041.5505677168571,9.615086475313504,1115.529729650021,1120.6104698655602,1111.9910371282108,1124.1491623873703,1106.9102969126716,1129.2299026029095,1103.3716043908614,-0.18184785482573404,-73.90154623501931,-19.092104046931127,-6.343548866732217,-12.74855518019891,41.47388354432143,19.67099444972255,1113.5363525390626,1182.8085327148438,1163.9928100585937,1225.7909094238282,IMPAL.BO,2025-07-29 12:21:48.906311
134,2025-01-13 00:00:00+05:30,1090.8238041694954,1100.5633024210088,1064.1375551822769,1075.9710693359375,602,0.0,0.0,2025-01-13,1187.9242065429687,47.45326137588992,1235.3774679188587,1140.4709451670788,1282.8307292947486,1093.0176837911888,-155.86496393479874,-127.39748949410944,31414,865.1615525110876,697.3262481267193,1041.5437714580676,8.724482935628629,1080.2239756464078,1096.3103961105387,1059.8846488718068,1116.6497228851397,1043.7982284076759,1132.7361433492706,1023.4589016330749,-0.16154476017475347,-94.16565674518714,-17.881756231908412,-3.1564100716824885,-14.725346160225923,32.50470022202231,18.66631382026773,1117.80224609375,1187.9242065429687,1163.945087890625,1226.5510778808593,IMPAL.BO,2025-07-29 12:21:48.906311
135,2025-01-10 00:00:00+05:30,1120.0423121142817,1152.669631641089,1093.161320401611,1105.335693359375,138,0.0,0.0,2025-01-10,1194.6395935058595,39.635658553277025,1234.2752520591364,1155.0039349525825,1273.9109106124135,1115.3682763993054,-128.30766640380764,-77.19794147084355,32016,203.73864180714975,655.3674220306272,1041.4624890206712,21.678066246283194,1117.0555484673584,1140.949776533106,1081.441465293628,1176.5638597068364,1057.5472372278805,1200.458087772584,1021.93315405415,-0.14295971475311778,-94.02199865065538,-12.013411555361472,0.5249264683739923,-12.538338023735465,36.18290751992497,16.871011763155725,1139.0246337890626,1194.6395935058595,1165.3095922851562,1227.9335998535157,IMPAL.BO,2025-07-29 12:21:48.906311
136,2025-01-09 00:00:00+05:30,1143.9528754316984,1143.9528754316984,1120.0423583984375,1120.0423583984375,613,0.0,0.0,2025-01-09,1199.4216918945312,33.604775952846474,1233.0264678473777,1165.8169159416848,1266.6312438002242,1132.2121399888383,-150.58276030765202,-62.877116109400205,32154,917.0542918764929,768.2746170864965,1041.4279006428703,27.525261006131714,1128.0125307428577,1135.982703087278,1112.072186054017,1151.9230477761187,1104.1020137095968,1159.893220120539,1088.161669020756,-0.13629241472691694,-100.0,-7.210101243676036,3.6595109743078584,-10.869612217983894,38.19363380189477,15.442956736328053,1158.562060546875,1199.4216918945312,1167.4084545898438,1229.0560778808594,IMPAL.BO,2025-07-29 12:21:48.906311
137,2025-01-08 00:00:00+05:30,1144.4884860434142,1160.5100329852962,1139.6674816689879,1149.2608642578125,270,0.0,0.0,2025-01-08,1202.8451293945313,28.13492129532848,1230.9800506898598,1174.7102080992029,1259.1149719851883,1146.5752868038744,-137.98986429597224,-30.279441092138146,32767,414.45989051786336,731.0796983889974,1041.2383430325294,32.65600661933125,1149.8127929706989,1159.9581042724099,1139.1155529561015,1170.6553442870072,1128.9702416543905,1180.8006555887182,1118.2730016397932,-0.06306124298153035,-90.25914011486866,-2.399548215991672,6.3769140288038315,-8.776462244795503,42.55567576512928,14.441114139838728,1172.1973388671875,1202.8451293945313,1169.2472729492188,1230.1181701660157,IMPAL.BO,2025-07-29 12:21:48.906311
138,2025-01-06 00:00:00+05:30,1185.0047211180758,1185.0047211180758,1133.3367535124,1138.4012451171875,428,0.0,0.0,2025-01-06,1205.1582580566405,25.251601874564916,1230.4098599312053,1179.9066561820757,1255.6614618057704,1154.6550543075107,-176.84499236797362,-27.78245702398158,32497,650.7875813721884,810.2346503567808,1041.1234965005149,33.54632454479061,1152.2475732492212,1171.1583929860424,1119.4904253803666,1203.915540854897,1100.5796056435454,1222.8263605917182,1067.8224577746907,-0.05373362557578456,-96.90202461535438,0.9181940714236134,8.571029590002707,-7.652835518579094,40.198590968781744,13.796630128033513,1182.01474609375,1205.1582580566405,1170.8104614257813,1231.1997412109374,IMPAL.BO,2025-07-29 12:21:48.906311
139,2025-01-03 00:00:00+05:30,1198.0071846214937,1200.782918203393,1172.9765995499579,1182.0830078125,435,0.0,0.0,2025-01-03,1207.4762634277345,20.477582797685706,1227.9538462254202,1186.9986806300487,1248.431429023106,1166.521097832363,-94.7672480907619,24.648133223267052,32925,686.8111819564149,850.0964176029287,1040.959275143558,40.2760291258574,1185.2808418552836,1197.5850841606093,1169.7787655071743,1213.0871605087186,1157.4745232018486,1225.3914028140443,1141.9724468537393,-0.0019133459289155028,-81.94773347580336,6.22150549004823,10.48423846964748,-4.2627329795992495,47.47389343219606,13.102570423012512,1192.1146240234375,1207.4762634277345,1173.7410791015625,1232.4288671875,IMPAL.BO,2025-07-29 12:21:48.906311
140,2025-01-02 00:00:00+05:30,1211.4962623184156,1222.3070820549322,1187.0987706144801,1203.0228271484375,153,0.0,0.0,2025-01-02,1205.124169921875,25.607029955206897,1230.7311998770817,1179.517139966668,1256.3382298322888,1153.910110011461,-48.21544280373177,53.78268860085812,33360,245.84728963721926,890.9177265145571,1040.7167216902521,42.14000541616209,1204.1428932726167,1221.1870159307532,1185.9787044903012,1239.3512047130687,1168.9345818321647,1256.3953273712052,1150.7703930498492,-0.03328873882274492,-66.99129108029501,8.615094154657072,11.54992171454729,-2.934827559890218,51.63380103036432,13.301587411567716,1200.159423828125,1205.124169921875,1175.595478515625,1232.7083911132813,IMPAL.BO,2025-07-29 12:21:48.906311
141,2025-01-01 00:00:00+05:30,1193.9650775690548,1204.2889216188526,1156.8088691086066,1188.21875,2343,0.0,0.0,2025-01-01,1201.7226501464843,30.03622200703431,1231.7588721535185,1171.68642813945,1261.795094160553,1141.6502061324156,-123.98167631202404,18.38540388012872,33207,3718.5088176914037,1052.1853357338914,1040.6185453007577,42.344898562504426,1183.1055135758197,1209.4021580430328,1161.9221055327869,1230.5855660860657,1135.6254610655737,1256.8822105532788,1114.442053022541,-0.03629923305470047,-77.56522791981999,9.48682631103884,12.283628604519844,-2.7968022934810044,48.682635769139964,13.899144008589408,1206.2953125,1201.7226501464843,1176.8538232421874,1232.833544921875,IMPAL.BO,2025-07-29 12:21:48.906311
142,2024-12-31 00:00:00+05:30,1193.6242674704113,1199.7114539372744,1193.6242674704113,1198.347900390625,106,0.0,0.0,2024-12-31,1200.1278137207032,31.59722649046886,1231.725040211172,1168.5305872302345,1263.322266701641,1136.9333607397655,-89.0960276565709,39.445423174296735,35550,169.66369085954264,385.6044652445132,1039.2385371617847,70.28764366791331,1197.2278739327703,1200.8314803951293,1194.7442939282662,1203.3150603996335,1191.1406874659071,1206.9186668619925,1188.657107461403,-0.2555593775946691,-78.03939357118364,11.917145134797693,12.982829177890096,-1.0656840430924035,50.64674745059676,13.969395326096356,1215.635498046875,1200.1278137207032,1179.0754077148438,1233.7393188476562,IMPAL.BO,2025-07-29 12:21:48.906311
143,2024-12-30 00:00:00+05:30,1227.7612608412653,1227.7612608412653,1170.6390735355658,1188.900634765625,373,0.0,0.0,2024-12-30,1197.4007568359375,34.019704528557604,1231.4204613644952,1163.3810523073798,1265.4401658930526,1129.3613477788224,-110.33620656865692,38.867017209147036,35444,592.3174352601347,439.5896588407559,1039.1712072969497,70.73135446051593,1195.766989714152,1220.8949058927383,1163.7727185870388,1252.8891770198516,1138.6448024084525,1278.0170931984378,1106.6505312813392,-0.24490188869760185,-85.52681565889395,13.850559042884925,13.249250188663197,0.6013088542217275,48.859457108022745,15.007335547457437,1215.8302978515626,1197.4007568359375,1181.3398413085938,1234.5199401855468,IMPAL.BO,2025-07-29 12:21:48.906311
144,2024-12-27 00:00:00+05:30,1230.0986052858877,1230.5368351425545,1209.2074294981016,1222.3070068359375,113,0.0,0.0,2024-12-27,1194.2402954101562,37.59876410746458,1231.8390595176209,1156.6415313026916,1269.4378236250855,1119.042767195227,-8.000076666366056,79.55663915402262,35817,184.48406975238848,401.40771473591116,1038.947917277216,76.53452925423392,1220.6837571588646,1232.1600848196276,1210.8306791751747,1242.0131628033175,1199.3543515144117,1253.4894904640805,1189.5012735307218,-0.2421642805637203,-49.24368387738546,17.04647029671787,13.098922975107763,3.9475473216101076,55.452061393109204,16.125117324307833,1226.42685546875,1194.2402954101562,1182.9819213867188,1235.851329345703,IMPAL.BO,2025-07-29 12:21:48.906311
145,2024-12-26 00:00:00+05:30,1218.4113048851448,1266.962682824517,1189.1928083651173,1233.7022705078125,103,0.0,0.0,2024-12-26,1190.0255249023437,38.98603977387953,1229.0115646762233,1151.039485128464,1267.9976044501027,1112.0534453545847,35.95612973384149,97.95744561110824,35930,169.72574144358978,455.6386259817918,1038.865040957767,81.22751891856275,1229.9525872324823,1270.7123660998473,1192.9424916404475,1307.722461691882,1152.1827127730826,1348.482240559247,1115.1726171810478,-0.26441682141475004,-41.712268403907984,17.589903814825902,12.112036144705234,5.477867670120668,57.92859996287236,16.07328887415238,1232.1537109375,1190.0255249023437,1183.6675830078125,1236.6061413574218,IMPAL.BO,2025-07-29 12:21:48.906311
146,2024-12-24 00:00:00+05:30,1205.214206997074,1247.678516015802,1205.214206997074,1234.919677734375,157,0.0,0.0,2024-12-24,1185.5112670898438,38.88947226769053,1224.4007393575343,1146.6217948221533,1263.2902116252249,1107.7323225544628,44.66321070146018,98.8620050535021,36033,258.9634600842164,527.1168471163422,1038.7847368612029,71.38215142855907,1229.2708002490835,1253.3273935010932,1210.8630844823651,1271.7351092678116,1186.8064912303555,1295.7917025198212,1168.398775463637,-0.2766615894482964,-37.60355908221274,16.896888884494274,10.742569227175066,6.154319657319208,58.18683933908849,16.017473620138812,1224.4594970703124,1185.5112670898438,1184.1156005859375,1237.53431640625,IMPAL.BO,2025-07-29 12:21:48.906311
147,2024-12-23 00:00:00+05:30,1244.7079397943758,1244.7079397943758,1197.9583458114885,1199.3218994140625,353,0.0,0.0,2024-12-23,1180.8728271484374,38.21274224732033,1219.0855693957578,1142.660084901117,1257.298311643078,1104.4473426537968,-2.9787329166985956,76.3266383186167,35876,565.4713358588073,594.1551938743737,1038.6614388475527,69.37295509515135,1213.996061673309,1230.0337775351295,1183.2841835522422,1260.7456556561963,1167.2464676904217,1276.7833715180168,1136.534589569355,-0.2730408696459202,-58.36731189346013,15.633710134946114,9.203989312845264,6.429720822100849,52.44229171697598,16.43936813817485,1216.0056396484374,1180.8728271484374,1184.2295556640624,1237.7261853027344,IMPAL.BO,2025-07-29 12:21:48.906311
148,2024-12-20 00:00:00+05:30,1280.5979291675596,1296.8142178553517,1233.0205030453437,1241.8834228515625,808,0.0,0.0,2024-12-20,1175.8667236328124,42.03566695173233,1217.9023905845447,1133.83105668108,1259.938057536277,1091.7953897293478,180.35526400502567,141.51126276999526,36229,1340.2700615890005,601.3261583782653,1038.4340341385994,78.62406747526799,1257.2393812507526,1281.4582594561614,1217.6645446461534,1321.0330960607605,1193.4456664407446,1345.2519742661693,1153.8708298361455,-0.2091223478566115,-32.886312437760594,17.285425962374802,7.596559107320051,9.688866855054751,61.87983411375818,16.968661216206776,1219.852734375,1175.8667236328124,1184.7136083984376,1237.9112353515625,IMPAL.BO,2025-07-29 12:21:48.906311
149,2024-12-19 00:00:00+05:30,1242.0783638051184,1275.8743780178402,1218.411333511693,1250.9412841796875,444,0.0,0.0,2024-12-19,1167.074395751953,45.728743266682805,1212.8031390186359,1121.3456524852702,1258.5318822853187,1075.6169092185874,239.06044334128828,124.6662160130173,37037,741.8566969030061,416.5901825755815,1037.7727428053329,74.19923292091838,1248.4089985697403,1278.4066636277876,1220.9436191216405,1305.8720430758874,1190.9459540635933,1335.8697081339346,1163.4805746154934,-0.13715810035517245,-15.999981551320637,14.946557161035571,5.174342393556363,9.772214767479209,64.1622715373087,16.396480242832823,1215.3531005859375,1167.074395751953,1183.8584814453125,1236.4483642578125,IMPAL.BO,2025-07-29 12:21:48.906311
150,2024-12-18 00:00:00+05:30,1215.44066043777,1229.36819076511,1195.231201171875,1195.231201171875,227,0.0,0.0,2024-12-18,1157.6416870117187,46.9593563248203,1204.6010433365389,1110.6823306868985,1251.5603996613593,1063.722974362078,56.56583271428357,60.03948838120575,36593,362.3914183666115,335.2735539937253,1037.3913192099972,64.39383605171591,1206.6101977029532,1217.9891942340314,1183.8522046407963,1240.7471872961883,1172.4732081097181,1252.1261838272665,1149.7152150475613,-0.19946973207851237,-30.705283993964034,10.83357125941393,2.7312887016865606,8.102282557727369,54.60098185092235,16.25284476542891,1207.22060546875,1157.6416870117187,1183.78640625,1234.5842236328126,IMPAL.BO,2025-07-29 12:21:48.906311
151,2024-12-17 00:00:00+05:30,1221.0896799825032,1221.0896799825032,1190.0206545761607,1192.650390625,91,0.0,0.0,2024-12-17,1152.9789001464844,47.65521288090082,1200.6341130273852,1105.3236872655837,1248.2893259082862,1057.6684743846827,48.241318117010216,47.489625544186644,36366,144.96216712933688,328.49408790050364,1037.2467946845352,56.52186967615886,1201.2535750612212,1212.4864955462817,1181.4174701399393,1232.3226004675637,1170.1845496548788,1243.5555209526242,1150.3484447335968,-0.1871371407285665,-32.909138887054,10.890157010994471,0.7057180622547183,10.184438948739754,54.07407262753441,17.364090391356868,1208.3698974609374,1152.9789001464844,1185.9193579101564,1233.3585083007813,IMPAL.BO,2025-07-29 12:21:48.906311
152,2024-12-16 00:00:00+05:30,1216.3172408459488,1221.0896188672511,1200.6366721105514,1218.557373046875,411,0.0,0.0,2024-12-16,1146.9793640136718,49.89822811135892,1196.8775921250308,1097.0811359023128,1246.7758202363896,1047.182907790954,98.05215227113476,58.60804772653717,36457,668.9411762595875,374.3770680932953,1037.1897308638625,59.97419149290994,1213.4278880082259,1226.2191039059003,1205.7661571492006,1233.8808347649256,1192.9749412515262,1246.6720506626,1185.3132103925009,-0.1943392949373373,-9.565632756124135,11.051772276937754,-1.84039167493022,12.892163951867975,60.63687243996558,18.578726838398968,1207.542041015625,1146.9793640136718,1188.2120361328125,1232.1586010742187,IMPAL.BO,2025-07-29 12:21:48.906311
153,2024-12-13 00:00:00+05:30,1192.1634022238345,1219.38525390625,1173.1713794992565,1219.38525390625,157,0.0,0.0,2024-12-13,1140.3005004882812,48.739470058904885,1189.039970547186,1091.5610304293764,1237.779440606091,1042.8215603704714,80.4574957893054,40.41197696867359,36868,255.70588129793754,300.7360410517222,1036.8884435336715,55.975089654958495,1203.9806291039188,1234.789878708581,1188.5760043015875,1250.1945035109122,1157.7667546969253,1281.0037531155745,1142.362129894594,-0.31246032338956103,-7.494405394374738,8.539792458045213,-5.063432662897213,13.603225120942426,60.85657421924807,19.80528006116459,1202.93525390625,1140.3005004882812,1190.4647827148438,1231.2021826171874,IMPAL.BO,2025-07-29 12:21:48.906311
154,2024-12-12 00:00:00+05:30,1210.2300635449553,1229.173459519792,1190.2154654002675,1210.27880859375,173,0.0,0.0,2024-12-12,1133.8553894042968,46.187134044679894,1180.0425234489767,1087.668255359617,1226.2296574936565,1041.4811213149371,109.88915782797058,44.78402464232886,36711,279.660840163059,311.99358099016837,1036.7725631703684,64.9860082416169,1209.889244504603,1229.5630236089387,1190.6050294894142,1248.8472386241276,1170.9312503850786,1268.5210177284632,1151.6470353698896,-0.324981802956964,-11.644669090761873,5.1127725680391904,-8.46423894313282,13.57701151117201,59.355672250750246,21.174218434784365,1196.0104736328126,1133.8553894042968,1192.4457958984376,1230.0772705078125,IMPAL.BO,2025-07-29 12:21:48.906311
155,2024-12-11 00:00:00+05:30,1191.7251365957486,1216.5608603531305,1191.7251365957486,1200.9776611328125,85,0.0,0.0,2024-12-11,1130.3175170898437,42.59540938447969,1172.9129264743233,1087.7221077053641,1215.508335858803,1045.1266983208843,118.70038644583062,33.89746447636054,36538,136.34963538020207,320.0767661969457,1036.6510788839444,63.97286257713461,1203.0878860272305,1214.4506354587124,1189.6149117013306,1227.9236097846124,1178.2521622698487,1239.2863592160943,1164.7791879439487,-0.3598958549355485,-10.352634613520353,1.5445292537615387,-11.858491820925822,13.403021074687361,57.82263456112145,22.151547944524488,1180.962939453125,1130.3175170898437,1194.1200146484375,1228.961124267578,IMPAL.BO,2025-07-29 12:21:48.906311
156,2024-12-10 00:00:00+05:30,1181.4012265850183,1197.958374855377,1180.1837892121978,1188.5111083984375,163,0.0,0.0,2024-12-10,1127.7048950195312,39.525129108973914,1167.2300241285052,1088.1797659105573,1206.7551532374791,1048.6546368015834,112.41160849904774,13.618032587906201,36453,258.75632561462635,366.0085489011316,1036.594528563531,59.208009797604745,1188.8844241553375,1197.5850590984771,1179.8104734552978,1206.6590097985168,1171.1098385121581,1215.3596447416564,1162.0358878121185,-0.37441854873558583,-12.425245183316376,-2.131283334330874,-15.20924708959766,13.077963755266786,55.74427256490902,23.524371170025333,1167.7658935546874,1127.7048950195312,1195.7182666015624,1227.8030969238282,IMPAL.BO,2025-07-29 12:21:48.906311
157,2024-12-09 00:00:00+05:30,1145.5111366217589,1206.6751156948735,1145.5111366217589,1195.5234375,90,0.0,0.0,2024-12-09,1126.9062561035157,38.3765043400315,1165.2827604435472,1088.5297517634842,1203.6592647835787,1050.1532474234527,131.31933096540783,4.476519862111475,36616,143.71454686741322,392.82160472275785,1036.4942085001965,59.02649536605495,1182.569896605544,1219.6286565893292,1158.4646775162146,1243.7338756786587,1121.4059175324294,1280.792635662444,1097.3006984431,-0.39035062736344345,-7.641268631569251,-5.577378600786233,-18.478738028414355,12.901359427628122,57.21599558982784,25.17595633653917,1161.328076171875,1126.9062561035157,1198.0518481445313,1226.7649426269531,IMPAL.BO,2025-07-29 12:21:48.906311
158,2024-12-06 00:00:00+05:30,1160.2666067516984,1206.7239711603168,1158.9516792253028,1184.7613525390625,370,0.0,0.0,2024-12-06,1126.343798828125,37.38759463345941,1163.7313934615845,1088.9562041946656,1201.118988095044,1051.5686095612061,189.61589366226528,3.184225054250615,36526,585.5078589808514,455.09836918659397,1036.4362025077105,58.020176797606446,1183.479000974894,1208.0063227244852,1160.2340307894713,1231.251292909908,1135.70670903988,1255.7786146594992,1112.4617388544573,-0.3392786496446665,-14.983417203798021,-10.595527245859785,-21.704077885321386,11.108550639461601,55.54307701886247,26.954586515861763,1150.9847412109375,1126.343798828125,1200.6464501953126,1225.666729736328,IMPAL.BO,2025-07-29 12:21:48.906311
159,2024-12-05 00:00:00+05:30,1142.6378749148598,1156.2731723190484,1132.2166594549446,1135.0411376953125,492,0.0,0.0,2024-12-05,1127.108349609375,38.77564636610813,1165.883995975483,1088.332703243267,1204.6596423415913,1049.5570568771586,35.0437581375522,-46.41856091416056,36156,745.8935139970107,422.4959967380296,1036.213450490405,48.96509441644503,1141.1769898231018,1150.137320191259,1126.0808073271553,1165.2335026872056,1117.120476958998,1174.1938330553628,1102.0242944630515,-0.33201268517033394,-43.601075238566374,-15.799837564295558,-24.48121554518678,8.681377980891224,46.580637496452105,28.860646118273696,1139.170751953125,1127.108349609375,1203.1699536132812,1224.699620361328,IMPAL.BO,2025-07-29 12:21:48.906311
160,2024-12-04 00:00:00+05:30,1156.3219570908727,1160.8021026138051,1129.7818237316592,1134.992431640625,49,0.0,0.0,2024-12-04,1130.2493408203125,41.87270859493924,1172.1220494152517,1088.3766322253732,1213.994758010191,1046.503923630434,45.981661549239725,-48.322366833314526,35664,74.2829549415822,341.6466174232842,1036.0157002601936,44.9908487392728,1141.8587859953632,1153.9357482590672,1122.9154693769212,1172.879064877509,1110.8385071132172,1184.956027141213,1091.8951904947753,-0.299638703919953,-40.202746647655815,-17.32685253185832,-26.651560040409585,9.324707508551263,46.57057926779307,29.914783815588542,1139.76484375,1130.2493408203125,1206.5398193359374,1224.3241223144532,IMPAL.BO,2025-07-29 12:21:48.906311
161,2024-12-03 00:00:00+05:30,1192.9425140321066,1192.9425140321066,1151.2087844973942,1156.322021484375,406,0.0,0.0,2024-12-03,1134.848828125,47.14188546239984,1181.9907135873998,1087.7069426626,1229.1325990497996,1040.5650572002003,123.02148011701581,-24.486477418363762,35713,627.0540194266059,408.4875330437097,1035.9959719900362,43.53587528073587,1166.8244400046253,1182.4400955118565,1140.706365977144,1208.5581695393378,1125.090710469913,1224.173825046569,1098.9726364424316,-0.2994010428920512,-25.4053889701671,-19.014569545066706,-28.9827369175474,9.968167372480693,50.32406422037815,31.050009028081455,1141.4497802734375,1134.848828125,1210.1356420898437,1223.8623693847655,IMPAL.BO,2025-07-29 12:21:48.906311
162,2024-12-02 00:00:00+05:30,1120.0423618484547,1150.380924384423,1120.0423618484547,1143.8067626953125,172,0.0,0.0,2024-12-02,1137.3518798828125,49.60662752213726,1186.9585074049496,1087.7452523606753,1236.565134927087,1038.138624838538,67.77755505437078,-57.052926269400906,35307,262.77329854148803,353.8459114479856,1035.7969214532382,33.96175120837189,1138.0766829760635,1156.1110041036723,1125.772441567704,1168.4152455120318,1107.7381204400951,1186.4495666396406,1095.4338790317356,-0.26949932511782043,-23.93763914202444,-22.987900636815084,-31.47477876066757,8.486878123852485,48.04158010082111,32.72540528049981,1138.6155517578125,1137.3518798828125,1213.705166015625,1223.1724633789063,IMPAL.BO,2025-07-29 12:21:48.906311
163,2024-11-29 00:00:00+05:30,1130.0254359963137,1141.4693479747293,1118.191920257579,1125.69140625,263,0.0,0.0,2024-11-29,1138.6934936523437,50.150249633248706,1188.8437432855924,1088.543244019095,1238.993992918841,1038.3929943858464,54.50557142610149,-70.27028465894277,35135,395.4351081761377,376.61406467460995,1035.7211729763728,31.543404833123418,1128.4508914941027,1138.7098627306264,1115.4324350134762,1151.728319211253,1105.1734637769525,1161.9872904477766,1092.155007296326,-0.2622686658750329,-52.738638870935,-26.494103583588185,-33.59649829163069,7.102394708042503,44.622038817157744,33.29605805883618,1129.6941650390625,1138.6934936523437,1217.3954614257811,1222.5684143066405,IMPAL.BO,2025-07-29 12:21:48.906311
164,2024-11-28 00:00:00+05:30,1149.3095094762002,1161.6298793385251,1129.7817684227505,1138.0115966796875,267,0.0,0.0,2024-11-28,1138.1432067871094,50.36036886122306,1188.5035756483326,1087.7828379258863,1238.8639445095555,1037.4224690646633,112.18673562562078,-59.64262075304091,35398,405.8430142446777,371.908803799228,1035.6245895313994,25.78392540476257,1143.141081480321,1156.5003945378915,1124.6522836221168,1174.9891923960956,1111.2929705645463,1188.3485054536661,1092.8041727063421,-0.13089053611652487,-47.05209375190619,-28.79759189456081,-35.372096968641316,6.5745050740805056,46.55650023813992,33.62748044063994,1117.7632568359375,1138.1432067871094,1221.8610205078126,1222.2188415527344,IMPAL.BO,2025-07-29 12:21:48.906311
165,2024-11-27 00:00:00+05:30,1142.150931907345,1165.817960618911,1134.5054494273902,1143.4171142578125,138,0.0,0.0,2024-11-27,1138.45244140625,50.37850327259436,1188.8309446788444,1088.0739381336557,1239.2094479514387,1037.6954348610614,121.79220778820974,-58.50644323502485,35665,210.757918411123,363.4252511878655,1035.5128832042624,23.21615933979058,1147.9135081013712,1161.3215667753523,1130.0090555838315,1179.226019292892,1116.6009969098504,1192.634077966873,1098.6965443923107,0.0037431378764379037,-43.84394364580111,-32.52377989722186,-37.01572323716144,4.491943339939581,47.39429689305301,34.18528949345793,1102.618359375,1138.45244140625,1226.2564575195313,1221.3123608398437,IMPAL.BO,2025-07-29 12:21:48.906311
166,2024-11-26 00:00:00+05:30,1099.9789240480686,1151.7930056705732,1098.5666255087979,1142.15087890625,137,0.0,0.0,2024-11-26,1141.7955261230468,52.88156229582943,1194.677088418876,1088.9139638272175,1247.5586507147057,1036.032401531388,66.27193118674383,-78.87069686414114,35527,208.99898226678943,401.5920843820511,1035.4520018659844,20.448181440047065,1130.836836695207,1163.1070478816162,1109.8806677198409,1184.0632168569823,1077.6104565334317,1216.3334280433915,1056.6542875580656,0.0140640329474933,-52.79495265417043,-37.33400672427388,-38.138709072146334,0.8047023478724569,47.187130246808294,34.86594517244458,1094.330029296875,1141.7955261230468,1230.9392114257812,1220.4783422851563,IMPAL.BO,2025-07-29 12:21:48.906311
167,2024-11-25 00:00:00+05:30,1134.505512839722,1134.505512839722,1066.9133662636273,1099.1998291015625,486,0.0,0.0,2024-11-25,1145.2871459960938,55.162486684951816,1200.4496326810456,1090.124659311142,1255.6121193659974,1034.9621726261903,-28.571426297709525,-113.61743665133797,35390,713.5313304326355,449.74035991086646,1035.3922033544093,19.00187291929359,1100.206236068304,1133.4991058729806,1065.9069592968858,1167.7983826443988,1032.6140894922091,1201.0912524490755,998.314812720791,-0.00037860782656291207,-74.51367003935981,-42.80218294209885,-38.339884659114446,-4.462298282984406,39.73408957040954,35.208578807417794,1080.431787109375,1145.2871459960938,1236.169326171875,1219.4288720703125,IMPAL.BO,2025-07-29 12:21:48.906311
168,2024-11-22 00:00:00+05:30,1115.0264717853288,1115.0264717853288,1066.036865234375,1066.036865234375,95,0.0,0.0,2024-11-22,1151.6981689453125,56.94636754460864,1208.6445364899212,1094.751801400704,1265.5909040345298,1037.8054338560953,-69.55742089453759,-138.26945189561786,34904,135.2682759090711,383.7926172804241,1035.26509236216,10.048711313342011,1082.366734084693,1098.696602935011,1049.7069963840572,1131.3563406356468,1033.3771275337392,1147.6862094859648,1000.7173898331034,-0.05681503944231668,-91.28292348396565,-44.924559968366566,-37.22431008836834,-7.700249879998225,32.950562999448024,35.0900626101733,1077.587841796875,1151.6981689453125,1242.045166015625,1219.0585913085938,IMPAL.BO,2025-07-29 12:21:48.906311
169,2024-11-21 00:00:00+05:30,1087.4638094260226,1101.9755678374042,1060.144467149128,1062.287109375,210,0.0,0.0,2024-11-21,1162.6429321289063,60.53818241168716,1223.1811145405934,1102.1047497172192,1283.7192969522807,1041.5665673055319,-94.02093266075663,-156.29557041348838,34809,297.96230963155165,445.92370262326233,1035.2531051131743,12.928212967495526,1074.802381453844,1089.4602957585598,1047.6291950702837,1116.63348214212,1032.9712807655678,1131.291396446836,1005.7980943820075,-0.049373317717545585,-93.17903284901162,-43.695121083738286,-35.29924761836878,-8.395873465369505,32.1485619665183,34.39891806870115,1082.4770751953124,1162.6429321289063,1248.8988525390625,1218.830643310547,IMPAL.BO,2025-07-29 12:21:48.906311
170,2024-11-19 00:00:00+05:30,1134.5054112667528,1134.5054112667528,1101.9754638671875,1101.9754638671875,159,0.0,0.0,2024-11-19,1173.2687255859375,60.6469481930724,1233.91567377901,1112.6217773928652,1294.5626219720823,1051.9748291997928,-55.87899230957511,-128.730257490632,35019,234.0287295226435,482.91405087119,1035.2298055802412,10.960855643087186,1112.8187796670427,1123.6620954668979,1091.1321480673325,1145.348727066608,1080.2888322674773,1156.1920428664632,1058.6022006677672,0.00605871806720898,-58.57175819083561,-41.089725327362885,-33.200279252026405,-7.88944607533648,36.431278748830934,33.272509888392015,1097.92392578125,1173.2687255859375,1254.6519750976563,1218.9052087402345,IMPAL.BO,2025-07-29 12:21:48.906311
171,2024-11-18 00:00:00+05:30,1106.6992873363386,1106.6992873363386,1067.984779916412,1072.65966796875,159,0.0,0.0,2024-11-18,1181.4669555664063,61.57751742026504,1243.0444729866713,1119.8894381461414,1304.6219904069364,1058.3119207258762,-116.32121322657373,-171.36900185992366,34860,227.80287541425898,545.1353812083266,1035.1862221729818,4.778726118287125,1082.4479117405,1096.9110435645882,1058.1965361446616,1121.1624191604267,1043.7334043205735,1135.6255509845148,1019.4820287247351,-0.010921264979334712,-70.44782807660101,-41.040159228243965,-31.22791773319229,-9.812241495051676,30.038088078050748,32.50767449501298,1107.273876953125,1181.4669555664063,1258.4416162109376,1218.6739453125,IMPAL.BO,2025-07-29 12:21:48.906311
172,2024-11-14 00:00:00+05:30,1087.0253733887573,1118.143141559708,1079.2337748067891,1084.9801025390625,234,0.0,0.0,2024-11-14,1192.7988708496093,61.35354804037541,1254.1524188899848,1131.4453228092339,1315.50596693036,1070.0917747688586,-133.538475505916,-172.2513743880439,35019,339.1077825448806,624.4685076568435,1035.1617368709508,4.767730848248064,1094.1190063018532,1109.0042377969173,1070.0948710439984,1133.0283730547721,1055.2096395489343,1147.9136045498362,1031.1855042910795,0.003824021486496008,-65.45671876178177,-37.46771728970384,-28.77485735942937,-8.692859930274473,31.264944975763896,30.847410162981028,1127.249609375,1192.7988708496093,1263.2870166015625,1218.4828039550782,IMPAL.BO,2025-07-29 12:21:48.906311
173,2024-11-13 00:00:00+05:30,1139.5701310957843,1145.121597984469,1048.7979288390434,1090.4830322265625,809,0.0,0.0,2024-11-13,1204.1283447265625,61.31684506671712,1265.4451897932797,1142.8114996598454,1326.7620348599967,1081.4946545931284,-177.58406156973925,-186.53224683803194,35253,1178.331695753531,695.8086889348342,1035.1137847446594,4.747267999671209,1094.8008530166917,1140.80377719434,1044.4801080489144,1191.1245221621173,998.4771838712661,1237.1274463397656,948.1564389034888,0.024070613768197583,-63.227436712895404,-33.53959249592663,-26.60164237686075,-6.937950119065878,31.80341644457708,29.163133618092836,1147.108447265625,1204.1283447265625,1267.7272534179688,1217.9983312988281,IMPAL.BO,2025-07-29 12:21:48.906311
174,2024-11-12 00:00:00+05:30,1159.9255647829712,1165.6232667067877,1139.5213623046875,1139.5213623046875,165,0.0,0.0,2024-11-12,1213.1544250488282,56.82990938282281,1269.984334431651,1156.3245156660055,1326.814243814474,1099.4946062831825,-59.77244978711295,-136.83146257448482,36062,251.13459399423257,575.17793723016,1034.9289143734106,4.603459783929608,1148.2219971053876,1156.9226319060876,1130.8207275039874,1174.3239015074878,1122.1200927032874,1183.0245363081879,1104.7188231018872,0.04383322039703991,-48.12069884912851,-28.54418197166342,-24.867154847094277,-3.6770271245691433,37.092695937544335,27.349297338982478,1169.022314453125,1213.1544250488282,1271.4662451171876,1217.7818322753906,IMPAL.BO,2025-07-29 12:21:48.906311
175,2024-11-11 00:00:00+05:30,1150.332260920396,1173.7070596950664,1143.75809876502,1148.7252197265625,210,0.0,0.0,2024-11-11,1219.007861328125,54.84077812446779,1273.8486394525928,1164.1670832036573,1328.6894175770606,1109.3263050791895,-40.076494511091475,-136.75914490870872,36227,322.20744898534815,656.1887730391418,1034.857640511902,8.130145137904023,1155.396792728883,1167.035486692746,1137.0865257626995,1185.3457536589294,1125.4478317988364,1196.9844476227925,1107.137564832653,0.062265646094252156,-51.09476789697142,-26.545587641904604,-23.94789806595199,-2.5976895759526144,38.19940120742211,26.328726123210878,1180.690234375,1219.007861328125,1274.2663500976562,1216.5425231933593,IMPAL.BO,2025-07-29 12:21:48.906311
176,2024-11-08 00:00:00+05:30,1211.4963267987846,1211.4963267987846,1171.5643801601086,1172.538330078125,49,0.0,0.0,2024-11-08,1224.3767578125,52.81677248510882,1277.193530297609,1171.5599853273911,1330.0103027827176,1118.7432128422824,8.852383662330134,-106.07361073105488,36437,76.7402579192263,739.6841040525902,1034.7587983528883,7.719398310682308,1185.1996790123394,1198.8349778645702,1158.9030312258942,1225.1316256510154,1145.2677323736634,1238.7669245032462,1118.9710845872182,0.057775984820868244,-43.279511070372266,-24.491015895475357,-23.298475671963836,-1.1925402235115214,41.1499278550328,25.281050156717736,1196.3416259765625,1224.3767578125,1277.5748583984375,1214.9926452636719,IMPAL.BO,2025-07-29 12:21:48.906311
177,2024-11-07 00:00:00+05:30,1208.6230386418922,1217.2912162272598,1150.186046682601,1184.2742919921875,960,0.0,0.0,2024-11-07,1227.780712890625,51.47682991919906,1279.257542809824,1176.303882971426,1330.734372729023,1124.8270530522268,0.41883454132599524,-112.18785826983847,36486,1518.5309945578492,905.4200655859311,1034.7308863116828,6.8216581784352,1183.9171849673494,1217.6483232520977,1150.543153707439,1251.0223545120082,1116.8120154226906,1284.7534927967565,1083.4379841627801,0.08572539920885092,-39.42786988988421,-23.834696029057568,-23.000340616085953,-0.8343554129716146,42.65852340683296,24.492885155152855,1203.1105712890626,1227.780712890625,1279.4467895507812,1212.857670288086,IMPAL.BO,2025-07-29 12:21:48.906311
178,2024-11-06 00:00:00+05:30,1211.4962792516212,1214.3693838408617,1186.9526709466375,1200.0523681640625,678,0.0,0.0,2024-11-06,1229.7432250976562,50.469216073302164,1280.2124411709583,1179.2740090243542,1330.6816572442606,1128.804792951052,20.16498992425623,-97.19790319521073,37446,1086.7509237371835,752.1423333429516,1034.1349820908683,7.441822188603851,1200.4581409838538,1213.9636110210702,1186.546898126846,1227.874853878078,1173.0414280896296,1241.3803239152944,1159.1301852326217,0.07092856203498382,-34.915370505772955,-23.789090388148907,-22.79175176284305,-0.9973386253058578,44.70404853646553,23.64409207654452,1200.3835205078126,1229.7432250976562,1281.0177709960938,1210.7011822509767,IMPAL.BO,2025-07-29 12:21:48.906311
179,2024-11-04 00:00:00+05:30,1246.5584551304212,1246.5584551304212,1192.1146339364593,1197.8609619140625,62,0.0,0.0,2024-11-04,1229.6969604492188,50.49828162321718,1280.195242072436,1179.1986788260015,1330.693523695653,1128.7003972027844,22.608712106814497,-87.88490596042375,36768,99.1969289305257,668.4901857443936,1033.666725927106,9.072034612077132,1212.1780169936476,1232.2414000508359,1177.797578856874,1266.6218381876095,1157.7341957996857,1286.6852212447977,1123.3537576629121,-0.06107127004032235,-37.801891269050834,-24.924162025607075,-22.542417106516584,-2.3817449190904902,44.360224047801985,23.18444963943542,1183.3101806640625,1229.6969604492188,1282.3559765625,1208.5613555908203,IMPAL.BO,2025-07-29 12:21:48.906311
180,2024-11-01 00:00:00+05:30,1227.0308038969831,1239.8870143948461,1223.8654666029054,1226.982177734375,53,0.0,0.0,2024-11-01,1232.1707885742187,50.06664751450059,1282.2374360887193,1182.1041410597181,1332.3040836032199,1132.0374935452176,40.74923007830344,-70.76715467344276,36830,86.85888498049474,810.8134999478605,1033.6243398127422,13.41890358766139,1230.2448862440422,1236.624305885179,1220.6027580932382,1246.266434035983,1214.2233384521014,1252.6458536771197,1204.5812103012975,-0.1314217588347964,-28.66092035670513,-25.78393855158606,-21.946980876743957,-3.836957674842104,48.049074691140326,22.75490628618672,1172.57724609375,1232.1707885742187,1283.801318359375,1206.1137298583985,IMPAL.BO,2025-07-29 12:21:48.906311
181,2024-10-31 00:00:00+05:30,1212.470243461269,1212.5188696216137,1206.383056640625,1206.383056640625,36,0.0,0.0,2024-10-31,1235.9156188964844,52.404561151184815,1288.3201800476693,1183.5110577452995,1340.724741198854,1131.1064965941148,2.2123502221258127,-102.68414434536722,36777,58.007995124272,991.8021536897019,1033.5816614738637,12.754276955791084,1208.4283276342878,1210.4735986279507,1204.337785646962,1214.5641406152765,1202.2925146532991,1216.6094116089394,1198.2019726659732,-0.13136989835776808,-35.126858039379634,-29.362045835308663,-20.987741458033426,-8.374304377275237,45.04730401449642,22.698766082561182,1169.236572265625,1235.9156188964844,1284.8648706054687,1203.3447003173828,IMPAL.BO,2025-07-29 12:21:48.906311
182,2024-10-29 00:00:00+05:30,1112.2995340219268,1186.3197266329325,1112.2507889706403,1170.6390380859375,216,0.0,0.0,2024-10-29,1240.9606811523438,54.23670642663542,1295.1973875789793,1186.7239747257083,1349.4340940056147,1132.4872682990729,-71.41877890251655,-178.437970861726,36741,337.7356300212055,1225.2506933310592,1033.5557504414128,16.330097461277248,1156.40318456317,1200.5555801556998,1126.4866424934075,1230.4721222254623,1082.3342469008778,1274.624517817992,1052.4177048311153,-0.13854148120180512,-46.346686082096205,-31.469526631215558,-18.894165363714613,-12.575361267500945,39.406902478684486,22.038750464811038,1170.3566162109375,1240.9606811523438,1286.6355126953124,1200.6652075195314,IMPAL.BO,2025-07-29 12:21:48.906311
183,2024-10-28 00:00:00+05:30,999.7108348282262,1148.920031966224,999.7108348282262,1114.6856689453125,965,0.0,0.0,2024-10-28,1248.9884643554688,55.154770349878284,1304.1432347053471,1193.8336940055904,1359.2980050552253,1138.6789236557122,-171.78127897189987,-293.41678341206347,36525,1436.745537186066,1447.1294591585224,1033.4323081035898,12.395395146207676,1087.772178579921,1175.8335223316158,1026.624325193618,1236.981375717919,938.5629814419232,1325.0427194696138,877.4151280556201,-0.16153937823828976,-63.910105237330704,-30.17068541935896,-15.750325046839377,-14.420360372519584,28.780657107644345,20.727694404639855,1181.7128662109376,1248.9884643554688,1287.5890087890625,1198.032612915039,IMPAL.BO,2025-07-29 12:21:48.906311
184,2024-10-25 00:00:00+05:30,1189.9231852744224,1189.9231852744224,1071.3447954179371,1144.1962890625,3065,0.0,0.0,2024-10-25,1259.1759765625,47.30023051876,1306.4762070812599,1211.87574604374,1353.77643760002,1164.57551552498,-190.18910743658256,-265.25980494315826,37490,4684.153727606849,1449.7254396516364,1033.104103078926,17.73077563485643,1135.1547565849532,1198.9647177519694,1080.386327895484,1253.7331464414385,1016.576366728468,1317.5431076084546,961.8079380389988,-0.20123005642471684,-75.87095937084993,-22.540084400642172,-12.14523495370948,-10.394849446932692,31.484884621725826,18.400699015365532,1215.762158203125,1259.1759765625,1289.1570678710937,1196.427762451172,IMPAL.BO,2025-07-29 12:21:48.906311
185,2024-10-24 00:00:00+05:30,1218.411266088128,1218.411266088128,1197.9583191753777,1210.27880859375,159,0.0,0.0,2024-10-24,1266.6656494140625,39.3223455679481,1305.9879949820106,1227.3433038461144,1345.3103405499587,1188.0209582781663,-133.81363576359647,-169.9157501300874,40555,257.02932708627947,641.118367662833,1031.6603319043552,21.440819267403825,1208.8827979524185,1219.8072767294593,1199.354329816709,1229.3357448651689,1188.4298510396682,1240.2602236422097,1178.9013829039586,-0.34594834936147384,-83.75874300570388,-15.335435313967992,-9.546522591976307,-5.788912721991684,39.129660180965004,16.571270674094333,1241.88349609375,1266.6656494140625,1290.557607421875,1194.6629498291015,IMPAL.BO,2025-07-29 12:21:48.906311
186,2024-10-23 00:00:00+05:30,1227.4691035173014,1228.345563312858,1200.393248807524,1211.9832763671875,242,0.0,0.0,2024-10-23,1270.196221923828,37.10032997979169,1307.2965519036197,1233.0958919440363,1344.3968818834114,1195.9955619642446,-175.44494302700147,-176.3989407305054,40714,391.75280887518113,737.1406278069713,1031.5398280949796,17.716286681777746,1213.5740294958566,1226.7548101841892,1198.8024956788552,1241.5263440011906,1185.6217149905226,1254.7071246895232,1170.8501811735212,-0.3670984778330485,-82.88283883120862,-12.387073099046802,-8.099294411478386,-4.287778687568416,39.35795146086319,16.457388022974236,1253.0157470703125,1270.196221923828,1290.703701171875,1192.2052026367187,IMPAL.BO,2025-07-29 12:21:48.906311
187,2024-10-22 00:00:00+05:30,1266.1835393443796,1269.2027600757826,1216.7555848747415,1227.4202880859375,937,0.0,0.0,2024-10-22,1274.8565673828125,35.208932233401,1310.0654996162134,1239.6476351494116,1345.2744318496145,1204.4387029160105,-110.45558959083053,-137.898506011903,40956,1536.147838874016,823.4875825399188,1031.3543554249693,18.183810758587825,1237.7928776788206,1258.8301704828996,1206.3829952818585,1290.2400528798617,1185.3457024777795,1311.2773456839407,1153.9358200808174,-0.36360195947582463,-74.94995607630855,-8.592457345523371,-7.027349739586282,-1.5651076059370892,41.394721031591466,16.38208189754018,1270.4786865234375,1274.8565673828125,1290.9890673828124,1189.7577276611328,IMPAL.BO,2025-07-29 12:21:48.906311
188,2024-10-21 00:00:00+05:30,1296.6681536686485,1304.4111265769861,1269.8359057114296,1284.93212890625,257,0.0,0.0,2024-10-21,1279.7482299804688,35.06745099864546,1314.8156809791142,1244.6807789818233,1349.8831319777596,1209.613327983178,64.69806946962785,-45.31691700249478,41893,441.07601042059645,645.3225184563945,1030.5709311372123,18.466572962266298,1286.3930537315553,1302.9502017516809,1268.3749808861244,1320.9682745971118,1251.8178328659988,1337.5254226172374,1233.7997600205679,-0.3315017756178724,-45.39535713201506,-5.124322309972285,-6.636072838102009,1.5117505281297232,50.41906367650955,16.61320503492036,1287.308544921875,1279.7482299804688,1291.5890209960937,1187.1232946777343,IMPAL.BO,2025-07-29 12:21:48.906311
189,2024-10-18 00:00:00+05:30,1265.9400586860027,1290.4835472742434,1212.5188144657943,1274.802978515625,581,0.0,0.0,2024-10-18,1281.0484497070313,35.74531377842852,1316.7937634854597,1245.3031359286028,1352.5390772638884,1209.5578221501742,-34.26089800246575,-98.60891176827482,41636,989.2802245730552,696.3841454653441,1030.29185962278,19.794732065472274,1259.2684467518875,1306.0180790379807,1228.0533462295316,1337.2331795603366,1181.3037139434384,1383.9828118464297,1150.0886134210825,-0.3439049141720727,-50.600597881944665,-6.270462196608378,-7.01401047013444,0.7435482735260619,48.58575552608699,17.761897842295923,1284.523046875,1281.0484497070313,1291.1166552734376,1183.9190142822265,IMPAL.BO,2025-07-29 12:21:48.906311
190,2024-10-17 00:00:00+05:30,1293.7462603794029,1293.7462603794029,1264.1381611405052,1265.9400634765625,377,0.0,0.0,2024-10-17,1282.4850219726563,36.057089243479346,1318.5421112161357,1246.427932729177,1354.599200459615,1210.3708434856976,31.238046502849766,-69.97025426846665,41055,637.4624687644597,623.1601256884162,1029.6838859167303,24.912026713959776,1274.6081616654901,1285.078162190475,1255.4700629515773,1304.2162609043878,1245.0000624265924,1314.6862614293727,1225.8619637126797,-0.3916833595914186,-55.1551364903546,-6.645293722139968,-7.1998975385159545,0.5546038163759865,46.993965975892266,18.92295854427209,1280.88046875,1282.4850219726563,1289.8213037109374,1180.7652270507813,IMPAL.BO,2025-07-29 12:21:48.906311
191,2024-10-16 00:00:00+05:30,1288.5357791682657,1307.5278031242606,1288.5357791682657,1299.2979736328125,227,0.0,0.0,2024-10-16,1284.927197265625,36.528529669461115,1321.455726935086,1248.398667596164,1357.9842566045472,1211.8701379267027,95.63270953880198,-23.175146342196612,41432,393.94423027444856,619.5845399194053,1029.3020859847152,27.218864818469143,1298.453851975113,1308.3719247819602,1289.3799008259653,1317.4458759311078,1279.461828019118,1327.363948737955,1270.3878768699703,-0.3985755279885375,-38.01293338529346,-6.151642546857829,-7.3385484926099505,1.1869059457521214,52.69832187273663,19.239644144243286,1278.9130859375,1284.927197265625,1288.8132666015624,1177.7024658203125,IMPAL.BO,2025-07-29 12:21:48.906311
192,2024-10-15 00:00:00+05:30,1302.8040314896273,1318.2898577740457,1284.3963556757099,1311.569580078125,65,0.0,0.0,2024-10-15,1286.7022094726562,38.09263102023666,1324.794840492893,1248.6095784524196,1362.8874715131296,1210.5169474321829,102.49859327541753,-9.38605344613762,41659,113.8688193740402,675.9946173306444,1029.0391093715139,27.045738077739458,1304.7519311759602,1325.1075066762105,1291.2140045778747,1338.645433274296,1270.8584290776244,1359.0010087745463,1257.3205024795388,-0.41448835824220226,-31.706711888635624,-8.711661473485265,-7.63527497904798,-1.0763864944372843,54.97752776676231,18.825327128279323,1267.1769775390626,1286.7022094726562,1288.4032299804687,1174.2476586914063,IMPAL.BO,2025-07-29 12:21:48.906311
193,2024-10-14 00:00:00+05:30,1231.4622959134908,1296.668195145911,1231.4622959134908,1271.004638671875,329,0.0,0.0,2024-10-14,1287.5398071289062,38.84495009725794,1326.384757226164,1248.6948570316483,1365.2297073234222,1209.8499069343902,-23.48762806714176,-76.52126921903434,41594,558.5256971929017,816.5260668197952,1028.9602898285386,24.169951812300667,1266.3783765770922,1301.2944572406936,1236.0885580082734,1331.5842758095125,1201.172477344672,1366.500356473114,1170.882658775853,-0.435863944354634,-52.55251611538979,-13.065833893501576,-7.366178355438659,-5.699655538062918,48.08555250060371,18.379139572625824,1249.56796875,1287.5398071289062,1287.7000390625,1170.8321160888672,IMPAL.BO,2025-07-29 12:21:48.906311
194,2024-10-11 00:00:00+05:30,1255.4701406406766,1267.8880016133523,1238.2311564267422,1256.590087890625,13,0.0,0.0,2024-10-11,1291.4380432128905,40.95307078969773,1332.3911140025882,1250.4849724231929,1373.344184792286,1209.5319016334952,-57.81716687288242,-92.07327142952825,41265,21.819113818834346,881.0261592265185,1028.618026958019,22.18242462984223,1254.2364153102399,1270.2416741937375,1240.5848290071274,1283.89326049685,1224.5795701236298,1299.8985193803476,1210.9279838205173,-0.46851683279507206,-59.959969280261056,-14.447494748914778,-5.9412644709229285,-8.50623027799185,45.32440745739009,18.304083758438352,1235.1924560546875,1291.4380432128905,1288.7207373046874,1167.7028936767579,IMPAL.BO,2025-07-29 12:21:48.906311
195,2024-10-10 00:00:00+05:30,1267.1575759876375,1302.5118863313398,1241.8348783670858,1256.1031494140625,332,0.0,0.0,2024-10-10,1296.4977111816406,42.637550774375704,1339.1352619560164,1253.8601604072649,1381.772812730392,1211.2226096328893,-40.966275551117235,-66.44793415021381,41252,557.0106694049698,1095.8279205784395,1028.6052884610704,24.2765985819737,1266.816638037496,1291.7983977079061,1231.1213897436521,1327.49364600175,1206.139630073242,1352.4754056721602,1170.444381779398,-0.415696165458619,-60.21020073138629,-14.577923043692863,-3.8147069014249655,-10.763216142267897,45.232432021185325,18.810171090589378,1233.341943359375,1296.4977111816406,1289.5446997070312,1164.632992553711,IMPAL.BO,2025-07-29 12:21:48.906311
196,2024-10-09 00:00:00+05:30,1191.9685627439767,1265.7940128072707,1191.9685627439767,1240.617431640625,937,0.0,0.0,2024-10-09,1302.570294189453,45.156022665148356,1347.7263168546015,1257.4142715243047,1392.8823395197498,1212.2582488591563,-131.12111246932608,-120.77323061298947,40920,1552.6644010879725,1230.5322333718068,1028.2801796033034,19.127276516505518,1232.793335730624,1273.6181087172713,1199.7926586539772,1306.618785793918,1158.96788566733,1347.4435587805654,1125.9672085906832,-0.420716810228458,-68.16811290443601,-14.476077100775,-1.1239028658579906,-13.35217423491701,42.38754244940202,19.259595398904107,1242.4970703125,1302.570294189453,1290.9530322265625,1161.5531048583985,IMPAL.BO,2025-07-29 12:21:48.906311
197,2024-10-08 00:00:00+05:30,1373.2693301072761,1373.2693301072761,1178.67409662529,1223.5245361328125,341,0.0,0.0,2024-10-08,1310.7222534179687,48.0095713112675,1358.7318247292362,1262.712682106701,1406.7413960405036,1214.7031107954338,-107.89008076596667,-77.35764390291314,39983,557.2719553684364,1149.999191442765,1027.4203065566278,20.147055640825442,1258.4893209551262,1338.3045452849624,1143.7093118029763,1453.0845544371123,1063.8940874731402,1532.8997787669484,949.1140783209903,-0.48662450177217936,-76.95193314605298,-12.601240361310147,2.214140692871262,-14.815381054181408,39.14926742767749,20.530977996395595,1255.8304443359375,1310.7222534179687,1291.2228149414063,1158.6597033691405,IMPAL.BO,2025-07-29 12:21:48.906311
198,2024-10-07 00:00:00+05:30,1373.1719945117352,1373.1719945117352,1194.062583246662,1199.1270751953125,1464,0.0,0.0,2024-10-07,1319.1956176757812,46.74811658090999,1365.9437342566912,1272.4475010948713,1412.6918508376011,1225.6993845139614,-160.16289237804105,-82.01592560012425,39642,2344.8032729204365,1298.1810004613474,1027.1308719850542,15.506186623544949,1255.4538843179032,1316.8451853891445,1137.7357741240712,1434.5632955829765,1076.34447305283,1495.9545966542178,958.6263628589979,-0.4526980544858544,-97.17393835638335,-8.326562093933035,5.917985956416615,-14.24454805034965,34.24969501437013,21.900159255232584,1277.3644775390626,1319.1956176757812,1291.1088623046876,1155.9401062011718,IMPAL.BO,2025-07-29 12:21:48.906311
199,2024-10-04 00:00:00+05:30,1291.5062451911053,1308.3555062493954,1235.4553838090171,1247.3375244140625,1457,0.0,0.0,2024-10-04,1329.6753234863281,41.62756580001543,1371.3028892863435,1288.0477576863127,1412.930455086359,1246.4201918862973,-212.6644061265771,-66.37540602745482,41106,2427.4129542991795,1036.5254323465751,1026.0340663612583,17.949343547359092,1263.7161381574917,1291.9768925059664,1219.076770065588,1336.61626059787,1190.8160157171135,1364.8770149463446,1146.1766476252099,-0.2504049049228189,-92.67270461575787,-0.32473827906915176,9.479122969004028,-9.80386124807318,40.186217577374784,23.02389207399024,1301.2262451171875,1329.6753234863281,1289.0382470703125,1153.4318963623048,IMPAL.BO,2025-07-29 12:21:48.906311
200,2024-10-03 00:00:00+05:30,1307.040766207444,1314.7349941979164,1300.3204881172755,1301.8787841796875,38,0.0,0.0,2024-10-03,1334.8056091308595,37.012877569023914,1371.8184866998834,1297.7927315618356,1408.8313642689072,1260.7798539928117,-41.58948393985338,6.093396258081669,42563,66.07760174967933,688.803551858424,1024.6206097378745,21.991075125540988,1305.644755498293,1310.9690228793106,1296.5545167986697,1320.059261578934,1291.2302494176522,1325.3835289599515,1282.1400107180289,-0.18468339618494609,-77.1888108651321,5.176942489312523,11.930088281022321,-6.753145791709798,49.13237386265687,23.857704900451008,1310.556689453125,1334.8056091308595,1285.382041015625,1150.4147442626954,IMPAL.BO,2025-07-29 12:21:48.906311
201,2024-10-01 00:00:00+05:30,1333.6783212486048,1339.473394702746,1289.5584604765677,1307.2843017578125,776,0.0,0.0,2024-10-01,1334.2845458984375,37.56997677708159,1371.854522675519,1296.714569121356,1409.4244994526007,1259.1445923442743,-7.897197696798513,18.891886343258694,42601,1354.9769058366876,844.4850393856101,1024.5744168579633,16.702831672942693,1312.1053856457086,1334.6523108148494,1284.7373765886712,1362.0203198718868,1262.1904514195303,1384.5672450410277,1234.822442362493,-0.18065767793567572,-72.83066910410513,6.770834822076267,13.618374728949771,-6.847539906873504,50.16091640557295,24.991574209543096,1306.358984375,1334.2845458984375,1280.7976586914062,1146.9834893798827,IMPAL.BO,2025-07-29 12:21:48.906311
202,2024-09-30 00:00:00+05:30,1336.2591938108174,1373.2692881000382,1318.4846090534943,1331.1947021484375,359,0.0,0.0,2024-09-30,1334.666815185547,37.31884997762096,1371.9856651631678,1297.347965207926,1409.304515140789,1260.029115230305,131.94598711103117,65.11687960135497,43377,638.31662378013,716.8620727728406,1023.6092777699357,14.962552312785618,1340.98286643399,1363.4811238144857,1308.6964447679418,1395.767545480534,1286.198187387446,1418.2658028610297,1253.9117657213978,-0.17685647086776682,-63.57757402455448,8.176550019631122,15.330259705668144,-7.153709686037022,54.8753490501292,26.212664234719185,1305.9401611328126,1334.666815185547,1276.105166015625,1143.5000970458984,IMPAL.BO,2025-07-29 12:21:48.906311
203,2024-09-27 00:00:00+05:30,1293.9897947260806,1329.4415943535828,1286.5877993707568,1318.4359130859375,296,0.0,0.0,2024-09-27,1333.4566772460937,37.82632680693362,1371.2830040530273,1295.63035043916,1409.109330859961,1257.8040236322265,-24.26307713740484,21.695249767631598,43018,521.2557529970298,736.4984350210183,1023.1227206407613,39.138987385092186,1311.4884356034256,1336.3890718360944,1293.5352768532684,1354.3422305862516,1268.6346406205996,1379.2428668189204,1250.6814818704424,-0.18280992948403788,-76.4269219854752,7.497592165611195,17.1186871271774,-9.621094961566204,52.67101409656878,26.664255010187706,1304.7519287109376,1333.4566772460937,1271.9395825195313,1139.7191339111328,IMPAL.BO,2025-07-29 12:21:48.906311
204,2024-09-26 00:00:00+05:30,1287.6590720728507,1329.4415443888588,1281.9614892321138,1293.98974609375,79,0.0,0.0,2024-09-26,1331.406512451172,39.74576934133742,1371.1522817925093,1291.6607431098346,1410.8980511338468,1251.914973768497,-74.78915315267278,6.472201119159405,42722,136.53941947141124,790.3091055270154,1022.7370513990878,31.407097862398558,1301.7975932382408,1321.6336972443678,1274.1536420876228,1349.2776483949858,1254.3175380814957,1369.1137524011128,1226.6735869308777,-0.20877183171605526,-89.27565509114294,7.771267894034963,19.52396086756895,-11.752692973533986,48.16570680250472,28.187468920509684,1303.25205078125,1331.406512451172,1267.7087451171874,1136.1021801757813,IMPAL.BO,2025-07-29 12:21:48.906311
205,2024-09-25 00:00:00+05:30,1310.1573824988122,1310.1573824988122,1276.7995977981118,1280.8902587890625,271,0.0,0.0,2024-09-25,1330.6833557128907,40.585094523851964,1371.2684502367426,1290.0982611890388,1411.8535447605946,1249.5131666651869,-133.8357342861217,-13.728817653272822,42643,463.6404722921233,953.7515270409165,1022.6424727737402,53.990297682760904,1289.2824130286622,1301.7652282592126,1268.407443558512,1322.6401977293626,1255.9246283279617,1335.123012959913,1235.0496588578117,-0.2101962090715143,-96.1606533099967,10.41148632747445,22.462134110952444,-12.050647783477995,45.58883388236017,29.827854415008513,1305.160986328125,1330.6833557128907,1263.8022338867188,1132.7790490722657,IMPAL.BO,2025-07-29 12:21:48.906311
206,2024-09-24 00:00:00+05:30,1327.542406201299,1329.8797907564804,1289.606987763725,1305.190185546875,578,0.0,0.0,2024-09-24,1332.3463745117188,39.09133285473852,1371.4377073664573,1293.2550416569802,1410.5290402211958,1254.1637088022417,-89.54314806268395,13.934648167327254,42914,1007.6315649254105,1076.2792907281148,1022.3332172213803,58.4889319879252,1308.225654689027,1326.8443216143287,1286.5715186215734,1348.4984576817822,1267.9528516962716,1367.117124607084,1246.2987156288182,-0.19688138407039932,-83.38878304100169,14.924117218059564,25.47479605682194,-10.550678838762376,49.85819259758263,32.085925472148446,1311.9396484375,1332.3463745117188,1259.8879272460938,1129.545698852539,IMPAL.BO,2025-07-29 12:21:48.906311
207,2024-09-23 00:00:00+05:30,1310.9365245117592,1335.6748749782412,1310.9365245117592,1325.2535400390625,136,0.0,0.0,2024-09-23,1330.3936096191405,41.42510702947799,1371.8187166486184,1288.9685025896626,1413.2438236780965,1247.5433955601845,-59.60104007167862,40.021811461410536,43492,240.73431880517253,1093.4412221787907,1021.6089197266871,59.38939397921489,1323.954979843021,1336.9734351742827,1312.2350847078008,1348.693330309503,1299.216629376539,1361.7117856407647,1287.4967342413188,-0.19285300441180242,-72.84362530085777,18.08235462882635,28.112465766512535,-10.030111137686184,53.714155877377735,34.176266555656724,1317.8612548828125,1330.3936096191405,1255.478037109375,1126.0966662597657,IMPAL.BO,2025-07-29 12:21:48.906311
208,2024-09-20 00:00:00+05:30,1322.6239218633916,1322.6239218633916,1308.3555325070427,1310.9365234375,186,0.0,0.0,2024-09-20,1327.2721008300782,44.09868822262458,1371.3707890527028,1283.1734126074537,1415.4694772753273,1239.074724384829,-94.17359197337417,28.80935458799217,43356,325.68273267725766,1306.6179480221954,1021.4258618141985,58.86870313204842,1313.9719926026448,1319.588452698247,1305.320063341898,1328.2403819589938,1299.7036032462959,1333.856842054596,1291.051673985549,-0.19828898038786255,-80.36854833855439,19.875944058852838,30.61999355093408,-10.744049492081242,51.21307818976826,35.835649697674725,1318.474853515625,1327.2721008300782,1250.6870092773438,1122.6032299804688,IMPAL.BO,2025-07-29 12:21:48.906311
209,2024-09-19 00:00:00+05:30,1341.0801169305,1341.0801169305,1273.5854677600294,1303.534423828125,546,0.0,0.0,2024-09-19,1325.0734069824218,46.010802998164365,1371.0842099805861,1279.0626039842575,1417.0950129787507,1233.051800986093,-126.51540193697716,23.617524798701155,43170,950.6382247028397,1551.8517518584297,1021.1869598387859,59.787883403375346,1306.0666695062182,1338.547871252407,1271.0532220819364,1373.5613186766889,1238.5720203357475,1406.0425204228777,1203.5585729114657,-0.19805510541722038,-84.25903973267853,23.28114058443657,33.30600592395439,-10.024865339517817,49.91441735846183,37.914934837147314,1326.0814208984375,1325.0734069824218,1246.229287109375,1119.2711743164064,IMPAL.BO,2025-07-29 12:21:48.906311
210,2024-09-18 00:00:00+05:30,1348.3848395924483,1348.3848395924483,1312.5435559863886,1314.7835693359375,507,0.0,0.0,2024-09-18,1323.4030883789062,47.4187120731637,1370.82180045207,1275.9843763057424,1418.2405125252335,1228.565664232579,-104.8126521660449,51.73022571179005,43716,890.3532602191526,1702.155133647327,1020.5013578742479,60.254852913830256,1325.2373216382582,1337.9310872901278,1302.089803684068,1361.078605244318,1289.3960380321985,1373.7723708961876,1266.2485200780084,-0.20765375631732078,-79.30055798393579,28.017074119107974,35.81222225883384,-7.7951481397258675,51.86331353848751,40.154164987348565,1336.9312255859375,1323.4030883789062,1242.1084252929688,1115.977197265625,IMPAL.BO,2025-07-29 12:21:48.906311
211,2024-09-17 00:00:00+05:30,1331.9251133832606,1343.0767911780886,1331.8763683365019,1334.7982177734375,280,0.0,0.0,2024-09-17,1321.6718994140624,48.37240256974021,1370.0443019838026,1273.2994968443222,1418.4167045535428,1224.927094274582,-62.45983414764923,67.11940287452258,44223,499.19907885524697,1905.1056020043704,1019.8363177750672,61.545524747020714,1336.5837924293426,1341.2912165221833,1330.0907936805966,1347.7842152709293,1325.3833695877559,1352.49163936377,1318.8903708390098,-0.19518170444459434,-66.56622348329239,32.54813266092424,37.761009293765305,-5.212876632841066,55.438371132561954,41.51114854428023,1349.4854736328125,1321.6718994140624,1237.5890966796876,1112.5841473388673,IMPAL.BO,2025-07-29 12:21:48.906311
212,2024-09-16 00:00:00+05:30,1397.6180916288595,1397.6180916288595,1316.5855083672216,1328.321533203125,454,0.0,0.0,2024-09-16,1319.6777465820312,48.62422353672625,1368.3019701187575,1271.053523045305,1416.9261936554838,1222.4292995085787,-32.42512442305722,80.56270296708799,43943,805.4882168277173,2256.582232791651,1019.4427366371162,63.73714924220409,1347.5083777330685,1378.4312470989155,1297.3986638372776,1428.5409609947064,1266.4757944714306,1459.4638303605534,1216.3660805756397,-0.15376923360354527,-69.90704694419476,35.8849674984815,39.06422845197557,-3.1792609534940723,54.495127420339855,42.391660927385246,1363.2571533203125,1319.6777465820312,1232.6397607421875,1108.987596435547,IMPAL.BO,2025-07-29 12:21:48.906311
213,2024-09-13 00:00:00+05:30,1364.942043644267,1373.9998252959326,1345.2195581137034,1348.9693603515625,303,0.0,0.0,2024-09-13,1314.1773620605468,53.56591047088591,1367.7432725314327,1260.6114515896609,1421.3091830023186,1207.045541118775,-7.998240585951323,91.77610035747095,44397,545.9399049898271,2619.3557367826343,1018.8156276612382,64.7708617033793,1356.0629145870662,1366.906271060429,1338.1260038781998,1384.8431817692954,1327.282647404837,1395.6865382426581,1309.3457366959706,-0.12746049368773074,-54.105500159691815,40.251270922453386,39.85904369034909,0.3922272321042968,58.13656255234778,43.339905032267566,1376.1912109375,1314.1773620605468,1227.7413671875,1105.481690673828,IMPAL.BO,2025-07-29 12:21:48.906311
214,2024-09-12 00:00:00+05:30,1387.8785210797423,1387.8785210797423,1332.3633802365525,1357.783447265625,1516,0.0,0.0,2024-09-12,1306.3833251953124,59.273624153106596,1365.656949348419,1247.1097010422059,1424.9305735015255,1187.8360768890993,10.128506256566157,97.44465773507137,44700,2749.348776616852,3137.709694730836,1018.3676598807107,65.50010277400533,1359.34178286064,1386.3201854847275,1330.8050446415377,1414.8569237038298,1303.8266420174502,1441.8353263279173,1275.289903798348,-0.12236600438715184,-49.95420026245509,43.198096557882536,39.76098688232301,3.437109675559526,59.717399066731865,43.50628816787882,1388.1415771484376,1306.3833251953124,1222.5766625976562,1101.7889556884766,IMPAL.BO,2025-07-29 12:21:48.906311
215,2024-09-11 00:00:00+05:30,1431.755147141754,1431.755147141754,1358.7089021372165,1377.5548095703125,1433,0.0,0.0,2024-09-11,1299.2053161621093,61.37671230848703,1360.5820284705962,1237.8286038536223,1421.9587407790834,1176.4518915451351,64.30774153266651,128.19388900746762,46216,2636.6665140012483,3234.7999242593314,1016.0477157262825,72.09480681856152,1389.3396196164276,1419.9703370956388,1346.9240920911013,1462.385864620965,1316.2933746118902,1493.0165821001763,1273.8778470865639,-0.12917499855793113,-40.64219153098578,45.44835571992007,38.90170946343312,6.546646256486952,63.3042782475157,43.6854700062294,1386.57353515625,1299.2053161621093,1216.3682641601563,1098.0119134521485,IMPAL.BO,2025-07-29 12:21:48.906311
216,2024-09-10 00:00:00+05:30,1383.495899862023,1463.846770498149,1383.495899862023,1403.6566162109375,2957,0.0,0.0,2024-09-10,1291.2067504882812,61.051683368039626,1352.2584338563208,1230.1550671202415,1413.3101172243605,1169.1033837522018,123.97125877366724,157.91054012564,47649,5543.860932023178,3384.333276823852,1013.6968688714181,78.49671019678695,1416.9997621903697,1450.5036245187164,1370.1527538825903,1497.3506328264957,1336.6488915542436,1530.8544951548424,1289.8018832464643,-0.10915233091254209,-28.348640505065955,45.69357827282579,37.265047899311384,8.428530373514405,68.33597443158597,43.088834508481355,1369.3540771484375,1291.2067504882812,1210.0174731445313,1094.1363592529297,IMPAL.BO,2025-07-29 12:21:48.906311
217,2024-09-09 00:00:00+05:30,1415.1004360949237,1421.966830331782,1373.2693361423374,1392.9918212890625,1693,0.0,0.0,2024-09-09,1282.3364990234375,56.57757904081568,1338.914078064253,1225.7589199826218,1395.4916571050687,1169.1813409418062,136.06289521934704,145.98808128694958,44692,3149.964435914599,2844.4513630240203,1008.3929169433068,73.02821658516129,1396.0759959210607,1418.882655699784,1370.1851615103394,1444.7734901105052,1347.378501731616,1467.5801498892286,1321.4876673208948,-0.1210713043125298,-25.512848020379575,42.744578034699316,35.15791530593278,7.586662728766534,67.35179876894433,41.65612796663587,1351.60869140625,1282.3364990234375,1202.68841796875,1090.076942138672,IMPAL.BO,2025-07-29 12:21:48.906311
218,2024-09-06 00:00:00+05:30,1387.8786392907566,1441.4458850177682,1365.1855585448013,1408.72119140625,5320,0.0,0.0,2024-09-06,1275.5578063964845,50.40715586362724,1325.9649622601116,1225.1506505328573,1376.372118123739,1174.74349466923,205.63798879148973,158.9923481498633,46385,10010.062886847038,2768.0730948013756,1005.3744343063894,87.13998548640754,1405.1175449896066,1445.0495314344118,1368.789204961445,1481.3778714625735,1328.8572185166397,1521.3098579073787,1292.528878488478,-0.09663611583793141,-16.44638602219156,39.37163968372647,33.26124962374114,6.110390059985328,70.34781340963733,40.46395020125671,1334.4087158203124,1275.5578063964845,1196.0720166015626,1086.219061279297,IMPAL.BO,2025-07-29 12:21:48.906311
219,2024-09-05 00:00:00+05:30,1323.890078814176,1367.4255895580634,1323.890078814176,1349.9432373046875,1436,0.0,0.0,2024-09-05,1268.1874389648438,39.510626787598014,1307.6980657524418,1228.6768121772457,1347.2086925400397,1189.1661853896478,150.58593716543297,113.75985426641427,41065,2589.226679284252,957.5756467899598,995.1754032180393,73.83931153114906,1347.086301892309,1370.282524970442,1326.7470142265545,1390.6218126361964,1303.5507911484215,1413.8180357143294,1283.211503482667,-0.2081932444045833,-10.027902950053742,32.90761186398936,31.733652108744813,1.173959755244546,64.93556452790827,39.180066453925306,1308.1510009765625,1268.1874389648438,1188.7624340820312,1082.1866357421875,IMPAL.BO,2025-07-29 12:21:48.906311
220,2024-09-04 00:00:00+05:30,1299.2491184424491,1302.2197130834895,1280.7440710283513,1291.45751953125,304,0.0,0.0,2024-09-04,1261.1920471191406,36.548195895054434,1297.7402430141951,1224.6438512240861,1334.2884389092494,1188.0956553290318,1.521346534035956,68.40572389181473,39629,524.3893160513252,549.6628886663867,992.7373580233416,61.460807566626734,1291.4737678810304,1302.2034647337096,1280.7278226785713,1312.9494099361686,1269.9981258258922,1323.6791067888478,1259.252180623433,-0.3155694382977008,-41.15352141455253,29.92183518260117,31.44016216993367,-1.5183269873325003,57.822254188974085,38.528226138117965,1294.06767578125,1261.1920471191406,1183.1584423828126,1079.0012536621093,IMPAL.BO,2025-07-29 12:21:48.906311
221,2024-09-03 00:00:00+05:30,1321.1629904071592,1333.2399924978372,1306.991972330981,1314.9296875,63,0.0,0.0,2024-09-03,1257.3960815429687,37.17648446945686,1294.5725660124256,1220.2195970735117,1331.7490504818825,1183.0431126040548,113.1447627967002,93.76676664066339,39933,110.6479076794345,555.981281820152,992.3021333723738,64.72818977852751,1318.3872174429396,1329.782462554898,1303.534442388042,1344.6352376097957,1292.1391972760835,1356.0304827217542,1277.2864222211858,-0.4037793293703497,-27.72360121516128,31.40573216392613,31.819743916766797,-0.4140117528406648,62.55029306552104,38.71841382975789,1298.606298828125,1257.3960815429687,1178.9062744140624,1075.929642944336,IMPAL.BO,2025-07-29 12:21:48.906311
222,2024-09-02 00:00:00+05:30,1302.998772783892,1363.3836630083879,1292.236698360356,1306.991943359375,592,0.0,0.0,2024-09-02,1255.589404296875,35.0505605459389,1290.639964842814,1220.5388437509362,1325.6905253887528,1185.4882832049973,170.65013295497084,99.02953275528718,39870,1033.4625488200513,667.3146253553314,992.2046908491941,61.98268643414535,1320.8707682427064,1349.5048381250567,1278.357873477025,1392.0177328907382,1249.7238035946746,1420.6518027730885,1207.210908828993,-0.3900522591805699,-32.26528950376364,30.518072633034535,31.92324685497696,-1.4051742219424241,61.562971657792154,37.97819395597615,1288.8473388671875,1255.589404296875,1173.6785913085937,1072.6142053222657,IMPAL.BO,2025-07-29 12:21:48.906311
223,2024-08-30 00:00:00+05:30,1309.9625664064467,1309.9625664064467,1275.8743211839742,1277.4326171875,409,0.0,0.0,2024-08-30,1254.0603088378907,33.314141967273635,1287.3744508051643,1220.7461668706171,1320.688592772438,1187.4320249033435,44.616920161669114,75.14251328813974,39278,697.8489587392494,575.7776444891514,991.3087492849194,38.14027999671654,1287.7565015926402,1299.6386820013063,1265.5504367788337,1321.8447468151128,1253.6682563701677,1333.7269272237788,1231.4621915563612,-0.3880706007477507,-41.00910334745049,29.700951934862815,32.27454041046256,-2.573588475599749,57.70852337157881,37.18103409190351,1280.013623046875,1254.0603088378907,1168.2694091796875,1069.3541833496095,IMPAL.BO,2025-07-29 12:21:48.906311
224,2024-08-29 00:00:00+05:30,1311.0338650963627,1315.7088719174933,1269.9818552726342,1279.526611328125,133,0.0,0.0,2024-08-29,1256.2906555175782,36.31893275781729,1292.6095882753955,1219.971722759761,1328.9285210332127,1183.6527900019437,54.8754436930962,78.42002323921996,39687,227.30086554606208,545.2598159266269,990.7450168040453,45.89797918806165,1288.4057795060842,1306.8297037395341,1261.102687094675,1334.1327961509432,1242.678762861225,1352.5567203843932,1215.375670449816,-0.24168274530631675,-39.618416175028344,31.115921164966494,32.9179375293625,-1.8020163643960032,58.09097654568444,37.07081094268806,1277.91962890625,1256.2906555175782,1164.0974194335938,1066.1132373046876,IMPAL.BO,2025-07-29 12:21:48.906311
225,2024-08-28 00:00:00+05:30,1297.4473703660126,1339.1810993945246,1289.9478848751826,1314.150634765625,574,0.0,0.0,2024-08-28,1257.2037353515625,37.15380237058388,1294.3575377221464,1220.0499329809786,1331.5113400927303,1182.8961306103947,119.4484003698478,101.8896526228649,39820,1007.5280998389422,624.749553521768,990.5598789817037,50.82715661875062,1314.426539678444,1338.9051944817054,1289.6719799623634,1363.659754197786,1265.193325159102,1388.1384090010474,1240.4387654430213,-0.32173804378800996,-16.322615114545552,32.2498305114018,33.368441620461496,-1.1186111090596995,64.68478861413692,36.952109089686815,1276.0399169921875,1257.2037353515625,1158.8186962890625,1062.8163677978516,IMPAL.BO,2025-07-29 12:21:48.906311
226,2024-08-26 00:00:00+05:30,1265.6966577903354,1277.432682915135,1251.5256389911358,1266.1348876953125,184,0.0,0.0,2024-08-26,1257.8221923828125,38.238730608945886,1296.0609229917584,1219.5834617738667,1334.2996536007042,1181.3447311649209,29.521613744305498,67.24848473120274,39246,311.17014666640983,529.0549169424744,989.6620672154796,39.758535958901255,1265.0310698671944,1278.536500743253,1252.6294568192538,1290.9381137911937,1239.1240259431952,1304.4435446672524,1226.7224128952546,-0.28223001516015733,-37.75009708100236,29.80300258592615,33.648094397726425,-3.8450918118002733,58.637754730065744,36.13544847430817,1269.241748046875,1257.8221923828125,1152.4104321289062,1058.895302734375,IMPAL.BO,2025-07-29 12:21:48.906311
227,2024-08-23 00:00:00+05:30,1276.6535235992108,1276.6535235992108,1259.998885886724,1262.8233642578125,119,0.0,0.0,2024-08-23,1257.2207763671875,38.195674041628514,1295.416450408816,1219.025102325559,1333.6121244504445,1180.8294282839304,38.74174117304588,71.45498517179237,39062,200.7195597170693,583.5261095114904,989.4159545343299,31.786598424844186,1266.4919245812491,1272.9849632757741,1256.3303255632875,1283.1465622937358,1249.8372868687625,1289.6396009882608,1239.6756878508008,-0.18695985574713167,-40.317176352869396,30.94758430817501,34.60936735067649,-3.661783042501483,58.17941036293229,36.174648939417146,1274.997802734375,1257.2207763671875,1146.2685510253907,1055.4002416992187,IMPAL.BO,2025-07-29 12:21:48.906311
228,2024-08-22 00:00:00+05:30,1309.9138113587787,1309.9625564077273,1265.2096080776755,1266.962646484375,107,0.0,0.0,2024-08-22,1254.9709533691407,39.16129593681253,1294.1322493059533,1215.809657432328,1333.2935452427657,1176.6483614955157,76.57122119662584,85.94690975995026,39181,181.07050566112042,679.2277469600957,989.2584579748678,30.535773207434232,1280.7116036565926,1296.2135992355097,1251.460650905458,1325.4645519866444,1235.9586553265408,1340.9665475655615,1206.707702575406,-0.0617723419349714,-37.10842189143695,32.27022784704741,35.52481311130187,-3.254585264254459,58.93793620482485,35.905013610997884,1266.0958984375,1254.9709533691407,1140.3845935058594,1051.8946850585937,IMPAL.BO,2025-07-29 12:21:48.906311
229,2024-08-21 00:00:00+05:30,1270.030680545047,1294.3794282548831,1267.9854095154947,1270.1280517578125,206,0.0,0.0,2024-08-21,1246.40263671875,52.77892772402222,1299.1815644427722,1193.6237089947278,1351.9604921667944,1140.8447812707057,88.89456713371156,88.03004459811724,39288,349.47398649783327,803.7670572848394,989.1145433124899,26.077465829872196,1277.49762984273,1287.0098501699654,1260.615831430577,1303.8916485821185,1251.1036111033416,1313.4038689093538,1234.2218126911885,-0.025744859015539207,-34.65461281598781,33.06701294878985,36.33845942736548,-3.2714464785756263,59.489397291656196,35.42805098209002,1251.32109375,1246.40263671875,1134.7667346191406,1048.5178637695312,IMPAL.BO,2025-07-29 12:21:48.906311
230,2024-08-20 00:00:00+05:30,1314.8323831804128,1314.8323831804128,1276.0691290682792,1280.1597900390625,190,0.0,0.0,2024-08-20,1236.1225952148438,66.22484635998501,1302.3474415748287,1169.897748854859,1368.5722879348139,1103.6729024948738,156.81236127247246,103.20147604262405,39494,324.87620894542135,917.3403249815909,988.8338921982019,22.890700754910313,1290.3537674292513,1304.6384057902235,1265.8751516780899,1329.117021541385,1251.5905133171177,1343.401659902357,1227.1118975659563,-0.045300499899835756,-36.47092353091013,33.27437952259493,37.156321047009385,-3.881941524414458,61.17099648665791,35.14004077517522,1240.14013671875,1236.1225952148438,1128.4261413574218,1045.215298461914,IMPAL.BO,2025-07-29 12:21:48.906311
231,2024-08-19 00:00:00+05:30,1243.8314165955544,1304.4111728340442,1242.4678629321752,1294.9151611328125,786,0.0,0.0,2024-08-19,1225.7475891113281,74.67716985573544,1300.4247589670636,1151.0704192555927,1375.101928822799,1076.3932493998573,196.68711288926187,102.21508608941804,39684,1359.4523431179405,1065.4563539906333,988.5652926495413,15.89015256612629,1280.5980656330105,1318.7282683338458,1256.7849584319767,1342.5413755348795,1218.6547557311414,1380.6715782357148,1194.8416485301077,-0.03150638853310817,-33.09431219817984,32.047740085258965,38.12680642811299,-6.079066342854027,63.6287425172646,34.562059131002094,1227.6248779296875,1225.7475891113281,1121.824530029297,1041.3835021972657,IMPAL.BO,2025-07-29 12:21:48.906311
232,2024-08-16 00:00:00+05:30,1193.0885188818638,1220.0668810996208,1193.0885188818638,1218.3138427734375,230,0.0,0.0,2024-08-16,1214.634814453125,80.1770401653721,1294.8118546184971,1134.457774287753,1374.9888947838692,1054.2807341223809,-83.5558866460464,51.78241503333486,38898,374.2718299860527,991.9573567088063,987.3923616902747,46.694549038240204,1210.489747584974,1227.8909762880844,1200.9126140703274,1237.468109802731,1183.5113853672171,1254.8693385058414,1173.9342518525705,-0.055323871410258164,-88.10843810754994,28.538517590568745,39.6465730138265,-11.108055423257753,54.89566136185394,34.07579842287089,1213.8921630859375,1214.634814453125,1114.69490234375,1037.6907336425782,IMPAL.BO,2025-07-29 12:21:48.906311
233,2024-08-14 00:00:00+05:30,1214.2232882418439,1219.6287577228156,1188.6084773016705,1193.088623046875,157,0.0,0.0,2024-08-14,1209.8648986816406,82.74330886385395,1292.6082075454947,1127.1215898177866,1375.3515164093485,1044.3782809539327,-126.17826793458374,46.966694356991354,38668,250.1914606933562,1146.3787383894946,987.1333548598391,51.453342872415845,1200.4419526904537,1212.275428079237,1181.2551476580918,1231.4622331115988,1169.4216722693086,1243.295708500382,1150.2348672369467,-0.06686351375932698,-93.52515998423772,31.15731684729667,42.423586869640936,-11.266270022344266,51.32082482504017,34.92591860692377,1221.71298828125,1209.8648986816406,1108.4762170410156,1034.9163751220703,IMPAL.BO,2025-07-29 12:21:48.906311
234,2024-08-13 00:00:00+05:30,1241.9322119935239,1241.9322119935239,1208.720544897467,1214.2232666015625,106,0.0,0.0,2024-08-13,1205.5551696777343,85.84953989190154,1291.4047095696358,1119.7056297858328,1377.2542494615373,1033.8560898939313,-72.73182384405612,67.55432091732851,38825,171.91134633940487,1370.4255578135292,986.9755485948973,62.059883518720106,1221.6253411641844,1234.5301374309017,1201.318470334845,1254.8370082602412,1188.4136740681276,1267.7418045269585,1168.1068032387882,-0.04374671555116636,-69.24773071707916,36.52239485591576,45.240154375227,-8.717759519311237,54.69181732738707,35.85007343651853,1235.3580322265625,1205.5551696777343,1103.69845703125,1032.570146484375,IMPAL.BO,2025-07-29 12:21:48.906311
235,2024-08-12 00:00:00+05:30,1227.6638538206694,1237.3059816469975,1216.6095461898858,1217.58349609375,247,0.0,0.0,2024-08-12,1199.7772155761718,89.06401547979904,1288.8412310559709,1110.7132000963727,1377.90524653577,1021.6491846165737,-76.90488263698751,74.3246149418285,38931,401.6944504680884,1670.0541106820601,986.8579284241491,63.48767002118242,1223.8330079768778,1231.0564697638697,1210.360034306758,1244.5294434339894,1203.136572519766,1251.7529052209813,1189.6635988496464,-0.022197904520810437,-58.85775770145788,40.75650870086929,47.41959425505481,-6.663085554185521,55.22745895047246,36.2181830508447,1234.520458984375,1199.7772155761718,1098.768292236328,1029.9464373779297,IMPAL.BO,2025-07-29 12:21:48.906311
236,2024-08-09 00:00:00+05:30,1251.4767925200697,1261.1189196615057,1225.228892031501,1226.2515869140625,1586,0.0,0.0,2024-08-09,1193.156787109375,92.52470444759702,1285.681491556972,1100.632082661778,1378.2061960045692,1008.107378214181,-62.4003464242982,91.67593741162892,39178,2597.663494878233,1987.144025735553,986.5793206743843,62.37139774348487,1237.533132869023,1249.837373706545,1213.94734607654,1273.4231604990277,1201.643105239018,1285.7274013365497,1178.0573184465352,-0.019460111011955293,-56.74426061355095,45.22900293569501,49.08536564360119,-3.856362707906186,56.55459359153711,36.36500346758261,1234.1114013671875,1193.156787109375,1093.7067041015625,1026.842481689453,IMPAL.BO,2025-07-29 12:21:48.906311
237,2024-08-08 00:00:00+05:30,1257.7588274105772,1266.232143329424,1235.309236394832,1257.41796875,370,0.0,0.0,2024-08-08,1186.0789916992187,95.23440340127345,1281.3133951004922,1090.8445882979452,1376.5477985017656,995.6101848966719,-31.005605288913298,112.59588620077095,40764,621.4146850326038,1834.5141584498829,984.7064751734279,63.50560781807101,1252.9864494914186,1270.6636625880053,1239.7407556534133,1283.9093564260106,1222.0635425568266,1301.5865695225973,1208.8178487188213,0.015140540681166194,-49.14511812458535,49.416187323195345,50.04945632057773,-0.6332689973823875,61.48721480617938,36.25692854661628,1244.6203125,1186.0789916992187,1088.5263879394531,1024.057275390625,IMPAL.BO,2025-07-29 12:21:48.906311
238,2024-08-07 00:00:00+05:30,1185.8327268865296,1266.134847135229,1185.8327268865296,1261.3138427734375,366,0.0,0.0,2024-08-07,1177.4932006835938,96.1999521561292,1273.693152839723,1081.2932485274646,1369.8931049958524,985.0932963713354,-42.337576540194654,109.34946533191666,41134,616.601210975344,2137.7890268042024,984.208418702736,62.711973073903806,1237.7604722650653,1289.688217643601,1209.3860973949018,1318.0625925137647,1157.458352016366,1369.9903378923004,1129.0839771462024,0.016355660877015493,-48.19520671109482,50.95890567905917,50.20777356992332,0.7511321091358525,62.11666465019141,35.83548435479188,1248.4187255859374,1177.4932006835938,1082.657568359375,1021.1084881591797,IMPAL.BO,2025-07-29 12:21:48.906311
239,2024-08-06 00:00:00+05:30,1239.8869891181314,1239.8869891181314,1201.7568260979601,1210.035400390625,563,0.0,0.0,2024-08-06,1168.830029296875,96.0557092185177,1264.8857385153926,1072.7743200783573,1360.9414477339103,976.7186108598396,-36.29488117210188,100.76481756106016,40768,909.9270939754815,2518.085980761417,983.7069026653433,66.29580147838091,1217.226405202239,1232.6959843065179,1194.5658212863466,1255.3565682224103,1179.0962421820677,1270.8261473266891,1156.4356582661753,0.0005513309524922028,-60.69817200011913,51.77826347056043,50.01999054263935,1.7582729279210838,56.70525771371332,35.382777957417275,1260.5638671875,1168.830029296875,1076.7213732910157,1018.3603588867187,IMPAL.BO,2025-07-29 12:21:48.906311
240,2024-08-05 00:00:00+05:30,1266.1348572470374,1269.9819117571412,1207.6978638356359,1215.5382080078125,1513,0.0,0.0,2024-08-05,1163.2028259277345,96.80835784440372,1260.011183772138,1066.3944680833308,1356.819541616542,969.5861102389271,-2.0632174019461904,123.53869836696616,41331,2456.4485280042913,2920.1257024579004,983.0750481332265,68.45681342014791,1231.0726612001965,1254.4474585647572,1192.1634106432518,1293.356709121702,1168.7886132786912,1316.7315064862626,1129.8793627217465,0.001637800018244144,-59.3564500321185,57.09292021903889,49.580422310659074,7.512497908379814,57.523605810460786,35.20507809784552,1278.1144287109375,1163.2028259277345,1071.709150390625,1015.9357171630859,IMPAL.BO,2025-07-29 12:21:48.906311
241,2024-08-02 00:00:00+05:30,1266.3782820923132,1294.1845976382563,1265.745190916925,1278.796142578125,378,0.0,0.0,2024-08-02,1156.8667724609375,97.34816290604323,1254.2149353669806,1059.5186095548943,1351.563098273024,962.170446648851,46.04479891449985,183.68511350558046,42844,645.644184034599,3036.0449960713026,981.3177998374799,70.48088230126862,1279.5753103777688,1293.4054298386127,1264.9660231172813,1308.0147170991002,1251.1359036564374,1321.844836559944,1236.52661639595,0.024892333785713847,-43.93258527656411,62.49030393897306,47.702297833564124,14.788006105408932,68.00552366956728,34.8575888672687,1300.3107421875,1156.8667724609375,1066.5916650390625,1013.5317663574219,IMPAL.BO,2025-07-29 12:21:48.906311
242,2024-08-01 00:00:00+05:30,1282.691963208733,1310.9365090956373,1265.1608657616887,1276.4100341796875,824,0.0,0.0,2024-08-01,1147.2935363769532,94.08621142889214,1241.3797478058452,1053.2073249480611,1335.4659592347375,959.1211135191688,59.22773993666504,208.996884971887,42466,1404.8098612837118,3633.645199080478,980.7549297264748,71.65587815699581,1284.1691363456712,1303.1774069296537,1257.401763595705,1329.9447796796198,1238.3934930117225,1348.9530502636023,1211.6261202617563,0.01733615838015118,-44.5143781137723,62.22381978273734,44.005296307211886,18.21852347552545,67.79967935471794,32.824183306124304,1295.3728271484374,1147.2935363769532,1060.0920874023439,1010.4291015625,IMPAL.BO,2025-07-29 12:21:48.906311
243,2024-07-31 00:00:00+05:30,1297.3012008017035,1334.3112951188693,1267.1087554377,1322.03955078125,1200,0.0,0.0,2024-07-31,1137.6431274414062,89.95336729654879,1227.596494737955,1047.6897601448575,1317.5498620345038,957.7363928483087,87.7957115698649,252.74628479797823,43290,2118.9749362408547,4190.854033529669,979.5304019251706,74.85421720925697,1307.8198671126065,1348.530978787513,1281.3284391063437,1375.0224067937759,1240.6173274314372,1415.7335184686824,1214.1258994251743,0.03114550144014867,-33.38876205146546,61.17484968584631,39.45066543833052,21.724184247515794,76.52848607301159,30.634361932584184,1283.656201171875,1137.6431274414062,1053.9641931152344,1007.3359210205078,IMPAL.BO,2025-07-29 12:21:48.906311
244,2024-07-30 00:00:00+05:30,1326.5197293107997,1348.8718313785027,1286.4904132396262,1297.7882080078125,2602,0.0,0.0,2024-07-30,1126.0778564453126,79.22780633195885,1205.3056627772714,1046.8500501133537,1284.5334691092303,967.6222437813949,114.88569151363144,278.455271265932,42090,4510.360361362134,4708.8238078518725,977.451964612264,77.84929514338035,1311.0501508753139,1335.6098885110016,1273.228470372125,1373.4315690141905,1248.6687327364373,1397.9913066498782,1210.8470522332484,0.011665160435315266,-39.30184526575106,54.4111424012508,34.019619376451566,20.391523024799234,74.93608392189918,28.220425681444766,1238.3675537109375,1126.0778564453126,1046.685050048828,1003.8104071044922,IMPAL.BO,2025-07-29 12:21:48.906311
245,2024-07-29 00:00:00+05:30,1256.3953819779047,1458.9769629479854,1235.8450626864176,1326.519775390625,6724,0.0,0.0,2024-07-29,1113.556622314453,69.90208777237035,1183.4587100868234,1043.6545345420827,1253.3607978591938,973.7524467697124,191.01506661869973,337.27091912684483,44692,11913.56008033602,4758.439669474306,973.1807709268804,87.39270663910192,1340.4472670083426,1445.0494713302676,1221.9175710686998,1563.5791672699104,1117.3153667467748,1668.1813715918354,998.785670807132,0.06647757843439633,-32.29637136689928,47.31552603879277,28.92173862025175,18.393787418541017,80.98015339394853,25.081823119756613,1191.7153564453124,1113.556622314453,1039.7212854003906,1000.6960961914062,IMPAL.BO,2025-07-29 12:21:48.906311
246,2024-07-26 00:00:00+05:30,1246.6070820884677,1266.13482443689,1174.6809083398757,1254.1065673828125,1966,0.0,0.0,2024-07-26,1100.231396484375,49.63120611881036,1149.8626026031852,1050.6001903655647,1199.4938087219957,1000.9689842467542,185.9652776673229,231.02132847716587,37968,3293.1998083231047,2969.659566758877,960.5717006066759,82.78687806823031,1231.6407667198594,1288.600625099843,1197.1467090028286,1323.0946828168737,1140.186850622845,1380.0545411968574,1105.6927929058143,0.154407884896065,-5.5356260198335985,34.68446093796274,24.3232917656165,10.36116917234624,76.55451516185813,21.701789591784756,1140.9433349609376,1100.231396484375,1032.1531774902344,997.1760992431641,IMPAL.BO,2025-07-29 12:21:48.906311
247,2024-07-25 00:00:00+05:30,1105.53044013499,1266.134792605921,1105.53044013499,1217.826904296875,5351,0.0,0.0,2024-07-25,1089.3862609863281,36.08793279665427,1125.4741937829824,1053.2983281896738,1161.5621265796367,1017.2103953930196,259.3527471578138,198.1092314067763,36002,8704.035248265265,2888.7745063678203,957.4766896761614,81.6819757572814,1196.4973790125953,1287.4643178902006,1126.8599654192697,1357.1017314835262,1035.8930265416643,1448.0686703611316,966.2556129483387,0.09180604465219484,-22.23218554929305,25.11895169694276,21.732999472529936,3.385952224412822,73.70827142581257,19.467384474290327,1104.653955078125,1089.3862609863281,1026.096591796875,994.6955700683594,IMPAL.BO,2025-07-29 12:21:48.906311
248,2024-07-24 00:00:00+05:30,1048.8467162630081,1097.9824432781882,1048.8467162630081,1095.5963134765625,885,0.0,0.0,2024-07-24,1081.6035034179688,20.231090280167848,1101.8345936981366,1061.372413137801,1122.0656839783046,1041.141322857633,-41.47977704251063,55.78957531067046,30651,1295.072134001647,1434.9593208934587,949.7843641534845,75.26256779020878,1080.8084910059197,1112.7702657488312,1063.6345387336512,1129.9442180210997,1031.6727639907397,1161.9059927640112,1014.4988117184712,-0.02357249308712108,-56.023825726226576,16.064608174146997,20.886511416426732,-4.821903242279735,57.608631879333515,17.06110238259619,1085.6716796875,1081.6035034179688,1020.7713500976563,992.7594653320313,IMPAL.BO,2025-07-29 12:21:48.906311
249,2024-07-23 00:00:00+05:30,1066.4751214448836,1081.0843696838547,1063.5532717970893,1064.5272216796875,802,0.0,0.0,2024-07-23,1078.985791015625,21.66174908052752,1100.6475400961524,1057.3240419350975,1122.30928917668,1035.6622928545698,-110.22884055655862,43.730044266645606,29766,1140.3318791802951,1469.9311176164115,949.0683385009509,66.19981423545494,1069.7216210535437,1075.889970309998,1058.3588724232327,1087.252718940309,1052.1905231667783,1093.4210681967634,1040.8277745364674,-0.09336547756680172,-85.32783705021457,16.26676278750506,22.091987226996665,-5.825224439491606,50.44634979446264,17.489013243983507,1087.9312255859375,1078.985791015625,1017.8255456542969,992.34998046875,IMPAL.BO,2025-07-29 12:21:48.906311
250,2024-07-22 00:00:00+05:30,1064.6733265728608,1090.4829981861453,1048.9440123587674,1072.65966796875,1306,0.0,0.0,2024-07-22,1079.2466125488281,21.509364464749773,1100.7559770135779,1057.7372480840784,1122.2653414783276,1036.2278836193286,-127.05979022776016,47.061306653935056,30568,1871.1355678680643,1552.3309272254405,948.552242055129,71.07636290419313,1070.6955595045542,1092.447106650341,1050.9081208229632,1112.2345453319322,1029.1565736771763,1133.986092477719,1009.3691349955852,-0.06624660402036468,-77.67084068468942,19.33895064691319,23.548293336869566,-4.209342689956376,52.6059505458006,18.496797416759794,1094.7586181640625,1079.2466125488281,1015.4474475097657,991.9770654296875,IMPAL.BO,2025-07-29 12:21:48.906311
251,2024-07-19 00:00:00+05:30,1113.3220751330755,1113.3220751330755,1067.4490599305561,1072.65966796875,108,0.0,0.0,2024-07-19,1079.556085205078,21.454060010719935,1101.010145215798,1058.102025194358,1122.4642052265178,1036.6479651836382,-71.1110551799365,66.01074129649444,31874,154.73402858327026,1472.6297670647846,947.6422389209387,73.35294296354304,1084.4769343441274,1101.5048087576986,1055.6317935551792,1130.3499495466467,1038.603919141608,1147.377823960218,1009.7587783526599,-0.04228619491815709,-64.87862881289651,22.1783449286429,24.60062900935866,-2.422284080715759,52.6059505458006,19.58210344898041,1097.261669921875,1079.556085205078,1013.1693200683594,991.663720703125,IMPAL.BO,2025-07-29 12:21:48.906311
252,2024-07-18 00:00:00+05:30,1107.7219321717932,1155.1533652282296,1096.37539167783,1122.91552734375,3304,0.0,0.0,2024-07-18,1078.6003784179688,22.19053605080564,1100.7909144687744,1056.4098423671633,1122.9814505195802,1034.2193063163575,195.90380362716434,117.09495339491255,31982,4955.497389144198,1802.1037016851628,947.5663882061472,74.79615984666366,1124.8147614166032,1153.2541311553764,1094.4761576049768,1183.5927349670028,1066.0367878662037,1212.032104705776,1035.6981840545773,-0.07276773929859238,-25.354018395594945,25.47759450254489,25.206200029537598,0.271394473007291,68.15964738921296,20.091723044378245,1099.6688720703125,1078.6003784179688,1010.8950280761719,991.3067651367187,IMPAL.BO,2025-07-29 12:21:48.906311
253,2024-07-16 00:00:00+05:30,1104.6539106798025,1109.2801726279781,1090.8726149359518,1106.89404296875,761,0.0,0.0,2024-07-16,1074.2812438964843,21.507312193268003,1095.7885560897523,1052.7739317032162,1117.2958682830204,1031.2666195099482,107.65603737697269,96.58256398857127,28678,1125.0992438252024,1013.7552798204039,944.2501493782538,63.47097600265895,1102.3489435108934,1113.825272085835,1095.4177143938086,1120.7565012029197,1083.941385818867,1132.2328297778613,1077.0101567017823,-0.09847048600312899,-29.951490145721486,24.366168874585355,25.13835141128577,-0.7721825367004165,65.10610809520891,19.465157704544094,1092.2261962890625,1074.2812438964843,1007.4986853027344,990.3499670410156,IMPAL.BO,2025-07-29 12:21:48.906311
254,2024-07-15 00:00:00+05:30,1104.4591386676702,1104.4591386676702,1063.6506158506422,1098.6641845703125,811,18.0,0.0,2024-07-15,1072.3781982421874,20.108103505966337,1092.4863017481537,1052.2700947362212,1112.5944052541201,1032.1619912302547,-16.666363548559026,85.22140061311984,27917,1190.1068288887527,985.9192888192042,943.5385747464971,63.1800317047799,1088.924646362875,1114.1986768751076,1073.3901540580796,1129.733169179903,1048.116123545847,1155.0071996921356,1032.5816312410516,-0.07954158687052507,-36.87607872622171,24.151896359438524,25.33139704546087,-1.1795006860223474,63.43322761797785,20.163566939274112,1088.457470703125,1072.3781982421874,1004.495615234375,989.2960363769531,IMPAL.BO,2025-07-29 12:21:48.906311
255,2024-07-12 00:00:00+05:30,1088.912966759937,1102.2356647161148,1084.983280398819,1085.1749267578125,138,0.0,0.0,2024-07-12,1068.22451171875,22.793366161146096,1091.017877879896,1045.4311455576037,1113.811244041042,1022.6377793964577,30.592679876672978,92.0661974676868,27106,200.02255154618152,934.872403801817,942.8119134540169,64.60073447962456,1090.7979572909155,1096.612634183012,1079.3602498657162,1108.0503416082113,1073.5455729736198,1113.8650185003078,1062.1078655484205,-0.11047815428383348,-48.22591685048336,24.32214114277963,25.62627221696646,-1.3041310741868308,60.55493024692092,21.08720254052559,1088.222900390625,1068.22451171875,1001.7558642578125,988.7609851074219,IMPAL.BO,2025-07-29 12:21:48.906311
256,2024-07-11 00:00:00+05:30,1081.6286350085634,1104.8234601333388,1076.8842761876558,1084.6956787109375,938,0.0,0.0,2024-07-11,1063.65263671875,27.828593505917727,1091.4812302246678,1035.8240432128323,1119.3098237305855,1007.9954497069145,31.035061989462147,94.91512870526846,26968,1358.9731437129938,1118.5848668657259,942.6983469547804,59.991410026908824,1088.8011383439773,1100.7180005002988,1072.7788165546158,1116.7403222896603,1060.8619543982943,1128.6571844459818,1044.8396326089328,-0.09016809305367379,-48.629155325795125,25.500076276579648,25.952304985513162,-0.4522287089335144,60.45207716369879,21.134562859015322,1088.9513427734375,1063.65263671875,999.2034704589844,988.0660961914062,IMPAL.BO,2025-07-29 12:21:48.906311
257,2024-07-10 00:00:00+05:30,1088.8651324168811,1091.8363530337483,1053.4497504667897,1085.7021484375,287,0.0,0.0,2024-07-10,1057.3698944091798,35.8546368261712,1093.224531235351,1021.5152575830086,1129.079168061522,985.6606207568374,-2.9049078950222853,85.60270436291168,27906,416.1910338388953,1058.4877976539087,941.9242092004284,59.45574514742013,1076.996083979346,1100.5424174919021,1062.1558149249436,1115.3826865463045,1038.6094814123874,1138.9290200588607,1023.769212357985,-0.10847446124838207,-47.78231344374074,26.66902407709813,26.06536216274654,0.6036619143515907,60.7616405085578,21.185566278927343,1089.4784912109376,1057.3698944091798,996.7152954101563,987.6884619140625,IMPAL.BO,2025-07-29 12:21:48.906311
258,2024-07-09 00:00:00+05:30,1142.4913235661306,1142.4913235661306,1086.181453381978,1088.0504150390625,177,0.0,0.0,2024-07-09,1051.516061401367,40.270826870474316,1091.7868882718415,1011.2452345308927,1132.0577151423158,970.9744076604185,100.449788498424,127.63196859426426,28193,257.23046994099997,1219.061988607662,941.6839752290541,68.31530668662704,1105.574397329057,1124.9673412761363,1068.6574710919836,1161.8842675132098,1049.2645271449044,1181.277211460289,1012.3476009078308,-0.13410360867395485,-45.80648599861277,27.66243334746241,25.91444668415864,1.7479866633037702,61.44140938604441,21.629389173626546,1089.0184326171875,1051.516061401367,994.5194506835937,987.8188122558594,IMPAL.BO,2025-07-29 12:21:48.906311
259,2024-07-08 00:00:00+05:30,1105.1110894698968,1119.871486484717,1083.0663756296474,1097.4913330078125,1314,0.0,0.0,2024-07-08,1046.417025756836,41.82766277644371,1088.2446885332797,1004.5893629803923,1130.0723513097234,962.7617002039485,102.12645115693483,130.2292601302254,28370,1926.1787633220806,1459.5198682743276,941.5329940538903,61.81250550530859,1100.1430650407256,1117.2197544518037,1080.414643596734,1136.9481758957952,1063.337954185656,1154.0248653068734,1043.6095327416645,-0.08564927318691802,-22.802710502138925,28.283901788192225,25.477450018332696,2.806451769859528,64.11703063283498,20.55566981300023,1089.55517578125,1046.417025756836,992.3130615234375,988.0023571777343,IMPAL.BO,2025-07-29 12:21:48.906311
260,2024-07-05 00:00:00+05:30,1091.6445659554865,1101.7564268515143,1083.0663439253685,1088.817138671875,1074,0.0,0.0,2024-07-05,1039.1973785400392,44.89685907486969,1084.094237614909,994.3005194651695,1128.9910966897785,949.4036603902998,93.1115135696852,128.62979692413032,27056,1561.9220483535764,1342.8551445123892,940.3294817715636,61.11677463688412,1091.213303149586,1099.3602623738034,1080.6701794476576,1109.9033860757318,1072.5232202234401,1118.0503452999492,1061.9800965215118,-0.11904832640908354,-23.0345630272593,27.72123837389836,24.775837075867813,2.9454012980305464,62.73298471746177,20.025256256782153,1079.5296142578125,1039.1973785400392,989.8459692382812,988.1279138183594,IMPAL.BO,2025-07-29 12:21:48.906311
261,2024-07-04 00:00:00+05:30,1073.0503748549852,1108.896900226056,1073.0024047675051,1087.3314208984375,1240,0.0,0.0,2024-07-04,1032.260482788086,47.47095822768832,1079.7314410157742,984.7895245603976,1127.2023992434627,937.3185663327093,102.55137809942717,137.80178295354173,25982,1800.8757462208366,1288.0884185520924,939.3869648774906,58.74952349171311,1089.7435752973329,1106.4847458271606,1070.5902503686098,1125.6380707558837,1053.849079838782,1142.3792412857115,1034.695754910059,-0.1074717024336485,-19.003422124096456,27.435116651199223,24.039486751360172,3.395629899839051,62.50217681828716,20.032637605530514,1073.76923828125,1032.260482788086,987.5791979980469,988.3316552734375,IMPAL.BO,2025-07-29 12:21:48.906311
262,2024-07-03 00:00:00+05:30,1090.734142657309,1102.2357329138008,1063.5136889835662,1083.40185546875,1371,0.0,0.0,2024-07-03,1024.8156005859375,49.988663308361595,1074.804263894299,974.826937277576,1124.7929272026608,924.8382739692144,95.03628670905778,140.74890595421692,24742,1983.9337048391067,1159.8915866349064,938.2947468432569,56.16444622419672,1083.0504257887058,1102.5871625938453,1063.8651186636107,1121.7724697189403,1044.3283818584712,1141.3092065240799,1025.1430747333761,-0.09346085333505727,-12.851549332355672,26.799431246776066,23.190579276400406,3.6088519703756603,61.92462379949318,20.04058675033644,1063.7437255859375,1024.8156005859375,985.3354321289063,988.3529040527344,IMPAL.BO,2025-07-29 12:21:48.906311
263,2024-07-02 00:00:00+05:30,1069.8874987449713,1101.4210484238156,1069.8874987449713,1090.734130859375,378,0.0,0.0,2024-07-02,1016.0144866943359,54.42916248040816,1070.443649174744,961.5853242139277,1124.8728116551522,907.1561617335196,144.08503368973197,162.25708469483618,26113,550.694613840193,953.8810570838561,937.1005536039729,57.296979388448015,1087.3475593427206,1104.80761994047,1073.2740702616256,1118.881109021565,1055.8140096638763,1136.3411696193143,1041.7405205827813,-0.1304817578090137,-7.697205750283175,25.966511964540246,22.28836628380649,3.6781456807337563,63.62176611896079,20.258498447914015,1059.497705078125,1016.0144866943359,983.2220141601563,987.9031970214844,IMPAL.BO,2025-07-29 12:21:48.906311
264,2024-07-01 00:00:00+05:30,1064.3762937051376,1068.6893898975493,1028.0025626158883,1047.363525390625,905,0.0,0.0,2024-07-01,1009.1878112792969,53.1106092428814,1062.2984205221783,956.0772020364154,1115.4090297650596,902.966592793534,-69.70857098151419,110.89636814817067,25735,1266.0362780638866,1054.677667894772,936.7511616057385,57.29978224456303,1048.0184926346876,1068.034422653487,1027.347595371826,1088.7053199163486,1007.3316653530267,1108.7212499351479,986.660768090165,-0.11998540614602522,-36.72223141094273,23.78457285313823,21.36882986362305,2.4157429895151807,57.17305808337851,20.212409630788336,1049.9992919921874,1009.1878112792969,981.0012487792969,987.4847863769531,IMPAL.BO,2025-07-29 12:21:48.906311
265,2024-06-28 00:00:00+05:30,1045.4945947784327,1061.2133411001855,1035.5265265498444,1060.0152587890625,434,0.0,0.0,2024-06-28,1005.2053863525391,53.0835547945337,1058.2889411470728,952.1218315580054,1111.3724959416065,899.0382767634717,-9.447283347751457,128.50166002607125,26640,614.4718222250624,1001.8380153524932,936.1455999316191,64.77437921463448,1052.2517088130307,1068.976891076217,1043.290076525876,1077.9385233633718,1026.5648942626897,1094.663705626558,1017.6032619755349,-0.08665391386961094,-28.255278215971448,24.902004789202806,20.76489411624425,4.137110672958556,60.05647444001234,21.224445061587904,1054.4753173828126,1005.2053863525391,979.6555627441406,987.4278002929688,IMPAL.BO,2025-07-29 12:21:48.906311
266,2024-06-27 00:00:00+05:30,1069.1207004712205,1069.6479034961528,1023.641542055458,1037.203857421875,410,0.0,0.0,2024-06-27,1000.4298278808594,52.181750333389694,1052.6115782142492,948.2480775474697,1104.7933285476388,896.06632721408,-13.738790228813796,123.98718124423141,26206,567.9996993431524,1098.6795636343509,935.8195361984402,66.83585596749734,1043.4977676578285,1063.3539932601989,1017.3476318195042,1089.5041290985232,997.4914062171337,1109.3603547008938,971.3412703788093,-0.11985356583302849,-43.16150578765577,24.70934913342103,19.73061644800461,4.978732685416418,56.372409845363464,21.99593909938542,1058.24208984375,1000.4298278808594,978.2552453613281,987.6166418457032,IMPAL.BO,2025-07-29 12:21:48.906311
267,2024-06-26 00:00:00+05:30,1078.2740251723492,1102.2356701761792,1045.877834327083,1062.1717529296875,702,0.0,0.0,2024-06-26,996.9314239501953,51.931384554477205,1048.8628085046726,945.0000393957181,1100.7941930591496,893.0686548412409,65.69510061424435,193.05669695406826,26616,995.9372719597701,1231.3495297071504,935.5667904808266,69.48031364204871,1070.0950858109834,1094.3123372948837,1037.9545014457876,1126.4529216600795,1013.7372499618873,1150.6701731439798,981.5966655966915,-0.11704408468966132,-25.930549289844606,26.33488484311397,18.485933276650503,7.848951566463466,62.20430722041881,22.82677883239813,1061.5104248046875,996.9314239501953,977.4654663085937,988.4706164550781,IMPAL.BO,2025-07-29 12:21:48.906311
268,2024-06-25 00:00:00+05:30,1073.9129713889442,1079.3283266224196,1035.1430761249098,1043.2420654296875,609,0.0,0.0,2024-06-25,992.0216857910157,50.046341138505056,1042.0680269295208,941.9753446525106,1092.1143680680257,891.9290035140056,40.99032544694464,180.19400915331926,25914,848.5989865385945,1290.2025941439956,935.0240718792029,67.91916779128157,1052.5711560590055,1069.9992359931011,1025.8139854955914,1096.7564065565152,1008.3859055614957,1114.1844864906109,981.6287349980817,-0.12720101543042953,-23.291911200306366,25.5580903253134,16.523695385034635,9.034394940278766,59.235567956765834,22.78671340758637,1056.3826416015625,992.0216857910157,976.3661059570312,988.9098999023438,IMPAL.BO,2025-07-29 12:21:48.906311
269,2024-06-24 00:00:00+05:30,1071.708554027159,1082.7787637793979,1063.5615947548515,1069.74365234375,678,0.0,0.0,2024-06-24,988.0847869873047,48.888593193917934,1036.9733801812226,939.1961937933868,1085.8619733751407,890.3076005994689,83.98976855203571,255.47756715539688,26523,968.7451424516701,1400.603496045346,934.620127372683,63.81835804468881,1072.0280036259999,1080.4944124971482,1061.2772434726019,1091.2451726505462,1052.8108346014535,1099.7115815216946,1042.0600744480555,-0.13003974833332907,-5.920756748577706,26.040601562745906,14.265096649964942,11.775504912780963,65.97148245864975,23.43198247213033,1061.5008544921875,988.0847869873047,975.6108374023438,988.93740234375,IMPAL.BO,2025-07-29 12:21:48.906311
270,2024-06-21 00:00:00+05:30,1067.9225871684482,1080.957816132092,1063.7532841838554,1078.84912109375,811,0.0,0.0,2024-06-21,982.5688171386719,45.28072301527137,1027.8495401539433,937.2880941234005,1073.1302631692147,892.0073711081292,108.97403074359103,310.1284858345866,27201,1168.6425428134362,1508.568084443765,934.0562637017774,62.875295021129915,1074.5200738032324,1085.2868634226095,1068.082331474373,1091.724605751469,1057.315541854996,1102.491395370846,1050.8777995261364,-0.09079132055685901,-1.3339062824558388,23.653802821213844,11.321220421769702,12.332582399444142,68.45642317720718,22.759416709166704,1050.67021484375,982.5688171386719,974.8440649414063,988.5957458496093,IMPAL.BO,2025-07-29 12:21:48.906311
271,2024-06-20 00:00:00+05:30,1047.6030912264623,1081.7724194775792,1039.0248693472472,1053.5455322265625,2328,0.0,0.0,2024-06-20,976.6095581054688,39.40412397720245,1016.0136820826712,937.2054341282663,1055.4178060598736,897.8013101510638,109.88294884152354,310.7729760280287,26390,3275.9435652097613,1593.549469851347,933.3298990977537,57.23590924534988,1058.1142736837962,1077.2036780203453,1034.4561278900132,1100.8618238141282,1015.3667235534642,1119.9512281506773,991.7085777596812,-0.12709077511769434,-12.879979151831813,19.34283549764325,8.238074821908665,11.104760675734585,65.0627850372269,22.08380424567853,1033.6478759765625,976.6095581054688,972.9530114746094,988.6880285644531,IMPAL.BO,2025-07-29 12:21:48.906311
272,2024-06-19 00:00:00+05:30,1071.5648102015095,1079.2805070213867,1021.7245864712066,1036.5328369140625,1227,0.0,0.0,2024-06-19,971.62314453125,35.24655491957644,1006.8696994508264,936.3765896116736,1042.1162543704029,901.1300346920971,124.06449869288454,314.2030864291342,24062,1698.7432868250005,1172.9509460117433,931.5734724652045,44.67851380218409,1045.8459768022187,1069.9673671332307,1012.4114465830507,1103.401897352399,988.2900562520387,1127.523287683411,954.8555260328707,-0.11139217944794168,-19.73018317965912,16.022437820330424,5.461884652975018,10.560553167355407,62.54720625932892,21.356221592691263,1014.7469360351563,971.62314453125,971.5498193359375,988.0542144775391,IMPAL.BO,2025-07-29 12:21:48.906311
273,2024-06-18 00:00:00+05:30,1035.1430345705876,1073.4816654806093,1035.1430345705876,1068.8331298828125,1121,0.0,0.0,2024-06-18,968.2972686767578,31.765722150690863,1000.0629908274486,936.5315465260669,1031.8287129781395,904.765824375376,198.20246098344637,427.7718189027493,25289,1600.3524730330034,1041.502860808429,930.7589385665729,50.187033503830364,1059.152609978003,1083.1621853854185,1044.8235544753968,1097.4912408880248,1020.8139790679813,1121.5008162954402,1006.4849235653751,-0.11370503472028427,-2.20453454483275,13.20405112302717,2.821746361136165,10.382304761891005,71.64291184644881,20.631303885411185,1001.1654663085938,968.2972686767578,970.4389575195313,987.8720446777344,IMPAL.BO,2025-07-29 12:21:48.906311
274,2024-06-14 00:00:00+05:30,996.2294895336561,1026.4211656768239,995.4148169107917,1015.5904541015625,354,0.0,0.0,2024-06-14,962.759732055664,21.22034641844392,983.9800784741079,941.5393856372201,1005.2004248925518,920.3190392187762,158.6201790315266,257.26126924375325,24168,480.19982560598464,901.7904577522851,929.7729958928302,47.3104942196513,1012.4754788963927,1029.5361408819936,998.5297921159615,1043.4818276624248,981.4691301303606,1060.5424896480258,967.5234433499294,-0.24004396883257018,-6.612077222475451,6.214511254208446,0.22617017066341316,5.988341083545033,63.52427171261211,19.25752924143285,984.6127807617188,962.759732055664,968.1290551757812,987.5285559082031,IMPAL.BO,2025-07-29 12:21:48.906311
275,2024-06-13 00:00:00+05:30,1015.0153215424657,1015.0153215424657,955.6862628227999,993.7374267578125,570,0.0,0.0,2024-06-13,959.4602081298829,17.35104391819578,976.8112520480786,942.1091642116871,994.1622959662744,924.7581202934913,123.9181650248108,139.18416883746212,23814,756.5656656402373,1007.1881157888602,929.5790445144202,50.900622095088636,988.1463370410261,1020.6064112592522,961.2773525395864,1047.4753957606918,928.8172783213603,1079.935469978918,901.9482938199207,-0.23278482289453156,-13.962229775123577,2.415219775553055,-1.2709151002228452,3.6861348757759003,59.0571424503435,18.902377623738406,972.1143676757813,959.4602081298829,966.8140393066407,987.6195324707031,IMPAL.BO,2025-07-29 12:21:48.906311
276,2024-06-12 00:00:00+05:30,974.6638714758133,983.4817098191006,952.8108049725821,959.0408325195312,1281,0.0,0.0,2024-06-12,957.1790557861328,15.508644036911896,972.6876998230447,941.670411749221,988.1963438599566,926.161767712309,40.93771482490114,8.529251069477287,23244,1640.916015732635,1069.8437283260157,929.3447157910839,37.62432807564291,965.1111157704046,977.4114265682271,946.7405217217085,995.7820206169231,934.4402109238861,1008.0823314147456,916.06961687519,-0.2783125936419904,-35.9236016149343,-0.33342676971301444,-2.19244881916682,1.8590220494538054,50.03312093894255,18.8507509090701,963.3827270507812,957.1790557861328,965.3801733398437,987.8267993164062,IMPAL.BO,2025-07-29 12:21:48.906311
277,2024-06-11 00:00:00+05:30,1005.814007130846,1005.814007130846,960.191001165919,968.62548828125,421,0.0,0.0,2024-06-11,956.7908782958984,15.556677082121514,972.3475553780199,941.2342012137769,987.9042324601414,925.6775241316554,97.93813944294796,72.72192586320965,24525,544.6758433310429,927.0756564743608,929.0989476800567,43.78754690899777,978.210165526005,996.2293298860909,950.606323921164,1023.8331714909319,932.587159561078,1041.8523358510179,904.983317956237,-0.27218213981773587,-29.554177136319183,-0.4303865235987132,-2.657204331530271,2.2268178079315577,53.029456864985576,19.844719705317992,959.2613159179688,956.7908782958984,964.5319323730469,988.1133044433594,IMPAL.BO,2025-07-29 12:21:48.906311
278,2024-06-10 00:00:00+05:30,959.5680982950666,992.0121435512635,953.4818051162065,986.0697021484375,892,0.0,0.0,2024-06-10,955.9378448486328,15.339824696066897,971.2776695446997,940.5980201525659,986.6174942407666,925.258195456499,94.17573856175564,59.40421389859787,24946,1174.8234188857496,1022.6756097601902,928.991144764876,40.08410830059685,977.1878836053025,1000.8939620943986,962.3636236593416,1015.7182220403596,938.6575451702455,1039.4243005294556,923.8332852242845,-0.2619328922470095,-17.961731295996504,-1.4919467528549148,-3.21390878351316,1.7219620306582453,59.00256057141819,20.60322219240345,947.0121337890625,955.9378448486328,963.4047766113281,988.468974609375,IMPAL.BO,2025-07-29 12:21:48.906311
279,2024-06-07 00:00:00+05:30,956.9801633549496,961.5807873682272,951.5648083340436,953.098388671875,1275,0.0,0.0,2024-06-07,954.0496643066406,13.668836116841135,967.7185004234817,940.3808281897994,981.3873365403228,926.7119920729583,-7.436851043107584,-49.77654753849658,24054,1623.1103456281974,984.6386574788003,928.6593921540327,38.422340798883376,955.4146614580486,959.2645145820536,949.24853554787,965.4306404922322,945.398682423865,969.2804936162372,939.2325565136864,-0.3087745430097814,-42.874439768457485,-4.546451037036945,-3.644399291177721,-0.9020517458592243,48.8982573719846,21.913146807588898,940.6383178710937,954.0496643066406,962.2689929199219,988.3686846923828,IMPAL.BO,2025-07-29 12:21:48.906311
280,2024-06-06 00:00:00+05:30,953.865175240375,961.3891083654435,947.730970724316,950.0792236328125,161,0.0,0.0,2024-06-06,953.6758605957032,13.797835930483313,967.4736965261865,939.8780246652199,981.2715324566698,926.0801887347366,-20.604031493024877,-62.631757863239024,22779,204.30821191025026,825.0207354414508,928.454656646557,42.95237247185644,953.0664342408572,958.4018977573985,944.743760116271,966.7245718819847,939.4082965997297,972.060035398526,931.0856224751435,-0.29678840255652295,-44.78064076779696,-5.141081694289824,-3.4188863547129147,-1.722195339576909,47.804075427575285,22.60774055429116,943.5616455078125,953.6758605957032,962.0044555664062,989.1240533447266,IMPAL.BO,2025-07-29 12:21:48.906311
281,2024-06-05 00:00:00+05:30,931.8683099769387,943.6095152196411,913.0344349018675,938.4337768554688,141,0.0,0.0,2024-06-05,954.1095642089844,13.815147724324671,967.924711933309,940.2944164846597,981.7398596576337,926.479268760335,-132.59313221069658,-155.6857927540128,22618,176.7351241709517,980.198866324251,928.4317567999124,41.29920522146365,931.6925756589925,950.3507164161175,919.7756360983439,962.2676559767662,901.1174953412188,980.9257967338912,889.2005557805702,-0.280503308431805,-52.133190892589205,-5.52715193807262,-2.9883375198186872,-2.538814418253933,43.46815512133514,23.34708771694362,946.4466186523438,954.1095642089844,960.9424743652344,989.7141662597656,IMPAL.BO,2025-07-29 12:21:48.906311
282,2024-06-04 00:00:00+05:30,1004.4721507358807,1006.3890823212546,862.6192134182182,907.3795776367188,1534,0.0,0.0,2024-06-04,955.1351287841796,13.343486413210734,968.4786151973904,941.7916423709689,981.8221016106011,928.4481559577582,-232.4446960822168,-196.62970716016355,22477,1859.150234998217,1181.0648018625757,928.4224720742974,36.912941983877545,925.4626244587306,988.306035499243,844.5361665962066,1069.232493361767,781.6927555556942,1132.0759044022793,700.7662976931703,-0.26531734737387463,-71.73978570227528,-4.790794053358127,-2.353633915255204,-2.437160138102923,28.838215980568705,23.324757368110056,952.2070190429688,955.1351287841796,960.6865649414062,990.0712139892578,IMPAL.BO,2025-07-29 12:21:48.906311
283,2024-06-03 00:00:00+05:30,925.8779696588045,971.9801515802807,925.8779696588045,954.2006225585938,968,0.0,0.0,2024-06-03,957.4210693359375,7.261901752858298,964.6829710887959,950.1591675830792,971.9448728416542,942.8972658302209,-127.19240543646544,-96.51140512998528,24011,1233.7159477587527,1011.5434435786652,928.6371569289935,47.54555617826031,950.6862479325597,975.4945262063148,929.3923442848387,996.7884298540358,904.5840660110836,1021.596708127791,883.2901623633626,-0.2847241765222798,-70.22671632268731,-0.7170769286066161,-1.7443438807294729,1.0272669521228568,45.22614375371009,23.300709300135445,963.5265014648437,957.4210693359375,961.356533203125,990.676508178711,IMPAL.BO,2025-07-29 12:21:48.906311
284,2024-05-31 00:00:00+05:30,958.5137199947211,968.7693158446694,957.5073425959187,967.7150268554688,662,0.0,0.0,2024-05-31,957.5480651855469,7.224732407070007,964.7727975926168,950.3233327784769,971.9975299996869,943.0986003714069,-37.263938942905014,-30.09061226911975,24979,855.6686097946953,956.0003175336433,928.4715148573194,52.003078120536145,964.6638950986857,971.8204476014527,960.5584743527019,975.9258683474364,953.4019218499349,983.0824208502034,949.2965011039511,-0.3294847389317663,-68.26268160137704,-0.10178326227446632,-2.001160618760187,1.8993773564857208,53.34927409617691,24.5248187761566,965.5871948242187,957.5480651855469,961.4418359375,990.8844470214843,IMPAL.BO,2025-07-29 12:21:48.906311
285,2024-05-30 00:00:00+05:30,976.5328230278475,977.4912887945726,957.507300958397,964.5040893554688,583,0.0,0.0,2024-05-30,957.2461456298828,6.896197600673762,964.1423432305565,950.349948029209,971.0385408312303,943.4537504285353,-4.048037278638014,-23.093493743555673,24317,751.0567505288394,981.0832444683803,928.2968400800885,54.292002084063924,966.5008930361461,975.4944851138952,955.5104972777195,986.4848808723217,946.5169051999704,995.4784729500708,935.5265094415439,-0.36565932990164923,-70.47225333012787,-0.6434428056433035,-2.4760049578816172,1.8325621522383138,51.424332117223074,23.92264341163782,963.9290405273438,957.2461456298828,961.1245825195313,990.8345526123047,IMPAL.BO,2025-07-29 12:21:48.906311
286,2024-05-29 00:00:00+05:30,970.973760302784,979.4082475846728,967.2357788085938,967.2357788085938,83,0.0,0.0,2024-05-29,956.8987030029297,6.683037239949803,963.5817402428795,950.2156657629798,970.2647774828292,943.5326285230301,37.54882672407567,4.926590427565728,24900,107.2285840692958,1038.5898679532654,928.1543534363212,53.256065876555226,971.29326840062,975.3507579926463,963.1782892165672,983.4657371766991,959.120799624541,987.5232267687254,951.0058204404882,-0.3573154116057855,-67.065124498686,-1.010953333810221,-2.9341454959411957,1.9231921621309747,53.15649408383058,23.274146865232986,962.9610107421875,956.8987030029297,959.9782592773438,990.7601788330078,IMPAL.BO,2025-07-29 12:21:48.906311
287,2024-05-28 00:00:00+05:30,1001.5967728408332,1013.0983625768046,954.775741357361,963.9769897460938,670,0.0,0.0,2024-05-28,956.5512603759765,6.286189295726288,962.8374496717029,950.2650710802502,969.1236389674291,943.978881784524,84.93763674354943,33.91667495756008,24817,862.6638433075641,1271.4301889242577,928.1324454761564,54.23268071514796,977.2836978934198,999.7916544294786,941.469033210035,1035.6063191128633,918.9610766739762,1058.114275648922,883.1464119905914,-0.3576857950741019,-71.12968394475679,-1.7351907238346485,-3.414943536473939,1.6797528126392907,51.3390081209633,21.906796001983444,960.2773071289063,956.5512603759765,959.5881628417969,991.0141900634766,IMPAL.BO,2025-07-29 12:21:48.906311
288,2024-05-27 00:00:00+05:30,1003.897067467936,1006.3890550613781,949.1207254995521,964.5040893554688,1061,0.0,0.0,2024-05-27,957.1479064941407,7.480865239229597,964.6287717333703,949.667041254911,972.1096369725999,942.1861760156814,85.936235675845,22.774612719544034,25487,1366.8459902420216,1373.6217753284309,927.9695079916024,52.70617864302423,973.3379566387997,997.5551877780473,940.2868582162213,1030.6062862006256,916.0696270769737,1054.8235173398734,883.0185286543953,-0.3360572249296682,-70.47225333012787,-2.3152019333343787,-3.834881739633761,1.5196798062993824,51.64148626028172,20.434264303099322,961.4849731445313,957.1479064941407,959.5594079589844,991.3188598632812,IMPAL.BO,2025-07-29 12:21:48.906311
289,2024-05-24 00:00:00+05:30,949.4561877594023,968.2421523352655,948.881131685697,959.4242553710938,2668,0.0,0.0,2024-05-24,957.8092498779297,8.65753274541594,966.4667826233456,949.1517171325138,975.1243153687616,940.4941843870978,3.2207956894600724,-26.677750209353285,24426,3418.9806653516453,1375.3157216000332,927.7046090574864,45.13462984781004,958.849179797352,968.817227909007,949.4562072594385,978.2102004469205,939.4881591477836,988.1782485585754,930.0951866098701,-0.30686996134075073,-76.80813049482632,-3.0746245504604985,-4.214801691208606,1.1401771407481078,48.96530710230722,19.032848492596383,960.200634765625,957.8092498779297,959.9993444824219,991.5954315185547,IMPAL.BO,2025-07-29 12:21:48.906311
290,2024-05-23 00:00:00+05:30,963.8332435124078,963.8332435124078,955.7821654043765,959.6639404296875,355,0.0,0.0,2024-05-23,958.544873046875,9.395574993224306,967.9404480400992,949.1492980536507,977.3360230333236,939.7537230604263,16.669422674107544,-20.803135954413623,27094,455.037988905697,864.3994856621298,927.1155400049422,55.161553443900516,959.7597831154907,963.7374008266048,955.6863227185736,967.8108612235219,951.7087050074595,971.788478934636,947.6352446105424,-0.3830371014027909,-76.50918074683561,-3.5000437277068386,-4.499845976395633,0.9998022486887947,49.08447223782746,18.81363235005176,958.2357788085938,958.544873046875,960.1622839355468,992.0992279052734,IMPAL.BO,2025-07-29 12:21:48.906311
291,2024-05-22 00:00:00+05:30,969.4881531141821,969.4881531141821,949.7437811072539,953.8172607421875,418,0.0,0.0,2024-05-22,959.3356048583985,10.131380718271792,969.4669855766703,949.2042241401267,979.598366294942,939.0728434218549,2.844897052253791,-22.451712241225284,26739,532.5269422122537,966.7398598512381,927.0349122554584,54.865563302317774,957.6830649878744,965.622348868495,945.8779768615668,977.4274369948026,937.9386929809463,985.3667208754232,926.1336048546386,-0.39470657621862787,-83.80151440090387,-4.015283570592942,-4.749796538567832,0.7345129679748901,46.116379702564146,18.126298518012998,955.9258666992188,959.3356048583985,960.4718676757813,991.6680981445312,IMPAL.BO,2025-07-29 12:21:48.906311
292,2024-05-21 00:00:00+05:30,1021.0057130637791,1021.0057130637791,969.008942414908,970.0153198242188,583,0.0,0.0,2024-05-21,960.4018981933593,10.629993931811326,971.0318921251707,949.771904261548,981.661886056982,939.1419103297367,225.19642173931035,73.62945415647957,27157,755.3483309305782,1075.293089260984,926.9565656719265,54.159705433104435,986.6766584343019,1004.3443744536958,952.3476038048246,1038.673429083173,934.6798877854308,1056.3411451025668,900.3508331559535,-0.3810446951043273,-63.598312295096264,-4.03829970975255,-4.933424780561554,0.8951250708090033,54.24818263833061,17.38609285274049,955.41787109375,960.4018981933593,960.7661157226562,991.6891802978515,IMPAL.BO,2025-07-29 12:21:48.906311
293,2024-05-17 00:00:00+05:30,1006.389097543048,1006.389097543048,947.9226833048328,958.0823974609375,2129,0.0,0.0,2024-05-17,960.7876800537109,11.125694539397111,971.9133745931081,949.6619855143138,983.0390691325051,938.5362909749167,232.34064548416947,26.462648345111315,26574,2724.4487852909006,1155.2792788435854,926.7801648113228,47.33153013788508,970.7980594362729,993.6734355677129,935.2070213294977,1029.264473674488,912.3316451980577,1052.139849805928,876.7406070912825,-0.34857869748194487,-73.68421800223736,-5.601844377668044,-5.157206048263803,-0.4446383294042411,47.97505679783715,15.301283629678956,951.7277709960938,960.7876800537109,960.7076489257812,991.5896533203126,IMPAL.BO,2025-07-29 12:21:48.906311
294,2024-05-16 00:00:00+05:30,949.6478871751201,949.6478871751201,945.3347911467207,949.5999755859375,257,0.0,0.0,2024-05-16,961.8683532714844,11.873642176748051,973.7419954482324,949.9947110947363,985.6156376249804,938.1210689179883,-91.92271897833737,-46.29590967602843,24445,325.967231501533,762.9869022317565,926.3047551329043,33.26957988950572,948.1942179692595,951.0536447917983,946.7405487633989,952.5073139976589,943.8811219408601,955.3667408201977,942.4274527349995,-0.29006486240168056,-77.79127281919519,-6.343566873120608,-5.046046465912743,-1.2975204072078652,42.79833212900562,13.490397014651172,949.772509765625,961.8683532714844,960.9357641601563,991.680785522461,IMPAL.BO,2025-07-29 12:21:48.906311
295,2024-05-15 00:00:00+05:30,951.2773053188633,955.111168514103,946.5807995046507,948.1143798828125,1218,0.0,0.0,2024-05-15,963.3923156738281,12.168461548078612,975.5607772219067,951.2238541257494,987.7292387699853,939.0553925776709,-75.60738738703608,-38.98695107675692,24188,1542.4395325927342,872.2418199143124,926.2619679253427,36.85642834919886,949.9354493005221,953.2900990963935,944.7597300869412,958.4658183099745,941.4050802910698,961.8204681058459,936.2293610774889,-0.34128272756043115,-81.90469656510697,-6.361691748955764,-4.721666364110776,-1.6400253848449875,41.85434416180845,14.263210112648421,948.9769775390625,963.3923156738281,961.6709069824219,991.9437658691406,IMPAL.BO,2025-07-29 12:21:48.906311
296,2024-05-14 00:00:00+05:30,954.3443848981779,958.4657760351071,948.881118274756,951.2772827148438,1341,0.0,0.0,2024-05-14,965.4865661621094,12.978040225495299,978.4646063876047,952.5085259366141,991.4426466131,939.5304857111188,-36.949414440511745,-26.43860296634042,25406,1703.8683242848222,704.6923917447068,926.0700755663322,42.1593681940859,952.8747256749024,956.8683330750488,947.2836753146977,962.4593834352535,943.2900679145513,966.4529908353999,937.6990175543466,-0.29442624484218194,-74.04764138608954,-6.142199145755853,-4.311660017899529,-1.8305391278563246,43.26027237723554,15.000432108494593,951.1047607421875,965.4865661621094,962.1990209960937,992.0175970458985,IMPAL.BO,2025-07-29 12:21:48.906311
297,2024-05-13 00:00:00+05:30,951.4689961575125,962.6830575383569,942.9386272737662,951.5648193359375,173,0.0,0.0,2024-05-13,967.808447265625,14.38036027463315,982.1888075402582,953.4280869909918,996.5691678148913,939.0477267163586,-61.87623417417216,-27.035906448184456,26747,219.87943187595187,454.8984086096779,925.8239913603513,25.5120602061219,952.3955013826868,961.8523754916074,942.1079452270167,972.1399316472775,932.6510711180961,981.5968057561981,922.3635149624259,-0.25516475480101225,-76.04280234681941,-6.079616483514428,-3.854025235935448,-2.22559124757898,43.384461353596365,15.626048963942678,952.6383178710937,967.808447265625,963.2945483398438,992.0854772949219,IMPAL.BO,2025-07-29 12:21:48.906311
298,2024-05-10 00:00:00+05:30,941.2613325384974,952.5712173427415,940.8300112260246,948.3060913085938,151,0.0,0.0,2024-05-10,970.5903930664062,16.3231338858026,986.9135269522088,954.2672591806037,1003.2366608380114,937.9441252948011,-145.96650702577622,-43.882751138215916,26574,191.26064380674603,513.6531527931094,925.791531536459,33.05870886347891,947.2357732924532,953.6415353588819,941.900329242165,958.9769794091702,935.4945671757363,965.3827414755989,930.159123125448,-0.2803968082061415,-86.8464699715693,-5.9356943106989775,-3.2976274240407024,-2.638066886658275,41.635511321586456,16.299790192886768,952.9450317382813,970.5903930664062,964.7475805664062,992.3074102783203,IMPAL.BO,2025-07-29 12:21:48.906311
299,2024-05-09 00:00:00+05:30,957.6990183723165,960.5265041212606,942.6990055262947,945.622314453125,824,0.0,0.0,2024-05-09,973.4490203857422,17.197940211210426,990.6469605969526,956.2510801745318,1007.8449008081631,939.0531399633213,-122.42780132014877,-39.47358860473056,26423,1040.7467168239675,594.2512800397002,925.7667232809581,33.69985874506193,949.6159413668935,956.5328772074922,938.7053786125264,967.4434399618593,931.7884427719276,974.3603758024581,920.8778800175605,-0.3560905687244337,-94.68180523195845,-5.34056021840604,-2.6381107023761334,-2.7024495160299065,40.225940104087314,17.465453980656978,954.6319213867188,973.4490203857422,966.8744152832031,992.3569738769531,IMPAL.BO,2025-07-29 12:21:48.906311
300,2024-05-08 00:00:00+05:30,958.7053843100657,958.7532958984375,955.5903705644944,958.7532958984375,156,0.0,0.0,2024-05-08,977.7381561279296,20.308480857705177,998.0466369856348,957.4296752702245,1018.3551178433399,937.1211944125193,-54.03630206638001,-17.172882706540683,27247,199.77060926055688,482.62742084363333,925.6466116403468,41.13943004357978,957.6989874537898,959.8076043430851,956.644679009142,960.8619127877329,954.5360621198466,962.9705296770283,953.4817536751989,-0.2577278022226387,-82.85456600274783,-4.233379300562092,-1.9624983233686566,-2.2708809771934355,45.19114187777552,18.783136498872782,957.8427856445312,977.7381561279296,968.5066833496094,992.617407836914,IMPAL.BO,2025-07-29 12:21:48.906311
301,2024-05-07 00:00:00+05:30,958.4658354416542,958.945068359375,950.7022855746217,958.945068359375,295,0.0,0.0,2024-05-07,979.0153137207031,19.84972111827188,998.865034838975,959.1655926024313,1018.7147559572469,939.3158714841594,-76.63306497486775,-23.337590440862954,27403,377.8469072943197,553.3416237394024,925.6086527934917,37.825351600720104,956.1974740977906,961.6926626209596,953.4498798362063,964.440256882544,947.9546913130373,969.9354454057129,945.2070970514529,-0.2827586177370369,-82.48369926630106,-4.04491282383708,-1.3947780790702977,-2.650134744766783,45.26621925863214,19.38252619312344,957.603173828125,979.0153137207031,970.1581213378906,992.4997283935547,IMPAL.BO,2025-07-29 12:21:48.906311
302,2024-05-06 00:00:00+05:30,956.7884585002072,960.4306167398807,953.0504185831082,953.098388671875,648,0.0,0.0,2024-05-06,980.2373565673828,19.29362706788723,999.53098363527,960.9437294994956,1018.8246107031573,941.6501024316083,-95.98436232048832,-26.575492032156905,27108,824.9219638957427,597.215302850673,925.5362164879031,34.12608753532075,955.5264746649547,958.0025307468011,950.6223325900286,962.9066728217272,948.1462765081822,965.3827289035736,943.2421344332561,-0.31350968049100697,-93.79053135341388,-3.761218746397617,-0.732244392878602,-3.028974353519015,42.53684661029918,20.028022786931842,957.8715454101563,980.2373565673828,971.7185021972656,992.570346069336,IMPAL.BO,2025-07-29 12:21:48.906311
303,2024-05-03 00:00:00+05:30,965.798052741676,965.798052741676,954.1526702819388,956.7405395507812,628,0.0,0.0,2024-05-03,981.6319244384765,18.20610508345131,999.8380295219279,963.4258193550252,1018.0441346053791,945.2197142715739,-93.03163518432538,-17.363533670383653,27756,802.5164550927254,540.2886375894054,925.4040316424723,38.530825212788216,958.8970875247987,963.6415047676587,951.9961223079215,970.542469984536,947.2517050650615,975.2868872273959,940.3507398481843,-0.12279505269491214,-87.87109099939117,-2.765206833385946,0.024999195501151816,-2.790206028887098,43.79876145964606,20.578355058094456,962.4338500976562,981.6319244384765,973.2012487792969,992.7997692871094,IMPAL.BO,2025-07-29 12:21:48.906311
304,2024-05-02 00:00:00+05:30,949.8875181179961,966.1335251062633,949.8875181179961,961.6766357421875,295,0.0,0.0,2024-05-02,981.4617980957031,18.465000355631876,999.926798451335,962.9967977400712,1018.3917988069669,944.5317973844393,-121.63166028639037,-18.78634342438269,28384,378.92320907814087,474.7316832135755,925.257703888573,41.13524915871653,959.2325596554823,968.5776011929685,952.3315942047013,975.4785666437494,942.9865526672152,984.8236081812356,936.0855872164342,-0.07166437830615867,-81.01852584923957,-1.8068093671738552,0.7225507027229263,-2.5293600698967813,45.49980397030773,21.10634753852629,966.63193359375,981.4617980957031,974.0964575195312,993.0778918457031,IMPAL.BO,2025-07-29 12:21:48.906311
305,2024-04-30 00:00:00+05:30,962.0121261446832,962.0121261446832,953.6734620628056,957.5552368164062,537,0.0,0.0,2024-04-30,980.8699493408203,19.303217284594275,1000.1731666254146,961.566732056226,1019.4763839100088,942.2635147716318,-179.06329488454676,-24.761994891104493,28089,686.8125894511182,498.68380174743413,925.1776431931804,47.993581219905174,957.7469416746317,961.8204212864578,953.4817572045802,966.0856057565093,949.4082775927541,970.1590853683354,945.1430931227026,-0.10285071299745825,-95.73260275697082,-1.0385249729624775,1.3548907201971216,-2.393415693159599,43.80975276065012,21.674954825145186,969.1239501953125,980.8699493408203,975.7661059570313,992.9623638916015,IMPAL.BO,2025-07-29 12:21:48.906311
306,2024-04-29 00:00:00+05:30,978.6894231715027,978.6894231715027,953.2421674085197,960.2869262695312,662,0.0,0.0,2024-04-29,979.0943939208985,22.865187512157053,1001.9595814330555,956.2292064087414,1024.8247689452126,933.3640188965844,-172.29016429639643,-9.418865904176698,28626,849.1005682479625,451.65160482151305,925.0475572428627,57.82037932935453,964.0728389498512,974.9035104911827,949.4562547281997,989.5200947128342,938.6255831868682,1000.3507662541657,924.0089989652167,-0.0976000953397091,-93.02983984298618,0.3667424406950204,1.9532446434870214,-1.586502202792001,44.66191020347481,22.450613697445768,972.7086181640625,979.0943939208985,976.9287219238281,993.2313885498047,IMPAL.BO,2025-07-29 12:21:48.906311
307,2024-04-26 00:00:00+05:30,977.6351388897464,980.3188314925587,969.967412310219,975.909912109375,191,0.0,0.0,2024-04-26,976.9114868164063,26.543359851286745,1003.454846667693,950.3681269651196,1029.9982065189797,923.8247671138328,-57.60327350233669,19.028678726398205,29288,248.96782319551258,352.2893639649006,924.8721473574869,68.2554398814363,975.3987186373843,980.8300249645496,970.4786057822098,985.750137819724,965.0472994550445,991.1814441468894,960.12718659987,-0.06838411276207429,-83.46937456463657,1.8913238432412527,2.3498701941850215,-0.45854635094376883,49.80938088938807,23.285938636846396,975.6798583984375,976.9114868164063,978.6616284179687,993.7089624023438,IMPAL.BO,2025-07-29 12:21:48.906311
308,2024-04-25 00:00:00+05:30,969.536085991651,981.0855873924985,960.3827491345525,977.73095703125,265,0.0,0.0,2024-04-25,973.7293762207031,30.228732002984643,1003.9581082236878,943.5006442177184,1034.1868402266723,913.2719122147338,-85.0287109307413,8.382406900054855,29479,346.0711258881522,378.1197491572476,924.7987437968173,64.28747194886256,973.0664311861004,985.7501132376484,965.0472749797024,993.7692694440465,952.3635929281544,1006.4529514955944,944.3444367217563,-0.08534116438437825,-72.80184904710693,2.275966217679752,2.4645067819209636,-0.18854056424121168,50.43834093211439,23.37685155463134,976.0440673828125,973.7293762207031,981.118173828125,992.9912573242187,IMPAL.BO,2025-07-29 12:21:48.906311
309,2024-04-24 00:00:00+05:30,965.3667915431128,979.1207527446849,963.2581550261178,974.13671875,277,0.0,0.0,2024-04-24,971.3068542480469,31.792141252650843,1003.0989955006977,939.514712995396,1034.8911367533485,907.7225717427452,-92.24070962524819,1.1932060936080893,29214,360.4124698894774,386.13190497452143,924.6929097227621,67.49318427582277,972.1718755069342,981.0855959877505,965.2229982691834,988.0344732255012,956.3092777883671,996.9481937063175,949.3604005506164,-0.12019079880135268,-76.2186964643404,2.554595345409666,2.511641922981266,0.04295342242840006,49.26490670181434,23.474757773784358,976.4370483398437,971.3068542480469,983.6916528320312,991.7855108642578,IMPAL.BO,2025-07-29 12:21:48.906311
310,2024-04-23 00:00:00+05:30,984.6319719319758,985.6382908308295,971.2613037024558,975.4785766601562,302,0.0,0.0,2024-04-23,969.5935943603515,32.54594446224224,1002.1395388225937,937.0476498981093,1034.685483284836,904.501705435867,-75.70746286585845,10.727661401833847,29491,393.48194069755624,392.56176374578246,924.5893573898708,68.21580173572725,977.4593903978139,983.6574770931719,969.2804899647982,991.8363775261876,963.0824032694402,998.0344642215456,954.9035028364245,-0.13707396521746992,-74.36709478044413,3.2265970844383673,2.5009035673741655,0.7256935170642018,49.672526087325785,23.447169843527547,977.6255493164062,969.5935943603515,986.4098583984374,990.0973706054688,IMPAL.BO,2025-07-29 12:21:48.906311
311,2024-04-22 00:00:00+05:30,992.0121021061628,997.6670737211115,962.7788952325029,975.1431274414062,766,0.0,0.0,2024-04-22,965.6686737060547,36.314060484713146,1001.9827341907679,929.3546132213415,1038.2967946754811,893.0405527366285,-76.505620288871,8.975596009143668,29189,997.6937687727096,392.33171950783895,924.4728928499786,73.89122570877367,978.5296987983402,994.2805023641774,959.3923238755689,1013.4178772869487,943.6415203097316,1029.168680852786,924.5041453869603,-0.17102600732754886,-68.9195207925412,3.9059224397030903,2.3194801881081153,1.586442251594975,49.574224804827296,23.055538347318468,980.5297119140625,965.6686737060547,989.0841125488281,988.5598724365234,IMPAL.BO,2025-07-29 12:21:48.906311
312,2024-04-19 00:00:00+05:30,977.4434289860224,980.1750916659627,973.0345096255688,977.73095703125,34,0.0,0.0,2024-04-19,963.1934326171875,37.30784982441037,1000.5012824415978,925.8855827927771,1037.8091322660082,888.5777329683667,-77.86248107706848,1.8206096561132679,29955,44.40157841583839,240.99120719162124,924.1770432261646,65.17465597636169,976.9801861075939,980.925862589619,973.7852805492251,984.1207681479877,969.8396040672001,988.0664446300128,966.6446985088313,-0.16914201362767933,-52.23931844024635,4.749520773067275,1.9228696252093713,2.8266511478579033,50.2687504801093,22.633781351400998,985.0440673828125,963.1934326171875,991.3703759765625,986.8959075927735,IMPAL.BO,2025-07-29 12:21:48.906311
313,2024-04-18 00:00:00+05:30,992.4433870288226,1001.5967824146144,979.552068543288,979.6958618164062,171,0.0,0.0,2024-04-18,961.3507843017578,37.461819009468954,998.8126033112268,923.8889652922888,1036.2744223206957,886.4271462828199,-29.83693051832666,20.235728559572205,29989,223.7626052502771,290.13861438556694,924.1631605870062,68.1227470498716,986.9482375914362,994.3444066395843,972.299692768258,1008.9929514627626,964.9035237201098,1016.3891205109107,950.2549788969316,-0.16690446124322297,-50.89897737848442,5.5027578346162045,1.2162068382448952,4.286550996371309,50.76855339682817,22.603540829837748,990.938623046875,961.3507843017578,992.5843798828125,984.9778051757812,IMPAL.BO,2025-07-29 12:21:48.906311
314,2024-04-16 00:00:00+05:30,991.1494922790756,991.1494922790756,980.0792236328125,980.0792236328125,200,0.0,0.0,2024-04-16,960.2892791748047,37.21460906131811,997.5038882361229,923.0746701134866,1034.718497297441,885.8600610521685,-24.299198751291687,11.404937385025509,30160,261.8130586160196,306.73261666938936,924.090664694938,56.89966664408301,983.7693131815669,987.4594027303212,976.3891340840581,994.83958182783,972.6990445353038,998.5296713765844,965.318865437795,-0.15529453599067913,-48.150449212882556,6.1902410582940774,0.1445690891520679,6.04567196914201,50.859590073105196,22.311520951590865,996.0951782226563,960.2892791748047,993.9683239746093,983.1808135986328,IMPAL.BO,2025-07-29 12:21:48.906311
315,2024-04-15 00:00:00+05:30,977.6351569109889,994.2166627449612,976.5328977948188,989.9993896484375,8,0.0,0.0,2024-04-15,958.8779357910156,36.95895119335299,995.8368869843686,921.9189845976626,1032.7958381777216,884.9600334043096,-10.79600557559448,14.448023890114982,30360,10.578523122696355,317.9625061827318,924.0050474228062,57.26651205158762,986.9163167294058,997.2997356639928,979.6159707138504,1004.6000816795482,969.2325517792634,1014.9835006141352,961.932205763708,-0.06331183467776305,-41.715856095268926,6.938881051261433,-1.3668489031334345,8.305729954394867,53.17079330863125,22.23789869808266,1006.3603393554688,958.8779357910156,995.2000378417969,981.3200708007812,IMPAL.BO,2025-07-29 12:21:48.906311
316,2024-04-12 00:00:00+05:30,1005.4306010979585,1006.3890668759357,994.8874775402106,997.7149047851562,68,0.0,0.0,2024-04-12,954.7373626708984,37.915239659878196,992.6526023307766,916.8221230110202,1030.5678419906549,878.906883351142,48.3859427162598,37.766150131462716,30368,90.61821406571856,394.80850194774064,924.0010104543263,57.95540905967048,999.6638164004343,1004.4401552606579,992.9385659249328,1011.1654057361593,988.1622270647092,1015.9417445963829,981.4369765892078,-0.12034014681254053,-36.71128253073606,6.81524649448761,-3.4432813917321514,10.258527886219762,54.97613937922325,22.158613194304593,1005.2197509765625,954.7373626708984,996.9780383300781,979.4362121582031,IMPAL.BO,2025-07-29 12:21:48.906311
317,2024-04-10 00:00:00+05:30,1011.2293618030668,1011.9960642222462,1006.3890628435895,1007.2037353515625,329,0.0,0.0,2024-04-10,952.2381652832031,36.55626047111293,988.7944257543161,915.6819048120901,1025.350686225429,879.1256443409773,82.23503714421402,51.14293817628779,30436,442.6019790851093,470.8560739182461,923.9626624463814,53.68359715998921,1008.5296208057994,1010.6701787680092,1005.0631773893525,1014.1366221844561,1002.9226194271426,1016.277180146666,999.4561760106958,-0.10684501401384719,-28.99709550079321,5.793834147055122,-6.007913363287091,11.801747510342214,57.192766583184145,21.42003450145106,1002.353955078125,952.2381652832031,999.4757666015626,977.4756744384765,IMPAL.BO,2025-07-29 12:21:48.906311
318,2024-04-09 00:00:00+05:30,1038.9769720513048,1054.3124255133166,1002.5072999868679,1005.4786376953125,794,0.0,0.0,2024-04-09,950.0049407958984,34.317400790773696,984.3223415866721,915.6875400051247,1018.6397423774458,881.370139214351,118.2023242518382,65.97275069593533,30107,1066.334538786852,477.91959762653033,923.7526173255773,56.8127831753413,1020.7661210651657,1039.0249421434637,987.2198166170149,1072.5712465916145,968.960995538717,1090.8300676699123,935.4146910905662,-0.07277870947749494,-30.05895524078419,3.463825416953,-8.958350240872644,12.422175657825644,56.898592042196505,20.201419430274992,997.1111572265625,950.0049407958984,1001.4536938476563,975.332749633789,IMPAL.BO,2025-07-29 12:21:48.906311
319,2024-04-08 00:00:00+05:30,984.8236145767905,1034.3762498921478,984.8236145767905,1031.405029296875,344,0.0,0.0,2024-04-08,949.0560546875,32.93743141060135,981.9934860981014,916.1186232768987,1014.9309175087027,883.1811918662974,137.9163448081394,51.38005718471682,30901,473.90120520351525,330.8158623364499,923.2518768292884,43.43550192657898,1016.8682979219378,1048.9129812670851,999.3603459517278,1066.4209332372952,967.3156626065805,1098.4656165824424,949.8077106363705,-0.01668446497095563,-13.590544329322354,0.5981219571807515,-12.063894155329056,12.662016112509807,62.91617315505872,18.889064738239227,986.6830322265625,949.0560546875,1002.2639672851562,973.0577563476562,IMPAL.BO,2025-07-29 12:21:48.906311
320,2024-04-05 00:00:00+05:30,979.3124721851556,988.1782812066508,979.3124721851556,984.2964477539062,63,0.0,0.0,2024-04-05,945.8643646240234,27.11606019162071,972.9804248156441,918.7483044324027,1000.0964850072648,891.632244240782,96.7440855186381,-7.175711071920264,30557,82.82598188754449,295.04452661968355,922.9640151367754,41.53583544327837,983.9290670485708,988.545661911986,979.6798528904908,992.794876070066,975.0632580270756,997.4114709334813,970.8140438689956,-0.09897868455192615,-42.75965971548502,-5.633266068851071,-15.229398183456507,9.596132114605435,54.86272936650702,17.7969898907929,970.3699584960938,945.8643646240234,1002.3474267578125,970.5672485351563,IMPAL.BO,2025-07-29 12:21:48.906311
321,2024-04-04 00:00:00+05:30,966.7085967271373,983.3859252929688,949.120772437975,983.3859252929688,134,0.0,0.0,2024-04-04,945.4066986083984,26.50359008529095,971.9102886936894,918.9031085231074,998.4138787789803,892.3995184378165,88.52843163017256,-28.52292875226477,30494,176.00658330884912,348.0991628027183,922.93410428809,49.20313926476231,971.9642076746376,994.8076429113001,960.5424900563064,1006.2293605296313,937.6990548196438,1029.072795766294,926.2773372013127,-0.16445887181210958,-36.69264479020765,-8.886497009783625,-17.628431212107863,8.741934202324238,54.68621868314581,17.48137457878225,957.9194946289062,945.4066986083984,1004.4230456542969,968.564945678711,IMPAL.BO,2025-07-29 12:21:48.906311
322,2024-04-03 00:00:00+05:30,962.2517514077116,980.98974609375,962.2517514077116,980.98974609375,642,0.0,0.0,2024-04-03,944.6638854980469,25.575049375994798,970.2389348740417,919.088836122052,995.8139842500365,893.5137867460572,128.7478334097286,-27.33647891063312,30360,841.2006930107711,391.1223076761855,922.8713327301065,46.19049035857262,974.7437478650705,987.2357443224295,968.4977496363911,993.4817425511089,956.0057531790321,1005.9737390084679,949.7597549503527,-0.2138527766567476,-37.949249130886066,-12.82730188103983,-19.81391476268892,6.986612881649091,54.248061060319095,17.23980515341865,944.56806640625,944.6638854980469,1004.5586096191406,966.383911743164,IMPAL.BO,2025-07-29 12:21:48.906311
323,2024-04-02 00:00:00+05:30,949.8395891937985,957.507315443597,948.3060673438822,953.3380126953125,237,0.0,0.0,2024-04-02,943.9689971923829,24.710293763886586,968.6792909562695,919.2587034284962,993.389584720156,894.5484096646097,84.48728315688574,-58.778365117413266,29718,301.7834241880062,278.6027113425391,922.5807542417223,34.15805204509323,953.0504651609305,957.7948629779787,948.5936148782639,962.2517132606453,943.8492170612157,966.9961110776935,939.3923667785491,-0.2948900412979069,-52.450371679269715,-17.44238589536087,-21.560567983101194,4.118182087740323,48.96931628025874,16.576501314834392,930.8236572265625,943.9689971923829,1005.3051318359375,964.0561212158203,IMPAL.BO,2025-07-29 12:21:48.906311
324,2024-04-01 00:00:00+05:30,1053.353972803572,1053.353972803572,939.4403295360062,949.8396606445312,47,0.0,0.0,2024-04-01,944.7765045166016,25.289670822107652,970.0661753387092,919.486833694494,995.3558461608169,894.1971628723862,167.75544095977196,-23.850915265506213,29481,59.627730979948886,272.8075331311723,922.5238803466814,36.489461772802514,980.8779876613698,1022.3156457867335,908.4020025191676,1094.7916309289358,866.9643443938039,1136.2292890542994,794.4883592516017,-0.3623144024479272,-54.284977527474325,-20.36353659573865,-22.590113505036275,2.2265769092976235,48.26774664792106,16.30564393909236,926.012158203125,944.7765045166016,1006.928056640625,961.9021319580078,IMPAL.BO,2025-07-29 12:21:48.906311
325,2024-03-28 00:00:00+05:30,929.7118550576192,929.7118550576192,907.7150525600996,922.0441284179688,118,0.0,0.0,2024-03-28,946.6023773193359,26.938933950297017,973.541311269633,919.6634433690389,1000.48024521993,892.7245094187418,-59.61804975940766,-107.15295402475263,29434,145.32282768090843,326.10248366897815,922.5138598843564,46.798472397116804,919.8236786785625,931.9323047970254,909.9355022995057,941.8204811760821,897.8268761810428,953.929107294545,887.9386998019861,-0.31107505051415724,-64.57971671443296,-23.45042158446745,-23.146757732360676,-0.30366385210677294,42.430262526307516,16.01395138060094,924.0185302734375,946.6023773193359,1008.4250256347656,959.9272137451172,IMPAL.BO,2025-07-29 12:21:48.906311
326,2024-03-27 00:00:00+05:30,909.4882604601256,934.1687558803986,909.4882604601256,916.6287841796875,241,0.0,0.0,2024-03-27,949.2261749267578,26.976618894874395,976.2027938216322,922.2495560318835,1003.1794127165066,895.2729371370091,-57.998695131547464,-112.36039665775284,29316,295.06021827295774,371.29739766599556,922.5142929045202,45.28995185860642,920.0952668400705,930.7022732200154,906.0217777997424,944.7757622603435,895.4147714197975,955.3827686402884,881.3412823794694,-0.3679790597879934,-67.81014293781038,-24.30982159189864,-23.07084176933398,-1.2389798225646587,41.22967954583682,15.437756304046165,919.0057373046875,949.2261749267578,1010.2734252929688,958.0433648681641,IMPAL.BO,2025-07-29 12:21:48.906311
327,2024-03-26 00:00:00+05:30,923.0025284253064,929.0408510233943,900.1431434110779,912.2677001953125,584,0.0,0.0,2024-03-26,953.6974182128906,28.648461951086844,982.3458801639774,925.0489562618038,1010.9943421150643,896.4004943107169,-102.43221161400271,-126.14084491765327,29075,711.5989055047263,390.35669251425503,922.5253947697133,51.46030953117639,913.8172315432615,927.4913196754452,898.5936120631287,942.714939155578,884.919523930945,956.3890272877617,869.6959044508122,-0.38653375606380724,-70.41166916506046,-24.508454038674472,-22.761096813692813,-1.7473572249816591,40.29969223514069,14.860312695757855,920.8076416015625,953.6974182128906,1011.6946765136719,956.1100024414062,IMPAL.BO,2025-07-29 12:21:48.906311
328,2024-03-22 00:00:00+05:30,933.8332301912664,947.4913680306904,912.4594542548565,929.280517578125,186,0.0,0.0,2024-03-22,959.2948547363281,30.970135649218456,990.2649903855466,928.3247190871097,1021.235126034765,897.3545834378913,-41.62177253331816,-112.41180395866314,29659,230.86595954697975,310.04613926663717,922.5724976218467,67.03373913511405,929.7437799545573,947.0281056542582,911.9961918784243,964.7756937303913,894.7118661787234,982.0600194300921,876.9642781025904,-0.39885656026053384,-60.2629788900334,-23.96192285406005,-22.324257507447395,-1.6376653466126534,42.75040455441247,14.048820049861886,926.5296997070312,959.2948547363281,1013.5331726074219,954.4028570556641,IMPAL.BO,2025-07-29 12:21:48.906311
329,2024-03-21 00:00:00+05:30,931.0057125261118,941.3092196669016,929.5680138553039,939.8715209960938,53,0.0,0.0,2024-03-21,965.5632202148438,36.72752985648587,1002.2907500713296,928.835690358358,1039.0182799278155,892.108160501872,-27.102499670544812,-110.24249519974707,29845,66.53413050333278,329.8411841965515,922.5626727361296,62.14908868000792,936.9162515060998,944.2644891568957,932.523283345298,948.6574573176975,925.175045694502,956.0056949684935,920.7820775337002,-0.33524040404204575,-53.94510625482213,-24.574642627307185,-21.91484117079423,-2.6598014565129553,44.30809310286733,13.44350484255888,932.366748046875,965.5632202148438,1014.4683764648438,952.4166851806641,IMPAL.BO,2025-07-29 12:21:48.906311
330,2024-03-20 00:00:00+05:30,944.1846025425175,944.1846025425175,891.8523951269441,896.9801635742188,401,0.0,0.0,2024-03-20,969.931430053711,38.6557859359969,1008.5872159897078,931.2756441177141,1047.243001925705,892.6198581817172,-111.41961188170364,-153.97750992508196,29792,480.4269231847841,395.6679476198562,922.5554459442768,66.04657132418825,911.0057204145601,930.1590457021761,877.8268382866027,963.3379278301335,858.6735129989867,982.4912531177495,825.4946308710292,-0.3249223763302255,-82.14020607951328,-26.029819906532452,-21.249890806665988,-4.7799290998664645,35.464836767383474,13.177613631682659,934.7629150390625,969.931430053711,1016.2436511230469,950.3436248779296,IMPAL.BO,2025-07-29 12:21:48.906311
331,2024-03-19 00:00:00+05:30,929.0887589923558,936.421045440113,924.9194563456592,925.6383056640625,118,0.0,0.0,2024-03-19,977.148681640625,37.7836876301705,1014.9323692707954,939.3649940104546,1052.716056900966,901.581306380284,-80.44763312054594,-139.29396652553245,30193,145.88930382287455,374.47820372862424,922.6364935914876,64.59944602039036,928.9929358166115,933.0664152875638,921.5648261931101,940.4945249110652,917.4913467221578,944.5680043820175,910.0632370986564,-0.2964371348093071,-67.22376201331878,-23.274347739044856,-20.05490853169937,-3.219439207345488,39.34098929872467,12.891269250739036,936.8044677734375,977.148681640625,1018.4858581542969,948.8364331054687,IMPAL.BO,2025-07-29 12:21:48.906311
332,2024-03-18 00:00:00+05:30,957.9865821208685,958.4658150283828,921.5169695590608,940.8779907226562,126,0.0,0.0,2024-03-18,982.7149719238281,37.99544918239519,1020.7104211062233,944.7195227414329,1058.7058702886184,906.7240735590377,-65.03916198781698,-130.18386175156053,30311,158.34486367559833,431.6254287050616,922.6336917324248,57.393001232790596,940.2869251033667,959.0568806476725,922.1080351783505,977.2357705726887,903.3380796340447,996.0057261169945,885.1591897090285,-0.284721180794631,-63.06854011147459,-22.21625952226043,-19.250048729862993,-2.966210792397437,41.585211780086624,13.349606367198769,941.222998046875,982.7149719238281,1019.4558630371093,947.1567883300781,IMPAL.BO,2025-07-29 12:21:48.906311
333,2024-03-15 00:00:00+05:30,1030.3027211350948,1030.3027211350948,933.9769708278292,958.4657592773438,255,0.0,0.0,2024-03-15,987.0328582763672,37.89758357577698,1024.9304418521442,949.1352747005902,1062.8280254279211,911.2376911248132,44.377478021997845,-86.4234835322635,30437,326.45017729623385,499.9455699624274,922.6154900484883,53.588351375550175,974.2484837467559,1014.5199966656827,918.1942463584171,1070.5742340540214,877.9227334394903,1110.8457469729483,821.8684960511515,-0.2899976038536112,-54.76353072710773,-22.025854053174385,-18.508496031763634,-3.5173580214107503,44.29324720391515,13.843200184924633,945.5552490234375,987.0328582763672,1019.9964831542969,945.2467590332031,IMPAL.BO,2025-07-29 12:21:48.906311
334,2024-03-14 00:00:00+05:30,862.667125587598,988.2740561036114,862.667125587598,951.8523559570312,554,0.0,0.0,2024-03-14,989.184619140625,37.40880545227675,1026.5934245929018,951.7758136883483,1064.0022300451785,914.3670082360716,-105.53475061309797,-157.51295919627452,30182,704.3353401580042,543.3194181289757,922.5429589579348,46.35748032178623,934.2645125494136,1005.8618995112291,880.2549689952157,1059.871443065427,808.6575820334001,1131.4688300272426,754.6480384792022,-0.34660592654458483,-57.88640424383705,-23.18048101400052,-17.629156526410945,-5.551324487589575,42.99798843212285,14.66505917388424,951.1622802734375,989.184619140625,1020.3270581054687,943.178447265625,IMPAL.BO,2025-07-29 12:21:48.906311
335,2024-03-13 00:00:00+05:30,946.9163484382987,946.9642600307878,904.7917626205098,907.1879272460938,388,0.0,0.0,2024-03-13,993.8499542236328,38.3152358328299,1032.1651900564627,955.5347183908029,1070.4804258892927,917.219482557973,-200.39921999454074,-195.02569932892555,29628,470.1420681864943,503.0654376217185,922.4135628026864,46.06402545468725,919.6479832991305,934.5042039777512,892.3317065674731,961.8204807094086,877.4754858888524,976.6767013880293,850.159209157195,-0.3680885275478816,-98.58756995451554,-23.656213977542734,-16.24132540451355,-7.4148885730291845,33.26267156299478,14.39566095567208,954.3060546875,993.8499542236328,1020.5445227050782,941.1748425292968,IMPAL.BO,2025-07-29 12:21:48.906311
336,2024-03-12 00:00:00+05:30,955.3986833154836,955.3986833154836,930.957805784489,947.73095703125,103,0.0,0.0,2024-03-12,999.2748596191407,32.663358016379945,1031.9382176355207,966.6115016027608,1064.6015756519005,933.9481435863808,-159.29841170623843,-163.09360956200325,30016,130.3834346555603,511.29627998052456,922.460786152348,45.05646642345304,944.6958153770742,958.4338249696593,933.9929474386647,969.1366929080688,920.2549378460795,982.8747025006539,909.5520699076701,-0.3066255256368803,-88.30995357590649,-19.50809935361349,-14.387603261256253,-5.120496092357236,38.85642158691336,15.091359075297108,967.8970947265625,999.2748596191407,1021.5420983886719,939.6777996826172,IMPAL.BO,2025-07-29 12:21:48.906311
337,2024-03-11 00:00:00+05:30,977.2037601267702,977.9226094513449,959.6638483071702,962.5392456054688,24,0.0,0.0,2024-03-11,1004.2349243164062,31.94848847606621,1036.1834127924724,972.28643584034,1068.1319012685387,940.3379473642739,-89.38203382150256,-129.17696604485198,30119,30.855302859598776,606.5244913117656,922.4399626986057,47.15432291305728,966.7085677879946,973.7532872688191,955.4945261246444,984.9673289321694,948.4498066438199,992.0120484129939,937.2357649804696,-0.30060414668402935,-86.41749998550817,-17.89455251312677,-13.107479238166942,-4.787073274959827,41.20716538181431,15.940929353057124,972.0568359375,1004.2349243164062,1022.4402172851562,937.7553533935547,IMPAL.BO,2025-07-29 12:21:48.906311
338,2024-03-07 00:00:00+05:30,1006.4849038724981,1010.8459700222571,981.0376488178433,986.5009155273438,626,0.0,0.0,2024-03-07,1011.0448211669922,36.74812254471818,1047.7929437117104,974.296698622274,1084.5410662564286,937.5485760775558,6.811381812888206,-83.28373444789126,30143,824.8442507856366,750.4417884248073,922.4322618496906,48.73160190888509,992.7948447891481,1004.5520407604529,974.7437195560391,1022.6031659935619,962.9865235847343,1034.3603619648666,944.9353983516253,-0.28846549319325426,-67.91266444976452,-17.015986076735544,-11.910710919426984,-5.10527515730856,45.32665317762283,15.955111083847882,972.9673828125,1011.0448211669922,1023.0783117675782,935.6058856201172,IMPAL.BO,2025-07-29 12:21:48.906311
339,2024-03-06 00:00:00+05:30,989.903528034997,989.903528034997,960.2389412351163,967.5712280273438,233,0.0,0.0,2024-03-06,1017.0400207519531,41.946306561353104,1058.9863273133062,975.0937141905999,1100.9326338746594,933.1474076292469,-74.10017756884227,-123.01038398584944,29517,301.11957753799845,731.8411728346,922.1097158912506,44.74025031011779,972.5712324324855,984.9035236298548,955.2389368299741,1002.2358192323662,942.9066456326049,1014.5681104297355,925.5743500300935,-0.26987255670683236,-82.53146001253688,-17.993198266741615,-10.634392130099844,-7.358806136641771,40.99946753106616,15.219073499045743,969.5648315429687,1017.0400207519531,1023.1915185546875,933.2030102539062,IMPAL.BO,2025-07-29 12:21:48.906311
340,2024-03-05 00:00:00+05:30,1005.4306232940722,1007.347554892345,967.5712242281849,975.1431274414062,699,0.0,0.0,2024-03-05,1024.1638092041017,45.08385695490451,1069.2476661590063,979.0799522491972,1114.3315231139106,933.9960952942927,-55.634595452462264,-108.45543442719583,29750,910.4281258121723,839.5215716587503,922.0243693306626,39.37959606210654,983.3539688539787,999.1367134797725,959.3603828156124,1023.1302995181388,943.5776381898186,1038.9130441439327,919.5840521514523,-0.27895065469853264,-76.683922933224,-17.107414373389474,-8.7946905959394,-8.312723777450074,42.240901510775316,14.902785197821757,973.3220092773438,1024.1638092041017,1024.036171875,930.9442553710937,IMPAL.BO,2025-07-29 12:21:48.906311
341,2024-03-04 00:00:00+05:30,984.3443483317742,988.9928839282345,958.7053889180693,968.5296630859375,890,0.0,0.0,2024-03-04,1030.8662170410157,47.3212580719187,1078.1874751129344,983.544958969097,1125.508733184853,936.2237008971783,-99.6943983218753,-134.01535149775654,29051,1151.3385833062398,821.7949331203948,921.7235095191402,36.16623762326956,972.0759786440804,985.4465683700914,955.1590733599262,1002.3634736542456,941.7884836339151,1015.7340633802567,924.871578349761,-0.22245752454015674,-81.79129110157226,-16.45985668899209,-6.71650965157688,-9.74334703741521,40.78717712921667,14.307128830397541,973.1973999023437,1030.8662170410157,1022.8643286132813,928.6440216064453,IMPAL.BO,2025-07-29 12:21:48.906311
342,2024-03-01 00:00:00+05:30,960.3827194652425,980.0312681169765,944.9514436802658,967.0919799804688,543,0.0,0.0,2024-03-01,1036.912548828125,46.65806017574372,1083.5706090038686,990.2544886523813,1130.2286691796123,943.5964284766375,-152.46856743467276,-150.28945847734866,28161,701.4031906963332,739.4090205739335,921.3835123212716,23.639056749118396,964.024897259237,983.0983508382083,948.0185264014975,999.1047216959478,928.9450728225263,1018.178175274919,912.9387019647868,-0.19679526501018907,-82.90156803577412,-14.730068820338829,-4.280672892223077,-10.449395928115752,40.484157611578176,14.076472255595212,980.702197265625,1036.912548828125,1022.6122448730468,926.3804382324219,IMPAL.BO,2025-07-29 12:21:48.906311
343,2024-02-29 00:00:00+05:30,1054.7916155978705,1054.7916155978705,965.031269798244,969.4881591796875,604,0.0,0.0,2024-02-29,1040.479507446289,43.670685973579324,1084.1501934198684,996.8088214727097,1127.8208793934477,953.1381354991304,-94.13259128416091,-84.95144746563568,28704,782.1311333426156,748.9104780433336,921.180038817919,23.907948889115303,996.4370148586007,1027.8427599189574,938.0824141193309,1086.1973606582274,906.6766690589742,1117.603105718584,848.3220683197044,-0.20347232031550674,-94.66070948102242,-12.15064330659493,-1.6683239101941387,-10.48231939640079,40.80734712841415,14.033620438768548,992.1270874023437,1040.479507446289,1022.4716577148438,924.1887719726562,IMPAL.BO,2025-07-29 12:21:48.906311
344,2024-02-28 00:00:00+05:30,965.0792230560024,996.8044171637672,964.8875181988337,986.3571166992188,494,0.0,0.0,2024-02-28,1044.4497528076172,40.361007065663635,1084.8107598732809,1004.0887457419535,1125.1717669389445,963.72773867629,-187.12432192065543,-109.48998517855802,29308,650.8205494389746,740.6053142185131,920.9396444673183,17.01680597444151,982.6830173539398,1000.4785165090459,968.5616175441124,1014.5999163188733,950.7661183890064,1032.3954154739795,936.644718579179,-0.15723949542561083,-83.44459001704016,-8.900083694124987,0.9522559389060592,-9.852339633031047,43.0505579983636,13.351902748573984,1009.1590209960938,1044.4497528076172,1022.4258068847656,921.9517443847657,IMPAL.BO,2025-07-29 12:21:48.906311
345,2024-02-27 00:00:00+05:30,1073.4816722246128,1074.4401380033848,962.5871699206734,974.5200805664062,795,0.0,0.0,2024-02-27,1047.2151428222655,37.996717474269865,1085.2118602965354,1009.2184253479957,1123.2085777708053,971.2217078737258,-166.58111191375508,-64.8640407895646,28814,1034.8038764352527,763.0515054133976,920.6723074669167,17.668041583047867,1003.8491294968215,1045.1110890729697,933.2581209902582,1115.702097579533,891.9961614141101,1156.964057155681,821.4051529075468,-0.19693568307529916,-93.03105635519685,-6.264869344566023,3.4153408471638205,-9.680210191729843,40.93455057145572,14.038738803480339,1017.3347412109375,1047.2151428222655,1022.2166247558594,919.6344775390625,IMPAL.BO,2025-07-29 12:21:48.906311
346,2024-02-26 00:00:00+05:30,1035.3347098785996,1035.3347098785996,1000.2548850149516,1006.0536499023438,549,0.0,0.0,2024-02-26,1052.4341094970703,34.49319455544609,1086.9273040525163,1017.9409149416242,1121.4204986079624,983.447720386178,-124.68604961228631,-42.48707765745272,29609,737.723488555311,695.1134126579338,920.3158244203413,23.684715924042322,1013.8810815986317,1027.507278182312,992.4274533186638,1048.9609064622796,978.8012567349837,1062.5871030459598,957.3476284550158,-0.1887645063402009,-92.28106885665402,-1.630305454481686,5.835393395096281,-7.465698849577967,45.07608723340349,14.778408401071797,1030.6957641601562,1052.4341094970703,1021.8361730957031,917.4056225585938,IMPAL.BO,2025-07-29 12:21:48.906311
347,2024-02-23 00:00:00+05:30,1033.5614713033335,1056.3250318348912,1008.6413629319442,1024.2164306640625,722,0.0,0.0,2024-02-23,1058.261492919922,36.05474722982652,1094.3162401497484,1022.2067456900954,1130.370987379575,986.1519984602689,-26.169605356074165,-10.204266315861286,30158,987.7091158047342,684.4608936835895,919.9220578675329,40.633530690521994,1029.727608476966,1050.813854021988,1003.1301851190408,1077.411277379913,982.043939574019,1098.4975229249349,955.4465162160938,-0.13581945555641153,-79.84868669173186,1.2224635376851438,7.701818107490771,-6.479354569805627,47.65468923533592,15.065409927478573,1036.8778564453125,1058.261492919922,1020.87640625,914.9180200195312,IMPAL.BO,2025-07-29 12:21:48.906311
348,2024-02-22 00:00:00+05:30,1019.951411741178,1055.6542630457002,1019.951411741178,1054.6478271484375,459,0.0,0.0,2024-02-22,1062.3556762695312,36.62984852148795,1098.985524791019,1025.7258277480432,1135.615373312507,989.0959792265553,17.980833095924503,17.130903901852058,30880,646.5770323930033,608.6488381533032,919.2883003167055,47.13205459689666,1043.4178339784387,1066.8842562156992,1031.1814049111772,1079.120685282961,1007.7149826739166,1102.5871075202215,995.478553606655,-0.11020865089336754,-58.592539159314924,3.0675914369162456,9.321656749942177,-6.254065313025931,52.31088930353309,15.602392291274041,1037.4817138671874,1062.3556762695312,1019.8672399902343,912.2078936767579,IMPAL.BO,2025-07-29 12:21:48.906311
349,2024-02-21 00:00:00+05:30,1044.440132026798,1044.5839252963694,1010.9897693169264,1027.2357177734375,501,0.0,0.0,2024-02-21,1061.922900390625,36.77654657656598,1098.699446967191,1025.146353814059,1135.4759935437569,988.3698072374931,-55.142014338225025,-10.637667816110671,30421,687.3975239506437,599.1667895933782,918.7633628578669,39.583925619047534,1027.6031374622444,1044.2165056075623,1010.6223496281193,1061.1972934416874,994.0089814828013,1077.8106615870054,977.0281936486763,-0.12413257786234112,-77.73973279365649,2.3864041475173963,10.88517307819866,-8.498768930681264,48.06670463724624,16.48842104163188,1026.85234375,1061.922900390625,1017.8395324707031,909.2024890136719,IMPAL.BO,2025-07-29 12:21:48.906311
350,2024-02-20 00:00:00+05:30,1045.0153825038587,1049.520125282606,1033.2741756228431,1041.3251953125,192,0.0,0.0,2024-02-20,1062.3400146484375,36.407884110086286,1098.747898758524,1025.9321305383512,1135.15578286861,989.524246428265,-29.714970195317953,16.048359144700324,30922,267.04701692645864,577.1091060040618,918.3022522668685,39.29893212768259,1041.373165405983,1049.4721551891228,1033.22620552936,1057.6191150657457,1025.1272157462201,1065.7181048488856,1016.9802558695972,-0.1797325633268697,-67.89831741928288,4.177797796544382,13.009865310868975,-8.832067514324592,50.199205245980764,17.112828193029447,1030.43701171875,1062.3400146484375,1016.7281323242188,906.5477661132812,IMPAL.BO,2025-07-29 12:21:48.906311
351,2024-02-19 00:00:00+05:30,1042.3794661791276,1044.7276604506976,1030.734083995162,1036.964111328125,196,0.0,0.0,2024-02-19,1064.6776245117187,36.488388979171575,1101.1660134908902,1028.1892355325472,1137.6544024700618,991.7008465533755,-44.72375407314295,13.484553229625076,30730,271.4688000041739,654.6246282734626,918.1015077310312,36.242691777089085,1037.475285257995,1044.2164865208279,1030.2229100652924,1051.4688617135305,1023.4817088024595,1058.2100629763634,1016.2293336097568,-0.11737452458343944,-70.94450836949879,5.020424486579714,15.21788218945012,-10.197457702870407,49.556156647193056,18.373187385269716,1025.3091796875,1064.6776245117187,1014.8413354492187,903.7402612304687,IMPAL.BO,2025-07-29 12:21:48.906311
352,2024-02-16 00:00:00+05:30,1040.7500621089714,1042.3795241637472,1019.9514011174253,1027.2357177734375,77,0.0,0.0,2024-02-16,1062.3376251220702,39.71699831475258,1102.0546234368228,1022.6206268073176,1141.7716217515754,982.9036284925651,-67.45354032898905,3.797894514611849,30534,105.64792284271373,750.4135853407847,917.9031807798187,31.452469838315935,1029.8555476848699,1039.7596942523144,1017.3315712059925,1052.2836707311917,1007.427424638548,1062.1878172986362,994.9034481596707,-0.12548827295647275,-77.73973279365649,6.452675649001549,17.76724661516772,-11.314570966166173,48.16928460440233,19.599245390426855,1027.3028076171875,1062.3376251220702,1013.4221899414063,901.0481726074219,IMPAL.BO,2025-07-29 12:21:48.906311
353,2024-02-15 00:00:00+05:30,1045.4945818844099,1062.1239407576625,995.3667718051581,1001.5009765625,1152,0.0,0.0,2024-02-15,1061.8916320800781,40.17930412970875,1102.0709362097869,1021.7123279503694,1142.2502403394956,981.5330238206607,-89.29550263257305,-9.964204963914797,30457,1541.0047664871308,911.6050009653023,917.8314665483316,33.7656472652572,1019.6638963751069,1043.9610209450557,977.2038519925513,1086.4210653276114,952.9067274226026,1110.71818989756,910.446683040047,-0.13431228764034525,-95.71529484744279,9.146722704776039,20.59588935670926,-11.449166651933222,44.416845266657724,20.85841711025649,1041.6031005859375,1061.8916320800781,1012.3982897949219,898.4039129638672,IMPAL.BO,2025-07-29 12:21:48.906311
354,2024-02-14 00:00:00+05:30,1018.9450395611254,1055.2229492182526,1018.9450395611254,1045.1590576171875,278,0.0,0.0,2024-02-14,1063.5407958984374,38.19816161094374,1101.7389575093812,1025.3426342874936,1139.937119120325,987.1444726765499,-62.77470590398056,23.95835304546866,31609,388.0854051318405,754.2550595848452,917.0022502307762,48.86087241441174,1039.7756821321884,1060.6063247032514,1024.3284150461243,1076.0535917893155,1003.4977724750613,1096.8842343603785,988.0505053889972,-0.0014652503443525861,-70.3515805790681,14.991814695370977,23.458181019692564,-8.466366324321587,50.136053121440014,22.214448193149945,1062.58388671875,1063.5407958984374,1012.059326171875,896.0298394775391,IMPAL.BO,2025-07-29 12:21:48.906311
355,2024-02-13 00:00:00+05:30,1029.2963180239014,1029.2963180239014,1002.0278992046809,1015.68603515625,1169,0.0,0.0,2024-02-13,1062.5172485351563,38.98284463880174,1101.500093173958,1023.5344038963547,1140.4829378127597,984.5515592575529,-119.09905638317693,-10.99568599302851,31331,1585.8938622632936,845.7974731980962,916.6950125176362,43.12762412090949,1015.6700841282774,1029.312269051874,1002.0438502326533,1042.938502947498,988.4016653090569,1056.5806878710944,974.7754314134328,0.010950858183579468,-89.97902376217033,17.948495478013683,25.57477260077296,-7.6262771227592765,45.75849826253845,23.635070184470187,1075.561474609375,1062.5172485351563,1010.1586218261718,893.2729205322265,IMPAL.BO,2025-07-29 12:21:48.906311
356,2024-02-12 00:00:00+05:30,1089.2963929749728,1091.836350771307,1000.6383055573001,1046.9322509765625,416,0.0,0.0,2024-02-12,1062.45615234375,39.06098345470846,1101.5171357984586,1023.3951688890417,1140.578119253167,984.3341854343332,-83.69547419122824,37.528315546497936,32500,581.7173740852711,660.7733759317967,915.6869239272768,44.88717681999077,1046.4689691017231,1092.2996326461462,1001.1015874321392,1137.66701431573,955.2709238877162,1183.497677860153,909.9035422181323,0.028284948733990227,-69.17072944783736,24.364642093943758,27.48134188146278,-3.116699787519021,50.088282867918956,25.153007256078148,1094.2625244140625,1062.45615234375,1009.5340551757813,890.8335583496093,IMPAL.BO,2025-07-29 12:21:48.906311
357,2024-02-09 00:00:00+05:30,1083.06629109737,1106.1652921357756,1083.06629109737,1098.7371826171875,185,0.0,0.0,2024-02-09,1059.494107055664,42.40330099248237,1101.8974080481464,1017.0908060631816,1144.3007090406288,974.6875050706992,26.84228508133368,113.63283126294866,32916,271.49740072046774,680.5373763934281,915.2095680479621,58.56216179786254,1095.9895886167776,1108.9128861361853,1085.8138850977796,1119.0885896551833,1072.8905875783719,1132.011887174591,1062.7148840593738,0.016777039294014643,-36.98764491029569,29.132813974551482,28.26051682834253,0.8722971462089504,58.62687638781291,26.7877087178098,1102.767333984375,1059.494107055664,1008.7562963867188,888.0165850830078,IMPAL.BO,2025-07-29 12:21:48.906311
358,2024-02-08 00:00:00+05:30,1133.8170040811403,1133.8170040811403,1094.9512883957836,1106.4049072265625,193,9.0,0.0,2024-02-08,1054.7668731689453,43.063033472417274,1097.8299066413626,1011.703839696528,1140.8929401137798,968.6408062241107,64.58765439055817,145.48269873249404,33101,285.21445230072595,782.7973703116681,914.9122363081988,56.49817762024616,1111.7243999011623,1128.497511406541,1089.6317957211843,1150.590115586519,1072.8586842158056,1167.3632270918977,1050.7660800358276,0.0230686614665595,-25.88991617830552,29.694111766562855,28.042442541790294,1.6516692247725615,60.033987216580506,27.08985262274872,1090.7061279296875,1054.7668731689453,1004.8643408203125,884.9882830810546,IMPAL.BO,2025-07-29 12:21:48.906311
359,2024-02-07 00:00:00+05:30,1131.3985802956358,1131.3985802956358,1107.7643942874672,1110.0469970703125,278,0.0,0.0,2024-02-07,1048.2486633300782,44.67169899461906,1092.9203623246972,1003.5769643354591,1137.5920613193164,958.9052653408401,85.6844315524566,165.11575969201695,33294,412.17940507118755,907.1930998144037,914.5880368881454,59.34985910275815,1116.403323884472,1125.0422534814768,1101.4080674733082,1140.0375098926406,1092.7691378763034,1148.6764394896454,1077.7738814651395,0.01733455213695627,-23.76598573172257,29.207677549857635,27.629525235597153,1.5781523142604819,60.67574030841962,27.0492156655582,1079.203759765625,1048.2486633300782,999.8793688964844,881.7991345214843,IMPAL.BO,2025-07-29 12:21:48.906311
360,2024-02-06 00:00:00+05:30,1138.5319264408477,1138.5319264408477,1079.4701886764806,1109.1912841796875,1353,0.0,0.0,2024-02-06,1044.178076171875,42.3953270203946,1086.5734031922698,1001.7827491514805,1128.9687302126642,959.3874221310859,86.74597896939301,169.0858798373135,33016,2004.492200530943,1030.9465235002076,914.110217762832,66.19655872818738,1109.0644664323386,1138.6587441881966,1079.5970064238295,1168.1262041967057,1050.0027286679715,1197.7204819525637,1020.5352686594624,0.06047264615632781,-23.35192697037046,27.78366311279956,27.23498715703203,0.5486759557675285,60.58329956440548,26.60948992641686,1065.52734375,1044.178076171875,993.7848828125,878.6448956298829,IMPAL.BO,2025-07-29 12:21:48.906311
361,2024-02-05 00:00:00+05:30,1059.2120705445434,1102.2958099884738,1059.2120705445434,1089.456298828125,243,0.0,0.0,2024-02-05,1039.1730377197266,40.16631400612679,1079.3393517258535,999.0067237135999,1119.5056657319801,958.840409707473,32.18735443864433,140.81465672631893,31663,353.60322198486347,787.5601042425236,911.761265820874,63.63222314022492,1083.6547264537141,1108.097382362885,1065.0136429189545,1126.7384658976446,1040.5709870097837,1151.1811218068153,1021.929903475024,0.08342261406717284,-34.427565530431956,25.623803275600494,27.097818168090143,-1.4740148924896488,58.505330200136065,26.135939130418492,1059.4689697265626,1039.1730377197266,988.0356323242188,875.5791040039062,IMPAL.BO,2025-07-29 12:21:48.906311
362,2024-02-02 00:00:00+05:30,1033.8660622803409,1050.6049580422052,1023.3566377306113,1038.43115234375,592,0.0,0.0,2024-02-02,1033.4071502685547,40.8395396287142,1074.2466898972689,992.5676106398405,1115.086229525983,951.7280710111263,-58.98692104683121,66.7789118896491,31420,821.1065958960014,896.0493248069386,911.3761574317622,63.638072082146934,1037.4642493721888,1051.5718610137662,1024.3235407021723,1064.7125696837827,1010.2159290605948,1078.8201813253602,997.0752203905784,0.09147746110465092,-62.18421066128118,24.41388577963471,27.466321891212555,-3.052436111577844,52.490028043109234,26.190139560614256,1066.0979736328125,1033.4071502685547,982.4214392089843,872.8090991210937,IMPAL.BO,2025-07-29 12:21:48.906311
363,2024-02-01 00:00:00+05:30,1050.3196789414442,1067.1061763251662,1033.818550503971,1048.89306640625,540,0.0,0.0,2024-02-01,1029.8810424804688,43.350220518742724,1073.2312629992114,986.530821961726,1116.5814835179542,943.1806014429833,-26.65593941085631,94.9911646962717,32012,756.528163426888,914.7850070346727,910.7017630248844,65.81156818440053,1049.9392644117959,1066.0599783196208,1032.7723524984256,1083.226890232991,1016.6516385906007,1099.347604140816,999.4847266772304,0.07640113935073163,-56.39468530383156,27.52012120326617,28.229430919107017,-0.7093097158408455,53.97944037392941,27.21733749621349,1079.6317626953125,1029.8810424804688,977.37123046875,870.1689154052734,IMPAL.BO,2025-07-29 12:21:48.906311
364,2024-01-31 00:00:00+05:30,1078.8995272925906,1078.8995272925906,1037.1473106413882,1041.6649169921875,246,0.0,0.0,2024-01-31,1026.1861145019532,44.77053521624071,1070.9566497181938,981.4155792857125,1115.7271849344345,936.6450440694717,-13.85263793077282,106.97517292838089,31472,342.2656146720541,954.3492179366187,910.0294325521842,70.924143865068,1052.5705849753888,1067.9938593093893,1026.241642658187,1094.3228016265912,1010.8183683241864,1109.7460759605917,984.4894260069846,0.09936780203144768,-60.39467556088682,30.049732274286384,28.40675834806723,1.642973926219156,53.12576197845009,28.038998224780595,1079.051611328125,1026.1861145019532,972.3933032226563,867.3099835205078,IMPAL.BO,2025-07-29 12:21:48.906311
365,2024-01-30 00:00:00+05:30,1100.15591533632,1112.7576580449488,1075.7133362953928,1078.8994140625,614,0.0,0.0,2024-01-30,1022.2391479492187,46.76913630702933,1069.008284256248,975.4700116421893,1115.7774205632772,928.70087533516,62.06852264379181,190.12954939439945,31718,884.8088425722269,1107.37011875276,909.7370307573361,71.36014730049754,1089.1234694676139,1102.533602639835,1065.489280890279,1126.16779121717,1052.0791477180578,1139.577924389391,1028.4449591407229,0.11107985805208687,-39.78945325905645,33.54496522001875,27.996014866512436,5.548950353506317,58.296531323193406,28.836186682531746,1077.834228515625,1022.2391479492187,967.4401037597656,864.3977917480469,IMPAL.BO,2025-07-29 12:21:48.906311
366,2024-01-29 00:00:00+05:30,1106.1001908386093,1128.6406212032496,1097.6832005681686,1122.601318359375,314,0.0,0.0,2024-01-29,1016.1475128173828,46.934775829974654,1063.0822886473575,969.2127369874081,1110.017064477332,922.2779611574335,127.75341617481614,274.2674433727768,32332,470.8204540570576,1163.0104377978932,908.7939288128571,79.67165882916457,1116.3083800435977,1134.9335595190269,1103.9761388839459,1147.2658006786787,1085.3509594085167,1165.8909801541079,1073.0187182488648,0.13374004382437737,-15.605228309006185,33.84463170088725,26.608777278135854,7.235854422751395,65.21484371628125,28.63022360438529,1079.66982421875,1016.1475128173828,961.8943859863281,861.1422625732422,IMPAL.BO,2025-07-29 12:21:48.906311
367,2024-01-25 00:00:00+05:30,1098.4914985322173,1150.800617509942,1064.9185084582195,1106.10009765625,1129,0.0,0.0,2024-01-25,1009.6492919921875,39.888257800985365,1049.537549793173,969.7610341912022,1089.4258075941582,929.8727763902168,158.4438089230621,290.8810232607587,32018,1667.9710110711503,1336.057933733102,908.1825944203385,79.97946033989206,1107.2730745414704,1149.6276406247212,1063.7455315729987,1193.1551835931928,1021.3909654897479,1235.5097496764436,977.8634225212763,0.13319515553185107,-24.736849455852592,29.411522731233276,24.799813672448,4.6117090587852765,63.7046731941685,27.737374862852942,1053.1823852539062,1009.6492919921875,955.4755822753906,857.4459100341796,IMPAL.BO,2025-07-29 12:21:48.906311
368,2024-01-24 00:00:00+05:30,1017.6502287236605,1061.5423622755982,1010.041628882736,1045.9923095703125,671,0.0,0.0,2024-01-24,1004.0664855957032,32.875745710415096,1036.9422313061182,971.190739885288,1069.8179770165334,938.3149941748729,43.96269882977972,137.52954975726473,30889,937.4565276938545,1253.0796643985896,906.1267390793809,74.24654726161702,1039.1921002428824,1068.3425716030288,1016.8418382101665,1090.6928336357446,987.6913668500201,1119.843304995891,965.3411048173043,0.1343776979605001,-46.17154121968223,24.915290972192224,23.64688640775168,1.2684045644405444,57.45666379704086,26.77584544889503,1035.625537109375,1004.0664855957032,949.2118054199219,853.8917437744141,IMPAL.BO,2025-07-29 12:21:48.906311
369,2024-01-23 00:00:00+05:30,1122.268513437264,1122.268513437264,1026.1148530055914,1035.5780029296875,804,0.0,0.0,2024-01-23,1001.3749328613281,31.4346014049222,1032.8095342662502,969.9403314564059,1064.2441356711724,938.5057300514837,119.52499783745286,193.06752760666672,30218,1112.0875824482926,1331.985448574773,905.2579042759276,79.40551783658105,1061.3204564575142,1096.526059909437,1000.3723994777645,1157.4741168891867,965.1667960258417,1192.6797203411095,904.218739046092,-0.0032619741484883266,-52.47553334245181,24.700953819880738,23.32978526664154,1.3711685532391975,56.24541359060871,27.131929374427294,1033.32392578125,1001.3749328613281,943.8515454101563,851.0499310302735,IMPAL.BO,2025-07-29 12:21:48.906311
370,2024-01-19 00:00:00+05:30,1055.6932426154426,1108.0023672495413,1055.6932426154426,1088.077392578125,1925,0.0,0.0,2024-01-19,1000.0862274169922,30.472188609404807,1030.558416026397,969.6140388075873,1061.0306046358019,939.1418501981826,236.9045463887207,248.79827784792408,31022,2797.6323843946707,1386.959915106393,904.2806311649755,86.20598601717273,1083.924334147703,1112.1554256799632,1059.8463010458645,1136.2334587818016,1031.6152095136042,1164.4645503140619,1007.5371764117658,0.10655306935019801,-12.359849787783906,25.077931849787774,22.98699312833174,2.090938721456034,64.89826618090316,27.014463079944356,1031.145947265625,1000.0862274169922,938.7870703125,848.2404553222656,IMPAL.BO,2025-07-29 12:21:48.906311
371,2024-01-17 00:00:00+05:30,1010.1842980016306,1010.1842980016306,979.3218457069614,990.1641235351562,566,0.0,0.0,2024-01-17,991.5099060058594,28.476361890354784,1019.9862678962143,963.0335441155046,1048.462629786569,934.5571822251499,-82.14981130530263,53.71495144456563,29097,748.5550482469457,1034.2917977843233,900.9202728585967,80.2894221569718,993.2234224145827,1007.124999122204,976.2625468275348,1024.085874709252,962.3609701199135,1037.9874514168732,945.4000945328656,0.07048022094162643,-63.373523383704516,20.010214864371164,22.46425844796773,-2.4540435835965653,52.15055724784921,25.895947709057822,1016.423291015625,991.5099060058594,932.706845703125,844.873173828125,IMPAL.BO,2025-07-29 12:21:48.906311
372,2024-01-16 00:00:00+05:30,1046.2299983447303,1053.7433972349263,1005.3337773257425,1018.3158569335938,392,0.0,0.0,2024-01-16,989.7979736328125,29.569709624085707,1019.3676832568982,960.2282640087268,1048.937392880984,930.6585543846411,96.10594473494959,116.9983642171303,29663,533.1736762864901,1105.7259851686676,900.4379335493434,82.65920438063668,1025.7976771647543,1046.261577003766,997.8519570945823,1074.2072970739382,977.3880572555705,1094.6711969129499,949.4423371853985,0.08349027907365289,-39.59851090376728,22.86178984387459,23.07776934386687,-0.2159794999922795,57.74967755327564,26.69059641580223,1015.9287353515625,989.7979736328125,928.2092138671875,842.5430407714844,IMPAL.BO,2025-07-29 12:21:48.906311
373,2024-01-15 00:00:00+05:30,972.6168925306309,1065.2040225183093,972.6168925306309,1034.4842529296875,2357,0.0,0.0,2024-01-15,986.8853118896484,29.48169486825126,1016.3670067578996,957.4036170213972,1045.8487016261508,927.9219221531458,115.5898010054599,107.5586871409557,30055,3256.7437811805125,1248.864062389212,899.9950340662883,78.89001302970036,1024.1017226595425,1075.586552788454,982.9994228007756,1116.6888526472208,931.5145926718641,1168.1736827761324,890.4122928130972,0.09625070955607941,-25.943798735704767,23.393759977727882,23.131764218864937,0.2619957588629447,61.25775231806761,26.449835782883405,1013.1040649414062,986.8853118896484,922.8071105957031,839.9309143066406,IMPAL.BO,2025-07-29 12:21:48.906311
374,2024-01-12 00:00:00+05:30,1014.4640552776173,1034.6743967028578,994.7292512976765,1024.6881103515625,609,0.0,0.0,2024-01-12,983.5208801269531,27.539324192081285,1011.0602043190344,955.9815559348718,1038.5995285111158,928.4422317427906,104.70070718081644,94.47407391634488,27698,833.5067390177915,746.8941326913867,896.8864859181227,69.25848642163453,1018.0305861173656,1041.3319209370547,1001.3867755318734,1057.975731522547,978.0854407121842,1081.2770663422361,961.441630126692,0.056859185272678345,-22.037277603607752,22.128050013459415,23.0662652791492,-0.9382152656897844,59.886422088469075,26.19055510127852,1001.4153564453125,983.5208801269531,916.8762072753906,837.1651879882812,IMPAL.BO,2025-07-29 12:21:48.906311
375,2024-01-11 00:00:00+05:30,1017.6025889817032,1017.6501891680668,970.0964420106806,1014.464111328125,265,0.0,0.0,2024-01-11,981.0813751220703,25.807196843570296,1006.8885719656406,955.2741782785,1032.695768809211,929.4669814349297,45.42327774679165,69.8792432869444,27089,359.0729480903889,725.2409811097856,896.1186549184683,73.72004065604199,1000.7369141689575,1031.3773863272345,983.8236391698481,1048.2906613263438,953.1831670115712,1078.9311334846207,936.2698920124618,0.057153846320202206,-32.27042831365587,21.13705584321167,23.300819095571644,-2.163763252359974,58.462664650438455,26.681331932658818,1002.20478515625,981.0813751220703,911.4294018554688,834.573984375,IMPAL.BO,2025-07-29 12:21:48.906311
376,2024-01-10 00:00:00+05:30,1011.8010722130508,1013.7032221316157,982.4604329387902,987.6913452148438,232,0.0,0.0,2024-01-10,978.1330444335938,25.152682610033462,1003.2857270436273,952.9803618235603,1028.4384096536608,927.8276792135268,30.959350018323484,62.58464200091469,26824,306.06196270224643,816.7829893646348,895.8084516944471,83.01785887950456,994.6183334284166,1006.776233918043,975.5334447252175,1025.861122621242,963.3755442355911,1038.0190231108686,944.290655532392,0.013717302597837377,-50.97975669212297,20.554933576896588,23.841759908661636,-3.286826331765049,54.53796655385408,27.701766179539835,1001.1300659179688,978.1330444335938,905.8133044433594,832.1173571777343,IMPAL.BO,2025-07-29 12:21:48.906311
377,2024-01-09 00:00:00+05:30,993.0649739400081,1014.1313081862436,986.8353863168522,1004.1925048828125,590,0.0,0.0,2024-01-09,976.651742553711,25.430979086913183,1002.0827216406242,951.2207634667977,1027.5137007275373,925.7897843798846,63.21960305551897,71.18298938761328,27056,791.3509226284715,944.4632460302317,895.5971177600304,80.4174732790051,1001.7197331286361,1016.60407994042,989.3081580710286,1029.0156549980275,974.4238112592448,1043.9000018098113,962.0122362016373,0.01281632410118388,-34.409236396366225,22.134914101984464,24.663466491602897,-2.528552389618433,57.65586528968467,28.3048439892853,998.4195068359375,976.651742553711,900.5253283691407,829.8537994384766,IMPAL.BO,2025-07-29 12:21:48.906311
378,2024-01-08 00:00:00+05:30,1041.1417472063551,1041.1893473951593,970.0964917497715,976.0407104492188,191,0.0,0.0,2024-01-08,975.1300231933594,24.593030814369477,999.7230540077289,950.5369923789899,1024.3160848220984,925.9439615646205,41.17230695895313,65.91342277946036,26466,249.0011916217829,982.7413268806717,894.9581812195885,78.66621113587351,995.7755165313832,1021.4545413129949,950.3616856676072,1066.8683721767711,924.6826608859955,1092.5473969583827,879.2688300222194,0.04662101368640729,-51.93957127918945,22.197276259956197,25.295604589007503,-3.0983283290513057,53.43894226027859,28.778853230932565,991.1628051757813,975.1300231933594,895.2725415039063,827.1993487548829,IMPAL.BO,2025-07-29 12:21:48.906311
379,2024-01-05 00:00:00+05:30,1013.2753688211805,1046.7056796303254,998.5811898235766,1028.63525390625,1904,0.0,0.0,2024-01-05,973.9911102294922,25.071419068591258,999.0625292980834,948.9196911609009,1024.1339483666748,923.8482720923097,146.89825036436426,95.21015532054034,26657,2615.9441913064525,1166.176360695394,894.8034482064812,79.64447199554513,1024.6407077867173,1050.700225749858,1002.5757359431091,1072.7651975934662,976.5162179799684,1098.8247155566069,954.4512461363602,0.046838481026891296,-19.188552086227194,24.7133215615778,26.070186671270328,-1.356865109692528,64.59905756722972,29.289324721937312,990.953564453125,973.9911102294922,890.3649938964844,824.7764849853515,IMPAL.BO,2025-07-29 12:21:48.906311
380,2024-01-04 00:00:00+05:30,979.6071918857873,1017.6501896289246,979.6071918857873,1009.0905151367188,541,0.0,0.0,2024-01-04,971.1426330566406,21.52121796351862,992.6638510201593,949.621415093122,1014.1850689836779,928.1001971296034,84.7760297722417,75.80165034472125,24753,729.1678554623188,803.7344030426292,892.2081337625107,68.15299414096023,1002.115965550477,1024.6247392151668,986.5817414720293,1040.1589632936143,964.0729678073396,1062.667736958304,948.538743728892,0.02711848124697858,-31.359208441202675,22.380412076043626,26.409402948693458,-4.028990872649832,61.850284839253355,28.715236268203043,977.771630859375,971.1426330566406,884.4435986328125,821.8562084960937,IMPAL.BO,2025-07-29 12:21:48.906311
381,2024-01-03 00:00:00+05:30,978.5610716882816,980.7960746752102,957.0667422769025,974.1385498046875,560,0.0,0.0,2024-01-03,968.0373748779297,20.197411972989833,988.2347868509195,947.8399629049399,1008.4321988239093,927.64255093195,-22.070440713803528,49.610059617056535,24212,728.6330776663161,822.3760399377067,891.5605295724752,67.69193320180966,970.6671222522667,984.267502227631,960.5381698293232,994.3964546505745,946.937789853959,1007.9968346259387,936.8088374310155,-0.05309326383505524,-53.12406106999896,20.979344476017445,27.41665066685591,-6.437306190838466,56.202005430790244,28.7186110162871,967.3668701171875,968.0373748779297,879.1870080566406,819.1741778564453,IMPAL.BO,2025-07-29 12:21:48.906311
382,2024-01-02 00:00:00+05:30,986.169647389501,990.4969687905547,962.1074045075336,967.9089965820312,313,0.0,0.0,2024-01-02,967.6307891845703,20.149919775349755,987.78070895992,947.4808694092205,1007.9306287352698,927.3309496338708,-4.072055257330865,54.07899386892196,23652,404.6494831115312,845.8117805055541,891.0841931627388,67.24141028835506,973.5044566267065,984.9015087458795,956.5119444628584,1001.8940209097276,945.1148923436855,1013.2910730289005,928.1223801798374,-0.10532735287793615,-57.00325088225541,22.309923536319957,29.025977214565525,-6.716053678245569,55.10170598220726,29.694212093903072,971.0665405273437,967.6307891845703,874.8577136230468,816.9168017578126,IMPAL.BO,2025-07-29 12:21:48.906311
383,2024-01-01 00:00:00+05:30,979.5595969306842,979.5595969306842,946.7951113886365,974.9945068359375,377,0.0,0.0,2024-01-01,968.0373748779297,20.237678785541398,988.2750536634711,947.7996960923882,1008.5127324490124,927.5620173068469,-21.54002847706085,51.126871487210494,23965,490.9572129762455,956.1023548540597,890.8357028045637,64.8992558535013,967.1164050517527,987.4376987148689,954.6732131728213,999.8808905938004,934.3519195097051,1020.2021842569166,921.9087276307737,-0.16945172922525611,-52.591050165897805,24.288955400054874,30.70499063412692,-6.416035234072044,56.60443486541978,30.53942232706167,976.37353515625,968.0373748779297,870.4970349121094,814.6113958740234,IMPAL.BO,2025-07-29 12:21:48.906311
384,2023-12-29 00:00:00+05:30,957.0666785644702,972.7118725784916,953.5952899424816,962.7255859375,315,0.0,0.0,2023-12-29,968.5152893066406,20.521488860729765,989.0367781673704,947.9938004459109,1009.5582670281002,927.472311585181,-35.461292958960456,50.33566396254647,23588,405.0542502997604,1072.3886403235133,890.5065482158029,67.01042212458162,963.0109161528244,972.4265423631672,953.3099597271572,982.1274987888344,943.8943335168144,991.5431249991772,934.1933770911472,-0.10333696437440801,-60.23099981485599,25.75688601270872,32.308999442644925,-6.552113429936206,54.61542227646421,31.753740887307096,979.806884765625,968.5152893066406,866.0298364257812,812.3483135986328,IMPAL.BO,2025-07-29 12:21:48.906311
385,2023-12-28 00:00:00+05:30,1016.6040381780992,1016.6515222668316,947.1755667663955,957.0667114257812,304,0.0,0.0,2023-12-28,967.8852020263672,20.89860625776881,988.7838082841361,946.9865957685984,1009.6824145419048,926.0879895108296,-1.6306166683807302,60.84464594962642,23273,388.6117434216643,1239.2222378294514,890.2697694146087,67.54822112215277,973.6312668196693,1000.0869668729432,930.611011372507,1043.1072223201054,904.1553113192332,1069.5629223733795,861.1350558720709,-0.14986715109774643,-63.75482368634335,28.454328991442026,33.94702780012897,-5.492698808686946,53.70655841087713,33.25224749476245,989.2225463867187,967.8852020263672,861.8051623535156,,IMPAL.BO,2025-07-29 12:21:48.906311
386,2023-12-27 00:00:00+05:30,997.249708348169,997.249708348169,975.9456057553729,992.6369018554688,327,0.0,0.0,2023-12-27,969.254751586914,21.04928782950438,990.3040394164184,948.2054637574097,1011.3533272459229,927.1561759279052,53.764253590804266,74.49072168021412,23577,433.549105790449,1451.8748614313981,890.0577444141243,69.83390808380653,988.6107386530035,1001.2758715506342,979.9717689578381,1009.9148412457996,967.3066360602074,1022.5799741434303,958.667666365042,-0.18413304534486824,-41.60499762288929,32.03406061322505,35.3202025023007,-3.286141889075651,60.81332474533537,34.866023841252826,981.1193969726562,969.254751586914,857.8135009765625,,IMPAL.BO,2025-07-29 12:21:48.906311
387,2023-12-26 00:00:00+05:30,1003.384097702951,1007.7590193643267,993.8733479616907,994.4439697265625,172,0.0,0.0,2023-12-26,970.0251220703125,22.20053749907771,992.2256595693902,947.8245845712347,1014.4261970684679,925.624047072157,104.79982191580679,85.0030399501681,23904,228.45932605256814,1706.4563003416351,889.7063060669612,65.04656984843761,998.69211235086,1003.5108767400294,989.6252053373934,1012.5777837534961,984.806440948224,1017.3965481426654,975.7395339347573,-0.04568741469130316,-40.47972281985714,32.62871248647468,36.141737974569615,-3.5130254880949323,61.19595335928301,35.5864653282151,973.7771118164062,970.0251220703125,853.0704895019531,,IMPAL.BO,2025-07-29 12:21:48.906311
388,2023-12-22 00:00:00+05:30,1017.6025075767964,1034.9596239007292,990.0689366144725,992.1612548828125,1747,0.0,0.0,2023-12-22,965.5098937988281,25.855179058200665,991.3650728570287,939.6547147406275,1017.2202519152295,913.7995356824267,180.0592780814164,94.09753904822703,23732,2315.129527828532,2075.9555439139017,889.5172211314127,56.97897710252273,1005.7299384660047,1021.3909403175369,976.5002530312802,1050.6206257522613,960.839251179748,1066.2816276037936,931.6095657450235,-0.0019754665735949813,-41.901186582933526,32.717703844671746,37.01999434659335,-4.302290501921604,60.908256362883435,35.656081696663676,966.9008422851563,965.5098937988281,848.1334594726562,,IMPAL.BO,2025-07-29 12:21:48.906311
389,2023-12-21 00:00:00+05:30,920.8308382755922,1059.4499632327143,918.6909194984821,1009.8038940429688,4573,0.0,0.0,2023-12-21,958.7596466064454,34.656360018898155,993.4160066253435,924.1032865875472,1028.0723666442416,889.446926568649,218.53656613704038,92.10739125223303,25479,6167.914833159912,2016.1620479352437,887.5999231643691,61.58177525272486,995.981592258055,1073.272265017628,932.5132212833958,1136.740635992287,855.2225485238229,1214.03130875186,791.7541775491636,0.043262059717911056,-30.91498201171506,32.56072979023793,38.095566972073755,-5.534837181835826,64.3350254245016,35.731053170377535,961.90771484375,958.7596466064454,843.214501953125,,IMPAL.BO,2025-07-29 12:21:48.906311
390,2023-12-20 00:00:00+05:30,960.4906397785422,960.7759506610342,898.8609350038367,916.5509643554688,673,0.0,0.0,2023-12-20,948.5355865478516,46.82945429344697,995.3650408412985,901.7061322544047,1042.1944951347455,854.8766779609576,-285.29835087697734,46.93911016234285,20906,823.8948890455587,978.2238516290766,881.3175889373772,61.06177820431513,925.3959500067799,951.9309650097231,890.0159493525256,987.3109656639774,863.4809343495824,1013.8459806669206,828.1009336953281,0.009196131567111568,-86.67142534079298,30.12887839734526,39.47927626753271,-9.35039787018745,50.72751340665909,35.811791680530916,955.1265380859375,948.5355865478516,837.8523388671875,,IMPAL.BO,2025-07-29 12:21:48.906311
391,2023-12-19 00:00:00+05:30,946.3196416250667,970.9525077774246,936.4284382316922,955.9254760742188,124,0.0,0.0,2023-12-19,943.7944763183593,54.42249473799893,998.2169710563583,889.3719815803604,1052.6394657943572,834.9494868423615,-129.97217552716623,70.41395309034802,21579,158.3236694874715,1016.806092274956,881.0489913721437,56.63584638752941,954.4354740277786,972.442509823865,937.9184402781326,988.9595435735109,919.9114044820462,1006.9665793695973,903.3943707324003,0.015375962510254327,-60.24233520875075,35.74287418328413,41.81687573507957,-6.07400155179544,59.64983675510827,38.28923261529164,962.9158447265625,943.7944763183593,834.4237145996094,,IMPAL.BO,2025-07-29 12:21:48.906311
392,2023-12-18 00:00:00+05:30,962.3451671260977,970.3817620816732,951.4078051762281,960.0626220703125,44,0.0,0.0,2023-12-18,936.4355346679688,62.104337675160316,998.5398723431291,874.3311969928085,1060.6442100182894,812.2268593176482,-71.54742987873213,79.14754022362726,21703,56.4225050454589,1231.426697971827,880.9436714984745,50.4554533391291,960.6173964427379,969.8269877092478,950.8530308038027,979.591353348183,941.6434395372928,988.8009446146929,931.8790738983575,0.03467300367731827,-56.948153782684294,38.51113847959732,43.335376123028425,-4.824237643431104,60.69219613652101,39.345724005345666,963.3438110351562,936.4355346679688,830.1486315917969,,IMPAL.BO,2025-07-29 12:21:48.906311
393,2023-12-15 00:00:00+05:30,978.5133739985348,980.1777550503224,952.1210458916161,967.1956176757812,1132,0.0,0.0,2023-12-15,927.7284393310547,70.28596767934849,998.0144070104031,857.4424716517062,1068.3003746897516,787.1565039723578,-12.91209699049043,88.49948935268785,21747,1462.3821345266574,1525.177746203419,880.9041627560056,77.50050739506543,966.49813953924,980.875233186864,952.8185240281576,994.5548486979463,938.4414303805337,1008.9319423455703,924.7618148694513,0.03264650926937966,-65.79859350918514,41.06440735208628,44.541435533886194,-3.4770281817999162,62.43703363876879,39.708114804563266,966.08291015625,927.7284393310547,825.9058862304687,,IMPAL.BO,2025-07-29 12:21:48.906311
394,2023-12-14 00:00:00+05:30,962.77318718684,978.2282136053504,959.6346513739127,975.8980102539062,396,0.0,0.0,2023-12-14,919.3684936523438,75.1217229718922,994.4902166242359,844.2467706804516,1069.6119395961282,769.1250477085594,29.978307623098676,98.06874156828044,22879,516.1783015757749,1540.8766491226095,879.7811367276869,80.63260492202927,971.2536250777231,982.8725987815335,964.2790365500957,989.8471873091609,952.6600628462853,1001.4661610129713,945.685474318658,0.03652801911257827,-50.96685961455011,43.00868524508144,45.41069257933617,-2.4020073342547335,64.53931843038058,40.0611923968232,963.2962768554687,919.3684936523438,821.4776818847656,,IMPAL.BO,2025-07-29 12:21:48.906311
395,2023-12-13 00:00:00+05:30,979.6072249730349,979.6072249730349,950.1239007262736,955.4974975585938,641,0.0,0.0,2023-12-13,910.2738403320312,78.83639654210654,989.1102368741377,831.4374437899247,1067.9466334162444,752.6010472478181,-59.64148794373677,98.0730476902149,22483,818.064806143183,1797.051236009318,879.3415423185354,81.03000189275102,961.7428744193007,973.3618481123278,943.8785238655665,991.226198666062,932.2595501725394,1002.8451723590891,914.3951996188052,0.02009553294102829,-47.55412931417548,43.989249562584405,46.011194412899854,-2.0219448503154496,61.73395524563163,40.063045331686155,962.4498168945313,910.2738403320312,817.0523303222657,,IMPAL.BO,2025-07-29 12:21:48.906311
396,2023-12-12 00:00:00+05:30,979.0840403528069,981.4617276780583,953.9756970275565,958.0653076171875,239,0.0,0.0,2023-12-12,902.5796417236328,81.64952122232123,984.229162945954,820.9301205013115,1065.8786841682752,739.2805992789904,-46.283915135592,107.9284293123848,23124,305.8391944026958,2041.7978434758518,878.7735449329253,81.50092051309619,964.5009107742675,975.0261245209784,947.5400938704767,991.9869414247693,937.0148801237657,1002.5121551714802,920.0540632199749,0.029710633831318126,-45.10566482698885,46.587306650250184,46.51668062547871,0.07062602477147095,62.31061859487479,40.0650408000001,960.7473876953125,902.5796417236328,812.9750720214844,,IMPAL.BO,2025-07-29 12:21:48.906311
397,2023-12-11 00:00:00+05:30,956.4961412171564,980.3205584098441,944.4174770807424,973.7581176757812,1098,0.0,0.0,2023-12-11,894.7594329833985,83.52403216321376,978.2834651466122,811.2354008201847,1061.807497309826,727.711368656971,-46.69139664561792,118.57535384927849,23363,1428.0833545021414,2475.7875057441406,878.5524291137602,82.3268971232581,966.1653843887892,987.913291696836,952.0102103677343,1002.068465717891,930.2623030596875,1023.8163730259378,916.1071290386326,0.03786995151078089,-39.52660171306478,48.9548483453508,46.49902411928584,2.455824226064955,65.79475083872407,39.89101085473085,962.335693359375,894.7594329833985,808.9596337890625,,IMPAL.BO,2025-07-29 12:21:48.906311
398,2023-12-08 00:00:00+05:30,993.3502271837814,993.3502271837814,946.3196153524581,953.262451171875,219,0.0,0.0,2023-12-08,885.71708984375,84.30708119020011,970.0241710339501,801.41000865355,1054.3312522241504,717.1029274633498,-10.401263819864202,127.92576673261773,22265,278.8410614425856,2737.71354355464,877.3168830473462,82.26773410735679,964.3107645693714,982.3019137862847,935.2713019549614,1011.3413764006947,917.2801527380481,1029.332525617608,888.240690123638,0.026694628883499574,-41.9672508629254,49.69877500459029,45.885068062769605,3.8137069418206835,63.30543165901482,39.72364520392938,962.7922119140625,885.71708984375,804.5485473632813,,IMPAL.BO,2025-07-29 12:21:48.906311
399,2023-12-07 00:00:00+05:30,958.5408301786932,974.8517881959152,958.1604350419717,971.6657104492188,191,0.0,0.0,2023-12-07,876.9529327392578,86.00943626592972,962.9623690051875,790.9434964733281,1048.9718052711173,704.9340602073984,24.498215071747026,143.9685852208607,22484,247.88506992554355,3352.4316640826537,877.1197924726285,82.29886398855345,968.2259778957019,978.2915207494322,961.6001675954886,984.9173310496454,951.5346247417584,994.9828739033757,944.9088144415451,0.026632657791044023,-36.10184810248926,51.91672742847709,44.93164132731444,6.985086101162651,67.39316901778813,39.46641781395928,969.0502807617188,876.9529327392578,800.5654455566406,,IMPAL.BO,2025-07-29 12:21:48.906311
400,2023-12-06 00:00:00+05:30,969.3356131763278,970.2391460003057,942.9908251110779,946.9853515625,1217,0.0,0.0,2023-12-06,867.4873596191406,85.45275666244943,952.9401162815901,782.0346029566912,1038.3928729440395,696.5818462942418,16.443481046421088,144.82008602706767,22293,1539.3379105783933,4128.568312621931,876.9053160621444,81.37468288225469,953.4051075579613,963.8193900048446,936.5710691156169,980.6534284471891,926.1567866687335,991.0677108940724,909.3227482263891,0.013762749429247783,-43.96785938674743,52.15731935404119,43.18536980202378,8.971949552017414,64.54145786245005,39.48694152045587,964.7419067382813,867.4873596191406,796.3673999023438,,IMPAL.BO,2025-07-29 12:21:48.906311
401,2023-12-05 00:00:00+05:30,1008.0443602334138,1008.0443602334138,945.3684979637021,966.0068359375,1953,0.0,0.0,2023-12-05,859.3414001464844,85.24062879789741,944.5820289443818,774.1007713485869,1029.8226577422793,688.8601425506895,46.45703220376421,181.80204018993052,23510,2519.89571968347,4775.875913132815,875.8775093231238,83.82178211497198,973.139898044872,1000.9112981260419,938.2354358563301,1035.8157603145837,910.4640357751603,1063.5871603957535,875.5595735866184,0.049589317331531234,-37.90541874624251,54.10572891646234,40.94238241401943,13.163346502442913,68.85054205767247,39.58379295026877,972.236376953125,859.3414001464844,792.6391870117187,,IMPAL.BO,2025-07-29 12:21:48.906311
402,2023-12-04 00:00:00+05:30,998.6287415071178,1025.2112410918369,959.8248934469291,976.0407104492188,3472,0.0,0.0,2023-12-04,849.3051849365235,83.82575109252372,933.1309360290472,765.4794338439997,1016.9566871215709,681.653682751476,69.45045362066264,221.28916789358468,25463,4526.346268643089,5339.870961495151,873.7051152461139,87.85572342416391,987.0256149959949,1014.2263365450608,948.839988900153,1052.4119626409029,921.6392673510871,1079.6126841899686,883.4536412552452,0.06970136821857426,-34.707468080440684,53.90717180541117,37.6515457884087,16.25562601700247,71.17753402152145,39.60612593657023,980.6438720703125,849.3051849365235,788.6741552734375,,IMPAL.BO,2025-07-29 12:21:48.906311
403,2023-12-01 00:00:00+05:30,905.9940234821975,1031.5835239073112,905.9940234821975,984.5527954101562,4462,0.0,0.0,2023-12-01,837.9136840820313,81.1338242607121,919.0475083427434,756.7798598213192,1000.1813326034555,675.6460355606071,74.3870319878562,236.55547019534697,28935,5867.710808385393,5543.252134708166,869.1237318853354,87.5247824334706,974.0434475998883,1042.092871717579,916.5033712924653,1099.632948025002,848.4539471747745,1167.6823721426929,790.9138708673515,0.11600462029099914,-31.99453523118095,51.84799859305656,33.58763928415807,18.260359308898487,73.12466585904659,39.14261348028908,966.2636108398438,837.9136840820313,784.4095361328125,,IMPAL.BO,2025-07-29 12:21:48.906311
404,2023-11-30 00:00:00+05:30,984.5052217378228,995.8230364488678,942.1823880093189,950.1238403320312,1897,0.0,0.0,2023-11-30,825.5829986572265,76.26899293776623,901.8519915949928,749.3140057194603,978.1209845327589,673.0450127816941,82.95262305649666,254.91643082889982,24473,2407.3967627703346,5462.1374662888575,862.0773049847054,86.06831288510153,962.7097549300726,983.2371218508263,929.5964734112773,1016.3504033696215,909.0691064905236,1036.8777702903753,875.9558249717284,0.08898737321457353,-42.967574577682704,47.58774575543339,29.022549456933454,18.565196298499934,70.04625701006556,38.64344621967861,940.7843139648437,825.5829986572265,780.0003527832031,,IMPAL.BO,2025-07-29 12:21:48.906311
405,2023-11-29 00:00:00+05:30,1026.162317885668,1026.162317885668,975.7078591349766,984.4577026367188,2162,0.0,0.0,2023-11-29,815.6941986083984,71.97200712259799,887.6662057309965,743.7221914858004,959.6382128535944,671.7501843632025,144.55999645625946,347.1528844762499,26370,2842.8430064184695,6225.822642168488,859.7313265933087,90.36284828010366,995.4426265524544,1015.1773939699322,964.7229352192408,1045.8970853031458,944.988167801763,1065.6318527206236,914.2684764685494,0.1287631645911154,-32.02484276570036,44.80303511108821,24.381250382308465,20.42178472877974,78.35619668894444,36.88578644119129,911.8240844726563,815.6941986083984,776.3872192382812,,IMPAL.BO,2025-07-29 12:21:48.906311
406,2023-11-28 00:00:00+05:30,908.2765311162966,1084.9386941056705,908.2289889810131,1008.0443115234375,22248,0.0,0.0,2023-11-28,803.1542755126953,62.20638272139221,865.3606582340875,740.9478927913032,927.5670409554798,678.7415100699109,235.6869576005261,428.94374004317115,28532,29955.0966311759,7071.567551105992,855.8251582558829,96.52864955097543,1000.4039982033737,1092.5790074257343,915.8693023010769,1177.113703328031,823.6942930787163,1269.2887125503917,739.1595971764195,0.17710719573423392,-24.507426486954333,37.17756254231972,19.275804200113527,17.901758342206193,84.77333917081378,33.70871032310016,879.2782958984375,803.1542755126953,772.1330615234375,,IMPAL.BO,2025-07-29 12:21:48.906311
407,2023-11-24 00:00:00+05:30,874.323170449144,906.707260165468,870.9944081982941,904.139404296875,2295,0.0,0.0,2023-11-24,788.9166870117188,42.21925112793587,831.1359381396546,746.6974358837829,873.3551892675905,704.478184755847,228.0405171523331,297.86591792784463,6284,2771.5212502759555,1350.6852810885143,783.4408612034194,90.189925323806,893.9470242202124,916.8996402421307,881.1867882749567,929.6598761873863,858.2341722530384,952.6124922093046,845.4739363077828,0.21495897802587494,-1.8071962736625093,24.52842690039654,14.800364614561975,9.728062285834564,77.10471877957815,30.287243734386646,839.4187622070312,788.9166870117188,767.2768737792969,,IMPAL.BO,2025-07-29 12:21:48.906311
408,2023-11-23 00:00:00+05:30,812.7410986205368,873.0868166771411,812.7410986205368,857.1563110351562,1487,0.0,0.0,2023-11-23,780.7873748779297,33.6484556568683,814.435830534798,747.1389192210613,848.0842861916663,713.4904635641931,206.3357655963159,230.45874588718237,3989,1702.4372821501468,995.476288791654,777.2148119710022,88.71486512739595,847.6614087776114,882.581718934686,822.2360008780818,908.0071268342157,787.3156907210072,942.9274369912903,761.8902828214775,0.11996869952743759,-12.757050014264685,18.19511642054431,12.368349043103333,5.8267673774409765,70.96502333367442,28.113836845371264,815.7750244140625,780.7873748779297,765.1122253417968,,IMPAL.BO,2025-07-29 12:21:48.906311
409,2023-11-22 00:00:00+05:30,840.2746963703706,840.2746963703706,803.6583117520805,805.3226928710938,453,0.0,0.0,2023-11-22,774.4627258300782,30.255347104175648,804.7180729342538,744.2073787259026,834.9734200384295,713.9520316217269,120.43275216173465,170.59083540792972,2502,487.2684193080393,818.7360404520307,774.4505805248948,87.35511525726294,816.4185669978483,829.1788222436161,792.562437625326,853.0349516161384,779.8021823795582,865.7952068619062,755.9460530070359,0.08631008936842034,-35.507260015015,14.437999060440006,10.911657198743088,3.5263418616969187,59.96742389231496,26.370625575222945,804.3431030273438,774.4627258300782,763.7189001464844,,IMPAL.BO,2025-07-29 12:21:48.906311
410,2023-11-21 00:00:00+05:30,811.1718510021283,832.1905842533818,811.1718510021283,821.728759765625,1107,0.0,0.0,2023-11-21,770.8248657226562,30.72003868567619,801.5449044083324,740.10482703698,832.2649430940086,709.3847883513039,201.32012238316398,209.31623331562864,2955,1214.9998767372147,901.6029457380286,774.1219145266144,87.06007234636338,821.6970650070449,832.2222790119615,811.203545760708,842.7157982582984,800.6783317557914,853.241012263215,790.1848125094546,0.15112965385923355,-14.846779038557338,14.513818788881508,10.030071733318856,4.483747055562652,67.48204991006583,25.267532407634516,802.0795532226563,770.8248657226562,763.5049084472656,,IMPAL.BO,2025-07-29 12:21:48.906311
411,2023-11-20 00:00:00+05:30,784.8746826042586,812.2180902078604,771.179178706675,808.7466430664062,1150,0.0,0.0,2023-11-20,767.0514770507813,28.7073282968597,795.758805347641,738.3441487539216,824.4661336445007,709.6368204570618,42.517731255892535,146.82950323082807,1848,1242.254152700417,823.253712988232,772.8503003561776,85.93683161487415,797.3813039936472,823.5834292806194,782.5445177794339,838.4202154948326,756.3423924924617,864.6223407818048,741.5056062782485,0.15646661380469082,-27.921426917933996,12.775235659335749,8.909134969428191,3.866100689907558,64.18572868768614,24.303392696071988,798.0565063476563,767.0514770507813,763.1225756835937,,IMPAL.BO,2025-07-29 12:21:48.906311
412,2023-11-17 00:00:00+05:30,801.8036776695049,803.6582853223573,777.9792631877968,785.9207153320312,247,0.0,0.0,2023-11-17,764.497836303711,27.025460773064623,791.5232970767756,737.4723755306463,818.5487578498403,710.4469147575817,-0.5572600214951721,127.4428654407759,698,259.28405802938033,718.5036030601857,771.8258105036745,84.66211305219412,789.1860879473952,800.3929127069936,774.7138905724331,814.8651100819557,763.5070658128348,826.071934841554,749.0348684378727,0.09634276426322841,-42.98430377620278,11.634300029623205,7.9426097969513005,3.6916902326719043,57.07992168242956,23.87205438626945,796.639404296875,764.497836303711,763.1967590332031,,IMPAL.BO,2025-07-29 12:21:48.906311
413,2023-11-16 00:00:00+05:30,787.7753563679994,808.128383178964,778.7401444933295,799.9967041015625,560,0.0,0.0,2023-11-16,762.6955535888671,26.72181882099615,789.4173724098633,735.973734767871,816.1391912308594,709.2519159468749,50.90717732846725,162.55224898281597,945,598.3790095867796,833.308489317887,771.7388766136801,81.1035100872773,795.6217439246187,812.503343355908,783.1151046702735,825.0099826102532,766.2335052389842,841.8915820415425,753.726865984639,0.08638495103387792,-29.613928662553974,12.245287446791394,7.019687238783324,5.22560020800807,64.39694831282449,23.694204858182246,798.0375122070312,762.6955535888671,762.9666003417968,,IMPAL.BO,2025-07-29 12:21:48.906311
414,2023-11-15 00:00:00+05:30,808.4137533774591,836.4704659946768,787.4901032900425,794.0049438476562,652,0.0,0.0,2023-11-15,760.2774475097656,25.320140654147956,785.5975881639135,734.9573068556176,810.9177288180615,709.6371662014697,98.70579476936138,222.9971427161498,385,691.4661557239424,892.0408592506639,771.3381274204465,86.07485191281779,805.9885043774585,824.4869054648746,775.5065427602402,854.9688670820929,757.0081416728242,873.4672681695089,726.5261800556059,0.0648418099521233,-34.47878360244993,11.455730208942327,5.713287186781306,5.742443022161021,62.49785244156752,23.459887557347976,793.634033203125,760.2774475097656,762.2266638183594,,IMPAL.BO,2025-07-29 12:21:48.906311
415,2023-11-13 00:00:00+05:30,808.4137347317966,808.5564191987062,793.196535019198,801.613525390625,494,0.0,0.0,2023-11-13,758.1517944335938,24.094501511398768,782.2462959449925,734.057292922195,806.3407974563913,709.9627914107962,94.41255963289883,220.78156057630926,1037,528.9225841227751,942.1845351323442,770.9575747151409,85.27734024120653,801.1221598695097,809.0477847198214,793.6879005403132,816.4820440490179,785.7622756900015,824.4076688993296,778.328016360805,0.12145248467599623,-19.749389884543593,10.861383615657473,4.277676431241051,6.583707184416422,66.69470974067872,22.725968103667324,791.3038940429688,758.1517944335938,761.3554797363281,,IMPAL.BO,2025-07-29 12:21:48.906311
416,2023-11-10 00:00:00+05:30,798.950534259829,823.345630988815,774.6030377195826,801.6611328125,2922,0.0,0.0,2023-11-10,755.9453002929688,21.81803587551687,777.7633361684857,734.1272644174519,799.5813720440026,712.309228541935,105.50594831043642,233.47421416618653,1531,3128.75218212631,1045.5000228847364,770.5625918082349,77.72053367997636,799.8699338402993,825.1368299610159,776.3942366917836,848.6125271095316,751.127340571067,873.8794232302482,727.6516434225513,0.11637266454211596,-10.284160873670174,9.186543452361661,2.631749635136945,6.554793817224716,66.72204537296022,22.819002545852733,787.7944213867188,755.9453002929688,760.3901391601562,,IMPAL.BO,2025-07-29 12:21:48.906311
417,2023-11-09 00:00:00+05:30,783.8285000619359,798.8554737510581,773.651985749697,792.9112548828125,210,0.0,0.0,2023-11-09,753.6365600585938,18.98500070407684,772.6215607626706,734.651559354517,791.6065614667475,715.66655865044,93.54689293389565,187.2225514346208,-1391,222.40472161686867,524.686983074343,767.9970214416388,66.03503125385399,788.4729047945225,803.293823839348,778.0903358379869,813.6763927958835,763.2694167931614,828.497311840709,752.8868478366259,0.09380978417036058,-7.912594909552881,6.898361853982237,0.9930511808307654,5.905310673151472,64.34749637853727,22.919193483590867,780.518701171875,753.6365600585938,759.4162377929688,,IMPAL.BO,2025-07-29 12:21:48.906311
418,2023-11-08 00:00:00+05:30,792.1027488696018,792.1027488696018,777.9793090820312,777.9793090820312,159,0.0,0.0,2023-11-08,751.3706207275391,16.606141150054714,767.9767618775937,734.7644795774844,784.5829030276485,718.1583384274296,99.27751627867603,154.7743845376171,-1601,165.22101922345098,600.2575484387115,767.8484233836807,64.06906922382876,782.6871223445547,787.3949356070782,773.2714958195077,796.8105621321253,768.5636825569842,801.5183753946487,759.1480560319371,0.012830597295261408,-15.533989036587768,4.726005787708459,-0.4832764874571027,5.209282275165561,59.80300635785329,23.926559299409632,771.5785888671875,751.3706207275391,758.5716821289062,,IMPAL.BO,2025-07-29 12:21:48.906311
419,2023-11-07 00:00:00+05:30,783.1626966017566,808.4137254759385,774.6505640001786,782.354248046875,932,0.0,0.0,2023-11-07,749.78232421875,15.402726493564272,765.1850507123143,734.3795977251857,780.5877772058785,718.9768712316214,156.75986545551467,180.22272275970414,-1442,973.9114757979391,709.0166807425267,767.8024658708124,66.91556040187714,788.4728458409974,802.2951276818161,768.5319662060563,822.2360073167572,754.7096843652375,836.0582891575759,734.7688047302964,0.03606260385560115,-13.300982395815492,3.343696004636172,-1.785597056248493,5.129293060884665,61.949194193153296,25.28651752955543,763.5705444335938,749.78232421875,758.2483166503906,,IMPAL.BO,2025-07-29 12:21:48.906311
420,2023-11-06 00:00:00+05:30,772.7008055702524,788.2033146590242,764.616669009647,784.066162109375,1457,0.0,0.0,2023-11-06,747.749398803711,13.434916404224202,761.1843152079351,734.3144823994868,774.6192316121594,720.8795659952625,165.32315794684183,120.96113402463756,-510,1525.8519219374823,642.7929819786734,767.4049554367866,62.54000882291894,778.9620485926821,793.3074281757172,769.72078252634,802.5486942420592,755.375402943305,816.8940738250943,746.1341368769629,0.09721800542879688,-2.354520577968472,1.0923933387917941,-3.0679203214696593,4.160313660261453,62.7676792856206,26.751087931250904,757.5692626953125,747.749398803711,757.6938403320313,,IMPAL.BO,2025-07-29 12:21:48.906311
421,2023-11-03 00:00:00+05:30,748.2107236605608,773.2239848700478,748.2107236605608,765.2825317382812,708,0.0,0.0,2023-11-03,745.8020782470703,10.365959474392557,756.1680377214628,735.4361187726778,766.5339971958555,725.0701592982851,135.02949922174358,32.22951800645313,-1967,723.6943529665734,422.02824698897115,766.6617026851268,44.517587629866675,762.23908008963,776.2674365186991,751.2541753092121,787.252341299117,737.2258188801429,801.2806977281862,726.240914099725,-0.020729597783585983,-5.85991898613661,-1.975105297706591,-4.107998736535023,2.1328934388284315,56.96989099915804,28.467160540033113,747.4878784179688,745.8020782470703,757.039501953125,,IMPAL.BO,2025-07-29 12:21:48.906311
422,2023-11-02 00:00:00+05:30,745.690321459669,749.7323900975687,741.8384794262959,748.210693359375,240,0.0,0.0,2023-11-02,744.646517944336,9.314948666014045,753.96146661035,735.3315692783219,763.2764152763641,726.0166206123079,57.38539707125604,-41.12080126827887,-2675,239.84754545641314,346.6117204945706,766.6922617259169,36.887783635090095,746.5938542944132,751.3492291625305,743.4553184912577,754.487764965686,738.6999436231404,759.2431398338033,735.5614078199849,-0.07335940307042887,-16.37854955089032,-4.022604268529221,-4.64122209624213,0.6186178277129084,50.45865755658935,29.631142578921338,739.0898803710937,744.646517944336,756.8768676757812,,IMPAL.BO,2025-07-29 12:21:48.906311
423,2023-11-01 00:00:00+05:30,747.2596099404325,748.4959957823678,737.1781805045556,737.9390869140625,540,0.0,0.0,2023-11-01,744.6322509765625,9.309419262084251,753.9416702386468,735.3228317144783,763.251089500731,726.013412452394,19.306355475027097,-66.12329635726209,-2915,532.2484436442872,373.3027642541099,766.8321279135362,28.3907100728497,741.2044210669952,745.2306616294348,733.9128463516226,752.5222363448074,729.886605789183,756.548476907247,722.5950310738104,-0.08770614903162241,-22.707289965764566,-4.901757439788298,-4.795876553170357,-0.10588088661794082,45.883883126573735,29.65059667707676,737.7583740234375,744.6322509765625,757.0547180175781,,IMPAL.BO,2025-07-29 12:21:48.906311
424,2023-10-31 00:00:00+05:30,740.9349397769552,756.7703611617465,739.9363226736369,752.3478393554688,254,0.0,0.0,2023-10-31,745.0245666503906,9.176897565405698,754.2014642157964,735.8476690849849,763.378361781202,726.6707715195793,52.76844600456347,-33.161636430734774,-2375,255.24222425413794,333.5663444065656,767.3326329063093,43.101770320370655,749.6848410636175,759.433359453598,742.5993209654885,766.518879551727,732.8508025755079,776.2673979417075,725.765282477379,-0.021406285292019867,-20.855761918565623,-4.941473252471269,-4.769406331515872,-0.17206692095539733,52.1592990377276,29.60221928908343,736.30322265625,745.0245666503906,757.4541687011719,,IMPAL.BO,2025-07-29 12:21:48.906311
425,2023-10-30 00:00:00+05:30,733.2787875224965,736.6550919901331,718.8699787893188,733.6592407226562,313,0.0,0.0,2023-10-30,745.1386962890625,9.286309523002016,754.4250058120646,735.8523867660605,763.7113153350665,726.5660772430585,-41.09699752747417,-118.05565291484815,-2629,306.71771167204025,353.14737444467244,767.4557331864578,43.54493752365531,729.7281038340361,740.5862288787534,722.8011156779392,747.5132170348504,711.9429906332218,758.3713420795677,705.0160024771249,0.010358575065865731,-31.431636557432327,-6.336494521991995,-4.726389601277022,-1.6101049207149725,42.725040394188426,29.628643242517956,732.3467529296875,745.1386962890625,757.7185668945312,,IMPAL.BO,2025-07-29 12:21:48.906311
426,2023-10-27 00:00:00+05:30,741.8385041065706,746.2610261006566,713.3062539486256,723.2925415039062,726,0.0,0.0,2023-10-27,746.0374633789063,8.981672387834372,755.0191357667406,737.055790991072,764.000808154575,728.0741186032376,-62.53822590740709,-133.42193395251556,-2942,701.375729264053,364.75479013783047,767.8013615645918,39.08344626707292,727.6199405177294,741.9336270868333,708.9788549348023,760.5747126697605,694.6651683656984,774.8883992388644,676.0240827827712,0.07549113340277339,-37.298149799567156,-6.185993183192636,-4.323863371098279,-1.8621298120943575,36.24779707183705,28.56272130627098,734.8671020507812,746.0374633789063,758.4214099121094,,IMPAL.BO,2025-07-29 12:21:48.906311
427,2023-10-26 00:00:00+05:30,722.1512091207022,742.6468630011445,716.1594484526137,741.5531616210938,105,0.0,0.0,2023-10-26,747.7375061035157,7.554364306524792,755.2918704100405,740.1831417969909,762.8462347165653,732.6287774904661,-53.17982105590198,-113.10829434739486,-2216,103.99961121678308,280.5995553562748,768.8828007668695,46.24523823136367,733.4531576916173,750.746866930621,724.2594523820901,759.9405722401482,706.9657431430865,777.2342814791518,697.7720378335592,0.1516095308484757,-26.96446812649251,-4.878615891774189,-3.858330918074689,-1.0202849736994994,44.47096844123102,27.414805374928083,741.743359375,747.7375061035157,759.1822705078125,,IMPAL.BO,2025-07-29 12:21:48.906311
428,2023-10-25 00:00:00+05:30,732.3752533777157,732.5179378397683,723.7204945553913,730.663330078125,159,0.0,0.0,2023-10-25,748.3200378417969,7.501394009744222,755.8214318515411,740.8186438320527,763.3228258612853,733.3172498223084,-95.34457943702058,-140.51779854504892,-2321,155.17243028886216,324.7495413911477,768.9791773280889,43.69389343680202,728.9672541577615,734.2140137601318,725.4165704757548,737.7646974421385,720.1698108733846,743.0114570445088,716.6191271913779,0.1384312468488792,-33.12702185776079,-4.929252766699733,-3.603259674649814,-1.3259930920499192,36.492381673759866,25.987119454521924,743.4077392578125,748.3200378417969,759.1261560058593,,IMPAL.BO,2025-07-29 12:21:48.906311
429,2023-10-23 00:00:00+05:30,760.859970890133,760.859970890133,612.492276566557,732.5654907226562,829,0.0,0.0,2023-10-23,749.4922393798828,6.3386864786313755,755.8309258585142,743.1535529012514,762.1696123371455,736.8148664226201,-301.631227783372,-280.3043243853029,-2162,811.1498882808726,367.1438191667191,769.1848843686327,43.63971392357349,701.9725793931153,791.4528822196736,643.0851878960976,850.3402737166913,553.6048850695394,939.8205765432496,494.7174935725217,0.07696826305243726,-32.050589487693834,-3.846914253596765,-3.2717614016373333,-0.5751528519594316,37.362099114217024,23.91872658857543,747.6019897460938,749.4922393798828,759.1879760742188,,IMPAL.BO,2025-07-29 12:21:48.906311
430,2023-10-20 00:00:00+05:30,750.3505970230026,750.3505970230026,745.1672269107585,746.260986328125,129,0.0,0.0,2023-10-20,750.9521362304688,5.548073380404914,756.5002096108738,745.4040628500638,762.0482829912786,739.855989469659,-63.63366276330116,-75.22853295899176,-1333,128.5821176350894,256.14230188818067,770.239439457128,49.97215631434335,747.2596034206287,749.3519799304988,744.1686098182547,752.4429735328728,742.0762333083845,754.535350042743,738.9852397060106,0.017983084775033173,-74.19880450334287,-2.5902403987279286,-3.1279731886474753,0.5377327899195468,44.45606843073243,21.69122657909459,751.3872680664062,750.9521362304688,759.268818359375,,IMPAL.BO,2025-07-29 12:21:48.906311
431,2023-10-19 00:00:00+05:30,754.2974658539833,757.673828125,754.2974658539833,757.673828125,84,0.0,0.0,2023-10-19,751.667822265625,5.82726846655235,757.4950907321773,745.8405537990726,763.3223591987297,740.0132853325202,46.369189345088856,-28.09195059842687,-1204,85.0083717605611,288.03234795145346,770.347375127923,57.59207185005156,756.5483740346612,758.799282215339,755.4229199443223,759.9247363056778,753.1720117636445,762.1756444863556,752.0465576733056,0.06770516172255435,-54.47828137775901,-2.290869797219102,-3.262406386127362,0.9715365889082599,52.10741678151049,23.273711470574483,753.6317993164063,751.667822265625,759.16134765625,,IMPAL.BO,2025-07-29 12:21:48.906311
432,2023-10-18 00:00:00+05:30,774.7932365043584,774.7932365043584,748.5910750145224,749.8750610351562,235,0.0,0.0,2023-10-18,752.1718933105469,6.738872070164404,758.9107653807113,745.4330212403826,765.6496374508757,738.6941491702181,71.04065372369891,-21.63357807368075,-1288,235.3731385444362,338.7883419991765,770.3846320029928,68.18382903543745,757.7531241846791,766.9151733548358,740.7130118649998,783.9552856745152,731.5509626948431,793.1173348446719,714.5108503751637,0.08585892765033513,-67.95395811835989,-2.996866555627662,-3.505290533354427,0.508423977726765,46.233269582570735,24.363407225725737,753.1942993164063,752.1718933105469,758.9758898925782,,IMPAL.BO,2025-07-29 12:21:48.906311
433,2023-10-17 00:00:00+05:30,753.2038795342944,755.248656013729,748.8764997695703,751.6345825195312,193,0.0,0.0,2023-10-17,752.8186279296875,7.116914080646188,759.9355420103337,745.7017138490413,767.05245609098,738.5847997683951,18.619307600548296,-52.23394626302309,-1053,193.76002798195677,364.6421428628616,770.5547067825348,63.94582407943224,751.9199127676102,754.9633257656501,748.5911695214913,758.292069011769,745.5477565234514,761.3354820098089,742.2190132773326,0.0637508233985232,-53.59554882638456,-3.0872888805657794,-3.632396527786118,0.5451076472203384,47.4527399117048,25.536925731273246,752.7377807617188,752.8186279296875,758.7257568359375,,IMPAL.BO,2025-07-29 12:21:48.906311
434,2023-10-16 00:00:00+05:30,752.9660368621262,762.7620970725836,731.3290821134962,751.4918823242188,522,0.0,0.0,2023-10-16,753.4415802001953,7.540491137971722,760.982071338167,745.9010890622236,768.5225624761388,738.3605979242518,-16.048072920271423,-72.1786908883489,-1246,523.9561261115258,407.3626715830877,770.684444009237,62.48427279624691,748.5276871700995,765.7262922267029,734.2932772676154,779.960702129187,717.094672211012,797.1593071857903,702.8602623085279,0.11635879179162768,-53.79913204206223,-3.3295659597345093,-3.7686734395912023,0.43910747985669296,47.350164248011986,27.008301978223436,751.6535400390625,753.4415802001953,758.6667907714843,,IMPAL.BO,2025-07-29 12:21:48.906311
435,2023-10-13 00:00:00+05:30,774.6505335221289,774.6505335221289,750.9212023157933,757.483642578125,119,0.0,0.0,2023-10-13,754.3403442382812,8.326190683088509,762.6665349213697,746.0141535551927,770.9927256044582,737.6879628721042,126.87958279235312,-8.712218631566204,-724,120.39829760397369,378.21430795097814,771.0471183938149,63.70349824136925,761.0184594720157,771.1157166282381,747.3863854219026,784.7477906783513,737.2891282656801,794.8450478345737,723.657054215567,0.11166597719429455,-45.25098803014522,-3.5752522621662592,-3.8784503095553755,0.30319804738911627,51.33113741775337,28.592861013400565,749.6943115234375,754.3403442382812,,,IMPAL.BO,2025-07-29 12:21:48.906311
436,2023-10-12 00:00:00+05:30,771.2742063890611,771.3217485245451,744.6916511648814,755.486328125,694,0.0,0.0,2023-10-12,755.0536529541016,9.177251055466035,764.2309040095677,745.8764018986355,773.4081550650337,736.6991508431695,127.79545638700974,-29.696082428810854,-843,700.3033529760304,442.6683105377292,771.1058005833102,63.62844419926821,757.1665759381422,769.641500711403,743.0114033517392,783.7966732978059,730.5364785784784,796.2715980710667,716.3813059920755,0.14511493537385084,-48.10045644324887,-4.425732291616441,-3.9542498214026542,-0.471482470213787,50.02854592497216,30.03912885921115,747.221533203125,755.0536529541016,,,IMPAL.BO,2025-07-29 12:21:48.906311
437,2023-10-11 00:00:00+05:30,789.2019981826894,789.2019981826894,740.1265529697882,747.5924682617188,831,0.0,0.0,2023-10-11,755.5410827636719,9.456092784215667,764.9971755478875,746.0849899794562,774.4532683321032,736.6288971952405,239.21031806376232,-19.078488042016684,-1537,829.785930775881,378.2595499281539,771.5101090345454,69.57198467564729,758.9736731380655,777.8207933063427,728.7453480934415,808.0491183509666,709.8982279251643,826.8962385192439,679.6699028805403,-0.1746303738485291,-56.59771092850382,-5.250842689368028,-3.836379203849207,-1.4144634855188212,44.5965952234395,31.79147176619861,744.5585327148438,755.5410827636719,,,IMPAL.BO,2025-07-29 12:21:48.906311
438,2023-10-10 00:00:00+05:30,746.5938321039953,752.0625130397889,737.3683935242462,746.21337890625,296,0.0,0.0,2023-10-10,757.9568084716797,12.872751500991058,770.8295599726707,745.0840569706886,783.7023114736618,732.2113054696975,-52.48894988324473,-85.3061488205233,-2368,295.0223161077397,265.3779547162221,772.2751421170018,58.08606016163262,745.2147618234284,753.0611301226105,738.3670106070679,759.908881338971,730.5206423078857,767.7552496381531,723.6728910915252,-0.10258124993793583,-44.22249210155142,-5.45025021678191,-3.482763332469501,-1.9674868843124091,43.60090704175319,33.67861028141588,744.6251098632813,757.9568084716797,,,IMPAL.BO,2025-07-29 12:21:48.906311
439,2023-10-09 00:00:00+05:30,745.0721020903159,747.4973314827108,737.0830496870094,741.6957397460938,116,0.0,0.0,2023-10-09,760.0206420898437,14.137600110955418,774.1582422007991,745.8830419788883,788.2958423117545,731.7454418679329,-111.8298820506872,-98.44169700795472,-2664,114.916899360501,257.9668643683427,772.57549571887,59.67617480970267,742.0920403052713,747.1010309235332,736.6867491278318,752.5063221009727,731.6777585095699,757.5153127192347,726.2724673321304,-0.126339335394288,-52.47634843649076,-5.487153323435564,-2.9908916113913984,-2.4962617120441655,40.339949222588196,34.187765585520744,744.5395141601563,760.0206420898437,,,IMPAL.BO,2025-07-29 12:21:48.906311
440,2023-10-06 00:00:00+05:30,743.7882227022459,750.4457479758017,743.7406805600947,745.1197509765625,57,0.0,0.0,2023-10-06,762.6670104980469,15.422175218526395,778.0891857165733,747.2448352795205,793.5113609350997,731.8226600609942,-53.350721245234695,-80.72178749001304,-2548,56.72846822510397,293.7293556203031,772.7155947368942,53.17202240734654,746.4353931708197,749.1301057815447,742.4250383658376,753.1404605865267,739.7303257551126,755.8351731972517,735.7199709501306,-0.19888163142348347,-46.220664165914414,-5.006342787796029,-2.366826183380357,-2.639516604415672,42.048084515657074,34.30506873395598,747.1264526367188,762.6670104980469,,,IMPAL.BO,2025-07-29 12:21:48.906311
441,2023-10-05 00:00:00+05:30,747.1169271111653,755.6766017957668,738.9852477705957,742.1713256835938,121,0.0,0.0,2023-10-05,765.5416290283204,17.2313411364497,782.7729701647701,748.3102878918706,800.0043113012198,731.0789467554209,-65.37038172646034,-82.91048516067384,-2605,119.9470764871672,352.97957746910294,772.7772529664555,54.40861811650658,745.6110584166521,752.2368690627085,735.5455150375374,762.3024124418232,728.919704391481,768.9282230878796,718.8541610123663,-0.35733454609509935,-53.193337646920284,-4.652119150655267,-1.7069470322764388,-2.945172118378828,40.01361670130006,34.76036939977318,748.4294189453125,765.5416290283204,,,IMPAL.BO,2025-07-29 12:21:48.906311
442,2023-10-04 00:00:00+05:30,745.1672134657955,750.3030413474473,742.3139886535462,747.9253540039062,151,0.0,0.0,2023-10-04,769.0558532714844,19.26168427127572,788.3175375427601,749.7941690002086,807.5792218140358,730.5324847289329,-61.48873394640758,-74.17227648211687,-2484,150.84653155478404,411.2377027145869,772.923110280407,52.638864672741065,746.8474613349666,751.3809340163871,743.3918813224859,754.8365140288678,738.8584086410655,759.3699867102882,735.4028286285848,-0.14997256885606094,-44.78834973381663,-3.837743682574228,-0.9706540026817319,-2.867089679892496,42.728571126350495,35.25069319373017,751.4538330078125,769.0558532714844,,,IMPAL.BO,2025-07-29 12:21:48.906311
443,2023-10-03 00:00:00+05:30,754.2499321069369,756.7227616575597,737.5110372136648,745.785400390625,227,0.0,0.0,2023-10-03,770.380224609375,18.632677326033935,789.0129019354089,751.7475472833411,807.6455792614429,733.1148699573071,-75.3477882505738,-72.58224877950265,-2635,226.1204600245418,476.33549550453756,773.0726669663989,30.134616098375403,746.6730664206165,755.8350956275681,736.6233711836733,765.8847908645113,727.4613419767217,775.0468200714629,717.4116467397785,-0.1529661661153479,-65.02770883679861,-3.3036332787351057,-0.2538815827086077,-3.049751696026498,41.35339327059431,35.322033966879644,752.509521484375,770.380224609375,,,IMPAL.BO,2025-07-29 12:21:48.906311
444,2023-09-29 00:00:00+05:30,744.7392294104075,756.8654350460727,744.7392294104075,754.6304321289062,505,0.0,0.0,2023-09-29,771.2409484863281,17.81646761802702,789.0574161043551,753.4244808683011,806.8738837223821,735.6080132502741,-33.19837978790653,-47.515007464853134,-2408,509.00941924966907,538.8892543745364,773.3203164751427,28.817709559370343,752.0783655284622,759.4175016465169,747.2912960108517,764.2045711641274,739.952159892797,771.5437072821821,735.1650903751865,-0.1701254893806275,-60.415657334558865,-2.359002053137033,0.5085563412980167,-2.86755839443505,45.55378861031175,35.398862491809844,754.1739135742188,771.2409484863281,,,IMPAL.BO,2025-07-29 12:21:48.906311
445,2023-09-28 00:00:00+05:30,756.9606375022026,757.0557217853343,731.7095490863584,751.6345825195312,1211,0.0,0.0,2023-09-28,771.0317138671875,18.04491431440872,789.0766281815962,752.9867995527787,807.121542496005,734.94188523837,-99.55214429124457,,-2913,1215.7688802391174,546.3592131557533,773.7054469111345,23.75798170706352,746.799951130408,761.8903531744576,736.5441804754817,772.1461238293839,721.453778431432,787.2365258734335,711.1980077765057,-0.19389280525634803,-63.46057292940446,-1.9849469877227648,1.2254459399067792,-3.210392927629544,43.75553001149197,35.76792932873799,755.6005126953125,771.0317138671875,,,IMPAL.BO,2025-07-29 12:21:48.906311
446,2023-09-27 00:00:00+05:30,719.1077151950244,759.5759989964064,719.1077151950244,757.2933959960938,218,0.0,0.0,2023-09-27,771.1173095703125,17.951882166517123,789.0691917368297,753.1654274037953,807.0210739033467,735.2135452372783,-142.23074453041147,,-1702,220.5061918353732,379.00679638491226,774.8527604747604,20.871708811770176,745.3257033958415,771.5436915966586,731.0754077952766,785.7939871972235,704.8574195944595,812.0119753980406,690.6071239938947,-0.24914696287937527,-70.33903093513273,-1.1809224047503903,2.028044171814165,-3.2089665765645554,46.442813575103045,36.16538592235292,757.3885375976563,771.1173095703125,,,IMPAL.BO,2025-07-29 12:21:48.906311
447,2023-09-26 00:00:00+05:30,758.5297927324306,758.5297927324306,753.1562542504012,753.2037963867188,7,0.0,0.0,2023-09-26,770.9009429931641,18.15222505713456,789.0531680502987,752.7487179360295,807.2053931074332,734.596492878895,-74.68888818971546,,-1920,7.042237477169486,418.631947522297,775.0186301972818,43.39436563337693,754.9632811231835,756.7703079959658,751.3967695139364,760.3368196052129,749.5897426411541,762.1438464779952,746.023231031907,-0.24902973925835692,-73.25427042748119,-0.6909419188675656,2.830285815955304,-3.5212277348228698,44.14085765139777,36.59341610009207,759.480908203125,770.9009429931641,,,IMPAL.BO,2025-07-29 12:21:48.906311
448,2023-09-25 00:00:00+05:30,761.8110448149986,763.2376572584724,752.585606070733,754.1073608398438,420,0.0,0.0,2023-09-25,770.7749267578125,18.28977534672856,789.0647021045411,752.485151411084,807.3544774512696,734.1953760643554,-69.98450473076424,,-1913,423.04113259586563,521.5293750335788,775.0252490623798,57.88247293019048,756.643541389683,760.7014767086331,750.0494255208937,767.2955925774224,745.9914902019436,771.3535278963725,739.3973743331543,-0.2566925096790785,-72.61017148645189,0.3496139968430043,3.7105927496610214,-3.360978752818017,44.53195559778652,38.50568624763249,761.402099609375,770.7749267578125,,,IMPAL.BO,2025-07-29 12:21:48.906311
449,2023-09-22 00:00:00+05:30,760.8123528656259,762.3340494360232,756.1045206555174,761.763427734375,109,0.0,0.0,2023-09-22,771.1601104736328,17.999090666443568,789.1592011400763,753.1610198071893,807.15829180652,735.1619291407457,-55.947288934576854,,-1493,110.90388046248988,546.1514356430071,775.4131133091444,61.21988265683844,760.0673326086385,764.0301445617596,757.8006157812538,766.2968613891443,753.8378038281327,770.2596733422654,751.571087000748,-0.22741090997176994,-67.15260333825606,1.587556298894242,4.550837437865526,-2.9632811389712836,47.88505423211403,40.56505409882986,763.3993530273438,771.1601104736328,,,IMPAL.BO,2025-07-29 12:21:48.906311
450,2023-09-21 00:00:00+05:30,760.8600179281705,763.237705484196,715.6839543636854,760.57470703125,277,0.0,0.0,2023-09-21,770.8034606933594,18.26380756682279,789.0672682601822,752.5396531265366,807.331075827005,734.2758455597138,-120.36956094992966,,-1602,281.3984971722932,654.9633244381363,775.4791152489745,64.5416110652722,746.4987889597105,777.3136235557356,729.759872435225,794.0525400802211,698.9450378391999,824.8673746762462,682.2061213147144,-0.25243713688618064,-67.99997370947237,2.394437108136458,5.291657722608345,-2.8972206144718875,47.312767793825635,42.95141023244653,764.9401000976562,770.8034606933594,,,IMPAL.BO,2025-07-29 12:21:48.906311
451,2023-09-20 00:00:00+05:30,770.3707051210707,770.4182472584989,748.6386658567029,767.7552490234375,288,0.0,0.0,2023-09-20,770.3421875,18.648197865434582,788.9903853654346,751.6939896345655,807.6385832308692,733.0457917691308,-72.13047739499856,,-1325,295.3353331470263,748.3545312545971,775.6645417513913,64.99916213235988,762.2707207128798,775.9027755690566,754.1231941672606,784.0503021146758,740.4911393110838,797.6823569708527,732.3436127654646,-0.27545494183736174,-80.65222098823521,3.5082806815173626,6.015962876226317,-2.5076821947089547,50.41446292721555,45.52133222249524,767.1751220703125,770.3421875,,,IMPAL.BO,2025-07-29 12:21:48.906311
452,2023-09-18 00:00:00+05:30,769.4672789527788,770.4183540291803,761.8586783415673,762.8097534179688,443,0.0,0.0,2023-09-18,769.8119659423828,18.87500111250084,788.6869670548837,750.936964829882,807.5619681673845,732.0619637173811,-76.22655673403113,,-1613,451.3569035638274,861.6093307814897,775.7681899429393,66.53028022461363,765.0289285962386,768.19917885091,759.639503163297,773.5886042838516,756.4692529086257,776.758854538523,751.079827475684,-0.2826895983861106,-79.82879844589324,4.174007625759145,6.642883424903556,-2.468875799144411,48.24230314952753,48.012155271552885,766.6710571289062,769.8119659423828,,,IMPAL.BO,2025-07-29 12:21:48.906311
453,2023-09-15 00:00:00+05:30,767.5650166218064,767.5650166218064,749.304366213855,764.0936279296875,615,0.0,0.0,2023-09-15,769.5266387939453,19.028926632970503,788.5555654269158,750.4977121609747,807.5844920598863,731.4687855280042,-103.65828180972423,,-1170,627.6561948191155,964.1724375859053,776.0347724348387,64.35410401038428,760.3210035884496,771.3376409630441,753.0769905550927,778.581653996401,742.0603531804982,789.5982913709955,734.8163401471413,-0.26828038138918175,-74.9127451666495,5.450153695429094,7.260102374689658,-1.8099486792605637,48.75513763326403,49.79787444572672,773.2905029296875,769.5266387939453,,,IMPAL.BO,2025-07-29 12:21:48.906311
454,2023-09-14 00:00:00+05:30,770.3231537454096,772.2728457486435,762.5718698203247,769.4671630859375,179,0.0,0.0,2023-09-14,769.2175384521485,19.17149898863749,788.389037440786,750.046039463511,807.5605364294235,730.8745404748735,-78.74169344960475,,-555,183.9684070632838,1048.3014982776026,776.3858314658951,65.75950806923784,768.1039595516353,773.6360492829459,763.9350733546271,777.8049354799541,758.4029836233165,783.3370252112647,754.2340974263083,-0.33363989581816117,-70.53123257352406,6.874987102482237,7.712589544504798,-0.8376024420225612,50.861423584461704,51.84292867159514,777.9697875976562,769.2175384521485,,,IMPAL.BO,2025-07-29 12:21:48.906311
455,2023-09-13 00:00:00+05:30,770.5609731498693,774.0799622438708,757.0556966007077,771.7498168945312,275,0.0,0.0,2023-09-13,769.0225677490234,19.188647239654127,788.2112149886775,749.8339205093694,807.3998622283317,730.6452732697152,-66.36391863988253,,-376,283.47146931196875,1264.3847710811822,776.4455441775639,60.15166950908392,767.6284919130367,778.2012872253656,761.1770215822025,784.6527575561997,750.6042262698736,795.2255528685287,744.1527559390395,-0.3463892876531893,-68.66998553274375,8.06582736426833,7.9219901550104375,0.14383720925789234,51.742720151423036,53.096025910212894,783.0009765625,769.0225677490234,,,IMPAL.BO,2025-07-29 12:21:48.906311
456,2023-09-12 00:00:00+05:30,799.8065355103844,801.7562276570434,762.7621525278159,765.2349243164062,3237,0.0,0.0,2023-09-12,768.875146484375,19.177914717429466,788.0530612018044,749.6972317669456,807.230975919234,730.5193170495161,-24.36703593015254,,-651,3308.549279597499,1509.6130965234854,776.5086433714479,62.68085089847606,776.5844348337552,790.4067171396944,751.4126420104669,815.5785099629826,737.5903597045277,829.4007922689218,712.4185668812395,-0.3470563627397764,-73.98214652990652,9.24344744003804,7.8860308526959635,1.357416587342076,49.41900778500943,54.44551524410894,789.1734375,768.875146484375,,,IMPAL.BO,2025-07-29 12:21:48.906311
457,2023-09-11 00:00:00+05:30,775.2211039816502,814.0725472838423,765.9005818574645,795.906982421875,567,0.0,0.0,2023-09-11,768.6801788330079,19.236601043272973,787.9167798762809,749.4435777897348,807.1533809195538,730.2069767464619,34.59173902211461,,2586,602.7614923797187,1059.8790507549818,778.626882782939,77.93046367069509,791.9600371877273,818.01949251799,769.8475270916123,840.132002614105,743.7880717613496,866.1914579443677,721.6755616652346,-0.2074794329615457,-48.972538341175,11.252723966103304,7.546676705860444,3.70604726024286,62.60745575971455,55.49656690768869,798.6176147460938,768.6801788330079,,,IMPAL.BO,2025-07-29 12:21:48.906311
458,2023-09-08 00:00:00+05:30,805.4177906905448,805.56047515132,785.5879013872377,787.4900512695312,181,0.0,0.0,2023-09-08,765.8222015380859,19.22470876981741,785.0469103079033,746.5974927682685,804.2716190777207,727.372783998451,46.328041868322686,,2019,190.3810757873737,1174.1584403487975,778.0388138497851,79.26025874052883,792.8794759360297,800.1710504848218,780.1984767207394,812.852049700112,772.9069021719474,820.1436242489041,760.2259029566571,-0.22291045011255317,-55.83559753165408,10.63397797823768,6.620164890799727,4.013813087437954,59.87786637146254,56.410832386025234,794.3187744140625,765.8222015380859,,,IMPAL.BO,2025-07-29 12:21:48.906311
459,2023-09-07 00:00:00+05:30,845.2678481809113,855.9674411958596,794.2426547166885,794.6231079101562,834,0.0,0.0,2023-09-07,763.1354156494141,19.78393180940482,782.919347458819,743.3514838400092,802.7032792682237,723.5675520306045,129.36207824319183,,2200,885.1713866313358,1420.1027814891534,777.9350108174444,80.20039653348987,814.9444012742348,835.646147831781,773.92136135261,876.6691877534058,753.2196147950638,897.3709343109521,712.196574873439,-0.21870707502410386,-50.01939337748116,10.509614925773462,5.616711618940238,4.892903306833224,63.52409188127312,55.93078110703372,789.4207397460938,763.1354156494141,,,IMPAL.BO,2025-07-29 12:21:48.906311
460,2023-09-06 00:00:00+05:30,822.6797785087114,837.4689814142982,801.4232779714695,802.6121215820312,2749,0.0,0.0,2023-09-06,760.2346405029297,19.167729521139112,779.4023700240688,741.0669109817906,798.5700995452079,721.8991814606514,186.73948976374083,,3034,2947.0030148022956,1553.8356302036077,777.0454624999626,73.29120760183976,813.834793655933,826.2463093403966,790.2006058975678,849.8804970987618,777.7890902131043,862.2920127832253,754.154902454739,-0.20554535489721149,-33.470306116106144,9.488657940575308,4.393485792231933,5.095172148343376,67.82161161968818,54.69790589904629,780.5852661132812,760.2346405029297,,,IMPAL.BO,2025-07-29 12:21:48.906311
461,2023-09-05 00:00:00+05:30,772.3679764820255,826.5792509346703,757.0556923562335,812.455810546875,3441,0.0,0.0,2023-09-05,757.1484069824219,16.809460573165598,773.9578675555874,740.3389464092563,790.7673281287531,723.5294858360907,230.64678981099382,,5783,3734.0879903894165,1205.5437840539357,771.5959202950617,67.10444649812611,798.6969179459262,840.3381435356189,770.8145849571821,868.220476524363,729.1733593674894,909.8617021140557,701.2910263787453,-0.027662932263528034,-15.145308301667482,7.250959273044941,3.1196927551460885,4.131266517898853,73.50858383717774,53.64653596766923,770.7321411132813,757.1484069824219,,,IMPAL.BO,2025-07-29 12:21:48.906311
462,2023-09-04 00:00:00+05:30,769.4196372566539,780.4045413579948,769.3720951187883,774.4127807617188,547,0.0,0.0,2023-09-04,753.9456634521484,10.714130607050002,764.6597940591985,743.2315328450984,775.3739246662484,732.5174022380485,161.21349737124785,,2342,565.7961188690217,573.4077324700656,756.7271721609151,53.03292806981453,774.7298057461672,780.0875163735462,769.0550701343396,785.7622519853738,763.6973595069607,791.1199626127528,758.022623895133,-0.2664666733887581,-27.879844672921248,3.306709652577638,2.0868761256713753,1.2198335269062626,62.10070654261196,52.697533746406336,758.8341918945313,753.9456634521484,,,IMPAL.BO,2025-07-29 12:21:48.906311
463,2023-09-01 00:00:00+05:30,760.7172748322017,789.8202031046087,750.3981348538778,762.9998779296875,1433,0.0,0.0,2023-09-01,752.0934448242188,10.178272840630893,762.2717176648497,741.9151719835878,772.4499905054805,731.736899142957,145.58761555413054,,1795,1460.3965042608818,575.3106358703267,755.6413008055846,51.80157738385867,767.7394052960581,785.0806757382384,745.6586074875074,807.161473546789,728.3173370453271,824.5027439889693,706.2365392367765,-0.2641984914503623,-40.479618528276966,1.9534352741146677,1.7819177439448095,0.17151753016985816,56.93561033542546,52.7783144038204,754.088330078125,752.0934448242188,,,IMPAL.BO,2025-07-29 12:21:48.906311
464,2023-08-31 00:00:00+05:30,753.2038805487825,756.1521899179909,746.5938974898659,750.4457397460938,164,0.0,0.0,2023-08-31,751.3777648925782,9.869575954480036,761.2473408470582,741.5081889380981,771.1169168015382,731.6386129836181,-88.80106511242796,,362,164.38541044714066,354.03916877268796,754.2308084274626,39.906305824241734,751.0639423846502,755.5339872794345,745.9756948513095,760.6222348127752,741.5056499565252,765.0922797075596,736.4174024231845,-0.2603665950457984,-59.09731977145032,1.3152344885687626,1.7390383614023448,-0.42380387283358223,49.972011555627034,52.865308957958625,753.8505615234375,751.3777648925782,,,IMPAL.BO,2025-07-29 12:21:48.906311
465,2023-08-30 00:00:00+05:30,746.926740227201,765.4251608890698,739.2705979619836,753.3464965820312,137,0.0,0.0,2023-08-30,,,,,,,-80.82885174956006,,526,137.85276007550988,401.45260835407475,754.3157032939486,40.01246687057964,752.6807518110282,766.0909056600728,739.9363427329866,778.8353147381144,726.526188883942,792.245468587159,713.7817798059004,,-54.79551718167529,1.7146086904801905,1.8449893296107402,-0.13038063913054976,51.76818371590303,54.29977441928966,754.6875,,,,IMPAL.BO,2025-07-29 12:21:48.906311
466,2023-08-29 00:00:00+05:30,733.3263431266441,757.103217348045,733.3263431266441,752.966064453125,277,0.0,0.0,2023-08-29,,,,,,,-165.37288905572555,,389,278.5834409165273,467.352570423716,754.3342094012005,45.653935354240964,747.7985416426046,762.2707401585651,738.4938659371643,771.5754158640054,724.0216674212038,786.0476143799659,714.7169917157635,,-64.81382408752725,1.91426917438082,1.8775844893933775,0.036684684987442484,51.55631873295617,55.84458337764616,754.2880493164063,,,,IMPAL.BO,2025-07-29 12:21:48.906311
467,2023-08-28 00:00:00+05:30,790.2957678994275,790.2957678994275,743.7406359209183,750.6834716796875,290,0.0,0.0,2023-08-28,,,,,,,14.018956957622471,,112,290.77360278534763,514.5448528005131,754.3891494056389,50.58014975097139,761.5732918333443,779.4059477457704,732.8508157672612,808.1284238118535,715.0181598548352,825.9610797242796,686.2956837887521,,-67.481988030431,2.1783578191251536,1.8684133181465166,0.309944500978637,50.34100025699475,57.929342384249416,755.125,,,,IMPAL.BO,2025-07-29 12:21:48.906311
468,2023-08-25 00:00:00+05:30,764.8069444691644,774.3652361094505,749.4470608029027,761.81103515625,1263,0.0,0.0,2023-08-25,,,,,,,34.97725236212107,,402,1285.1408714287627,570.4876653043045,754.5517775140721,52.78446064431849,761.8744440228678,774.3018272428329,749.3836519362851,786.7926193294156,736.95626871632,799.2200025493808,724.4654766297373,,-40.85039477111996,2.7082666932026314,1.790927192901857,0.9173395003007743,56.80019574409517,59.11422155164155,756.4089477539062,,,,IMPAL.BO,2025-07-29 12:21:48.906311
469,2023-08-24 00:00:00+05:30,760.0039707772667,779.738776027467,751.3492119353364,754.6304321289062,613,0.0,0.0,2023-08-24,,,,,,,48.75450782207132,,-861,617.8668792080139,391.82436377319004,752.8364468495125,62.93237963404654,761.9061400305699,772.4630681258034,744.0735040336727,790.2957041227005,733.5165759384392,800.852632217934,715.6839399415421,,-47.14467072891788,2.2497798836371885,1.5615923178266635,0.688187565810525,53.20340260579304,61.18313308899959,755.6290649414062,,,,IMPAL.BO,2025-07-29 12:21:48.906311
470,2023-08-23 00:00:00+05:30,759.8613759464195,764.2362976870111,751.3492431640625,751.3492431640625,121,0.0,0.0,2023-08-23,,,,,,,3.19500192712114,,-1474,121.43037870045156,335.31373491448403,752.6040476575708,57.800347884366644,755.6449280050452,759.940612846028,747.0535583230794,768.5319825279938,742.7578734820967,772.8276673689766,734.1665038001308,,-50.02085100733771,2.335870859179863,1.3895454263740321,0.946325432805831,,63.2048512792811,757.8165283203125,,,,IMPAL.BO,2025-07-29 12:21:48.906311
471,2023-08-22 00:00:00+05:30,760.8124916129492,765.1398714451294,745.7379173647648,757.1508178710938,373,0.0,0.0,2023-08-22,,,,,,,16.020263112525203,,-1353,377.21708394489184,388.7845739679921,752.6369757303781,,756.0095355603294,766.2811537558939,746.8791996755293,775.411489640694,736.6075814799648,785.6831078362585,727.4772455951647,,,2.733848811386679,1.1529640681725741,1.5808847432141047,,66.29038874825908,761.3069580078125,,,,IMPAL.BO,2025-07-29 12:21:48.906311
472,2023-08-21 00:00:00+05:30,757.7214323929456,757.7214323929456,755.1535183906316,757.1032104492188,38,0.0,0.0,2023-08-21,,,,,,,29.169946474863238,,-1726,38.4272061511391,391.67644647376716,752.2396979770778,,756.6593870775987,758.1652557645658,755.5973417622517,759.2273010799128,754.0914730752846,760.7331697668799,753.0294277599377,,,2.630592031907895,0.757742882369048,1.872849149538847,,69.61327525331228,762.1439086914063,,,,IMPAL.BO,2025-07-29 12:21:48.906311
473,2023-08-18 00:00:00+05:30,769.8475996374443,780.8325032685094,757.4836257732657,757.91162109375,868,0.0,0.0,2023-08-18,,,,,,,84.15258121389554,,-1688,878.6955301587842,479.9887565544242,752.1956947689964,,765.4092500451751,773.3348743170845,749.9859968218408,788.7581275404189,742.0603725499313,796.6837518123283,726.637119326597,,,2.4632232189429715,0.2895305949843362,2.1736926239586354,,72.1979394398046,758.47275390625,,,,IMPAL.BO,2025-07-29 12:21:48.906311
474,2023-08-17 00:00:00+05:30,770.4182077726654,779.8814145961637,760.859916679184,765.5677490234375,547,0.0,0.0,2023-08-17,,,,,,,119.74551129859536,,-820,559.3338228518118,380.3120631533342,750.706671944901,,768.7696934329284,776.6794701866728,757.6579722696931,787.7911913499081,749.7481955159487,795.7009681036525,738.6364743527134,,,2.1320026567623245,-0.25389256100532265,2.385895217767647,,74.72283822661231,753.6412963867188,,,,IMPAL.BO,2025-07-29 12:21:48.906311
475,2023-08-16 00:00:00+05:30,760.7648549329075,774.1749881418054,760.7648549329075,768.8013916015625,519,0.0,0.0,2023-08-16,,,,,,,,,-273,532.9440825547615,335.5566232287147,747.7878176677162,,767.9137448920918,775.0626348512761,761.6525016423782,781.3238781009898,754.5036116831939,788.4727680601741,748.2423684334802,,,0.921624297610947,-0.8503663654472344,1.7719906630581814,,77.0731736624199,747.849267578125,,,,IMPAL.BO,2025-07-29 12:21:48.906311
476,2023-08-14 00:00:00+05:30,729.1417043298613,765.330098076147,722.8645742218673,761.3355712890625,378,0.0,0.0,2023-08-14,,,,,,,,,-792,384.38642981081125,286.209758397203,742.9749117225856,,749.8434145290256,776.8222548361839,734.3567309819042,792.3089383833053,707.3778906747459,819.2877786904636,691.8912071276245,,,-0.9604555872940637,-1.2933640312117798,0.3329084439177161,,79.8493873164623,742.2664794921875,,,,IMPAL.BO,2025-07-29 12:21:48.906311
477,2023-08-11 00:00:00+05:30,735.7991275213177,740.3167333449242,735.7991275213177,738.7474365234375,55,0.0,0.0,2023-08-11,,,,,,,,,-1170,54.26987261867223,261.66559054380093,739.298889839043,,738.2877657965597,740.7764040718017,736.2587982481953,742.8053716201662,733.7701599729533,745.2940098954082,731.7411924245888,,,-2.6202656275354457,-1.376591142191209,-1.2436744853442367,,83.24539306043974,739.6795532226563,,,,IMPAL.BO,2025-07-29 12:21:48.906311
478,2023-08-10 00:00:00+05:30,736.5600162449927,741.1251644547389,731.3766460900791,733.7543334960938,152,0.0,0.0,2023-08-10,,,,,,,,,-1225,148.9684822274955,313.5145200250831,739.3154364469854,,735.4187146803039,739.4607832705286,729.7122649058689,745.1672330449636,725.6701963156441,749.2093016351884,719.9637465412092,,,-2.4810354274793553,-1.0656725208551499,-1.4153629066242055,,88.42186211489255,739.4037475585938,,,,IMPAL.BO,2025-07-29 12:21:48.906311
479,2023-08-09 00:00:00+05:30,765.6629353101799,808.4137691845042,730.3305330511117,736.6076049804688,722,0.0,0.0,2023-08-09,,,,,,,,,-1073,710.3518596539055,354.65102947447997,739.8182845424855,,758.4506357386949,786.5707384262781,708.4875022928857,836.5338718720874,680.3673996053025,864.6539745596706,630.4042661594932,,,-1.7734421394496849,-0.7118317941990986,-1.0616103452505863,,93.99652109661095,742.39013671875,,,,IMPAL.BO,2025-07-29 12:21:48.906311
480,2023-08-08 00:00:00+05:30,749.4471264742459,749.4471264742459,724.3863225585766,740.887451171875,351,0.0,0.0,2023-08-08,,,,,,,,,-351,347.3437440386302,265.7258219296235,742.2355010636282,,738.2403000682325,752.0942775778884,727.0334736622191,763.3011039839018,713.1794961525632,777.1550814935578,701.9726697465497,,,-1.1216419829419237,-0.4464292078864519,-0.6752127750554718,,100.0,,,,,IMPAL.BO,2025-07-29 12:21:48.906311
481,2023-08-07 00:00:00+05:30,761.8110742078577,761.8110742078577,694.3322914182208,748.4009399414062,29,0.0,0.0,2023-08-07,,,,,,,,,0,28.988947518423387,245.32134140237181,743.0137338136371,,734.8481018558283,775.3639122934358,707.8851295037989,802.3268846454652,667.3693190661915,842.8426950830726,640.406346714162,,,-0.6916456956129196,-0.2776260141225839,-0.41401968149033563,,100.0,,,,,IMPAL.BO,2025-07-29 12:21:48.906311
482,2023-08-04 00:00:00+05:30,738.6047940468984,746.070767345969,726.2408195111469,737.368408203125,304,0.0,0.0,2023-08-04,,,,,,,,,-29,299.4044398733589,299.4044398733589,742.7439082908301,,736.5599983534136,746.8791771956802,727.0492293608581,756.3899461882356,716.7300505185915,766.7091250305023,707.2192815260361,,,-0.87060546875,-0.17412109375,-0.696484375,,100.0,,,,,IMPAL.BO,2025-07-29 12:21:48.906311
483,2023-08-03 00:00:00+05:30,765.5678611711706,765.5678611711706,745.2623743408493,748.686279296875,275,0.0,0.0,2023-08-03,,,,,,,,,275,,,748.686279296875,,753.172171602965,761.0819688650807,740.7764820347594,773.4776584332864,732.8666847726437,781.3874556954021,720.470995204438,,,0.0,0.0,0.0,,,,,,,IMPAL.BO,2025-07-29 12:21:48.906311
