Trading Day,Date,Open,High,Low,Close,Volume,Dividends,Stock Splits,date_only,RollingMean,RollingStd,UpperBand1,LowerBand1,UpperBand2,LowerBand2,CCI_10,CCI_40,OBV,VPT,VPT_signal,VWAP,MFI_14,PP,R1,S1,R2,S2,R3,S3,CMF,%R,macd,macd_signal,macde_histogram,rsi,ADX,sma_5,sma_20,sma_50,sma_100,symbol,created_on
1,2023-11-22 00:00:00+05:30,53.099998474121094,53.599998474121094,51.29999923706055,51.650001525878906,1030679,0.0,0.0,2023-11-22,47.21500015258789,2.278105058853747,49.49310521144164,44.936895093734144,51.771210270295384,42.6587900348804,119.99998738291413,100.76111937024882,130606399,2108741.2742595905,2795688.3051285623,38.64450710315289,78.50186027934515,52.18333307902018,53.06666692097981,50.766667683919266,54.48333231608073,49.88333384195963,55.36666615804036,48.46666844685872,0.13500167553415482,-22.94114056755515,0.4469315607566813,-0.3675867564497253,0.8145183172064066,60.46686778630423,25.62854893612109,50.75999984741211,47.21500015258789,49.41607276916504,50.66502281188965,SALASAR.NS,2023-11-22 11:03:42.516683
2,2023-11-21 00:00:00+05:30,49.150001525878906,53.099998474121094,48.45000076293945,52.75,3214874,0.0,0.0,2023-11-21,46.9625,2.0266559683459278,48.989155968345926,44.93584403165407,51.015811936691854,42.90918806330814,133.87483302322727,78.8366067656995,131637078,6717628.036884155,2967425.0628458047,38.6219919693148,80.66828437386823,51.43333307902018,54.41666539510091,49.766667683919266,56.08333079020182,46.78333536783854,59.06666310628255,45.116669972737625,0.15113124689175644,-4.069750421169267,0.2204627455387964,-0.5712163357513269,0.7916790812901233,64.95523594028872,25.733470103055822,49.67999954223633,46.9625,49.452013092041014,50.63358818054199,SALASAR.NS,2023-11-22 11:03:42.516683
3,2023-11-20 00:00:00+05:30,51.150001525878906,51.5,48.599998474121094,48.849998474121094,648809,0.0,0.0,2023-11-20,46.79750003814697,1.6252507161083842,48.422750754255354,45.17224932203859,50.04800147036374,43.546998605930206,115.08782571316297,23.21999810913016,128422204,1255483.3354333963,2029874.3193362167,38.54528750475546,72.4821023411017,49.6499989827474,50.6999994913737,47.799997965494796,52.550000508626304,46.74999745686849,53.60000101725261,44.89999643961589,0.011476531245215355,-37.857164655412944,-0.18115949254055863,-0.7691361060738576,0.587976613533299,53.62143622391627,26.102801609852456,48.38999938964844,46.79750003814697,49.489907302856444,50.569195899963375,SALASAR.NS,2023-11-22 11:03:42.516683
4,2023-11-17 00:00:00+05:30,50.099998474121094,51.400001525878906,49.650001525878906,51.099998474121094,1819239,0.0,0.0,2023-11-17,46.82750015258789,1.670051496874219,48.49755164946211,45.157448655713665,50.167603146336326,43.48739715883945,241.33245330809396,51.8472376524611,129071013,3682478.1382075497,2223472.0653119218,38.533984223029314,72.7544582807022,50.71666717529297,51.78333282470703,50.03333282470703,52.46666717529297,48.96666717529297,53.53333282470703,48.28333282470703,0.045470063443482325,-4.347869353834654,-0.3085217608277162,-0.9161302594571824,0.6076084986294662,64.85848985311392,27.41535958093653,47.779999542236325,46.82750015258789,49.59582077026367,50.55578052520752,SALASAR.NS,2023-11-22 11:03:42.516683
5,2023-11-16 00:00:00+05:30,46.150001525878906,49.900001525878906,45.650001525878906,49.45000076293945,2463778,0.0,0.0,2023-11-16,46.750000190734866,1.4873148273549985,48.237315018089866,45.262685363379866,49.724629845444866,43.775370536024866,292.5170342633637,-20.51728645028351,127251774,4826112.128787283,1858720.547088015,38.49521590246325,68.83288543922895,48.333334604899086,51.016667683919266,46.766667683919266,52.583334604899086,44.083334604899086,55.266667683919266,42.516667683919266,-0.03765049620385017,-8.333345107086998,-0.6885003958191831,-1.068032384114549,0.37953198829536583,59.0089799609829,27.9825251114532,46.74000015258789,46.750000190734866,49.65773231506348,50.526352653503416,SALASAR.NS,2023-11-22 11:03:42.516683
6,2023-11-15 00:00:00+05:30,46.54999923706055,47.04999923706055,45.849998474121094,46.25,351001,0.0,0.0,2023-11-15,46.76750011444092,1.5224006088691613,48.28990072331008,45.24509950557176,49.812301332179246,43.722698896702596,65.78347529405225,-78.93289928165323,124787996,643057.2267963282,1116872.651663198,38.44925236058927,54.92746568781912,46.38333257039388,46.91666666666667,45.71666590372722,47.583333333333336,45.18333180745443,48.116667429606125,44.516665140787765,-0.22990651778028257,-35.80249471829162,-1.0020565948840243,-1.1629153811883903,0.160858786304366,41.46108197667179,29.543826653417877,46.1,46.76750011444092,49.74765342712402,50.521908378601076,SALASAR.NS,2023-11-22 11:03:42.516683
7,2023-11-13 00:00:00+05:30,45.900001525878906,46.70000076293945,45.54999923706055,46.29999923706055,540474,0.0,0.0,2023-11-13,46.98500003814697,1.7397894856937641,48.724789523840734,45.24521055245321,50.464579009534496,43.505421066759446,32.41884586450522,-89.90388458103817,125138997,991254.8447630387,1235326.5078799152,38.44458670884536,49.12952631814932,46.18333307902018,46.81666692097981,45.66666539510091,47.333334604899086,45.033331553141274,47.96666844685872,44.516663869222,-0.24560512560147232,-48.039245018826655,-1.0731692807474857,-1.2031300777644818,0.12996079701699603,41.72021229445703,29.745733896386277,46.130000305175784,46.98500003814697,49.90556686401367,50.55195930480957,SALASAR.NS,2023-11-22 11:03:42.516683
8,2023-11-10 00:00:00+05:30,45.650001525878906,46.20000076293945,45.099998474121094,45.79999923706055,419830,0.0,0.0,2023-11-10,47.225,1.9577439759617026,49.182743975961706,45.267256024038296,51.140487951923404,43.3095120480766,-88.63459526954553,-110.65790060568534,124598523,761672.844397808,1296344.4236591342,38.437345489647285,43.84596966127706,45.699999491373696,46.3000005086263,45.19999821980794,46.800001780192055,44.599997202555336,47.40000279744466,44.09999593098958,-0.2088301120360956,-63.55934669081349,-1.1528790946203316,-1.2356202770187306,0.082741182398399,38.129535723881624,29.52720146800793,46.19000015258789,47.225,50.09441879272461,50.59149101257324,SALASAR.NS,2023-11-22 11:03:42.516683
9,2023-11-09 00:00:00+05:30,46.54999923706055,46.650001525878906,45.599998474121094,45.900001525878906,1162514,0.0,0.0,2023-11-09,47.43250007629395,2.017767713709428,49.45026779000337,45.41473236258452,51.468035503712805,43.39696464887509,-28.190808269773967,-108.3408193710882,125018353,2113685.7726413296,1430012.3184744657,38.43206970787802,48.31357795596341,46.050000508626304,46.500002543131515,45.4499994913737,47.10000356038412,44.99999745686849,47.55000559488933,44.39999643961589,-0.22800291895620742,-64.5669206194349,-1.1882215215542118,-1.2563055726183303,0.06808405106411852,38.570865287629,28.649659854907213,46.15,47.43250007629395,50.284288024902345,50.64999584197998,SALASAR.NS,2023-11-22 11:03:42.516683
10,2023-11-08 00:00:00+05:30,47.04999923706055,47.25,46.0,46.25,550037,0.0,0.0,2023-11-08,47.627499961853026,2.0500622037433103,49.677562165596335,45.57743775810972,51.727624369339644,43.52737555436641,57.99544470019046,-101.83336281703549,126180867,1007704.444874436,1259093.9549327497,38.41722266100379,52.25830421732469,46.5,47.0,45.75,47.75,45.25,48.25,44.5,-0.23154817985888704,-59.05513230094184,-1.2253158917311495,-1.2733265853843596,0.04801069365321009,40.07850070494743,27.986764421336787,46.15,47.627499961853026,50.41726303100586,50.68803813934326,SALASAR.NS,2023-11-22 11:03:42.516683
11,2023-11-07 00:00:00+05:30,46.849998474121094,46.849998474121094,45.650001525878906,46.400001525878906,575261,0.0,0.0,2023-11-07,47.80749988555908,2.080565962811255,49.88806584837034,45.726933922747826,51.968631811181595,43.64636795993657,28.920712464609498,-115.61343373398381,126730904,1057334.6364149,1321941.3324473284,38.40984773026627,47.24907986477204,46.300000508626304,46.9499994913737,45.750002543131515,47.49999745686849,45.10000356038412,48.14999643961589,44.55000559488933,-0.21865860712031174,-58.955205185257725,-1.2887120806706562,-1.2853292587976621,-0.0033828218729941018,40.711780418859846,27.506256834962574,46.03000030517578,47.80749988555908,50.54822845458985,50.69563236236572,SALASAR.NS,2023-11-22 11:03:42.516683
12,2023-11-06 00:00:00+05:30,46.0,47.20000076293945,45.900001525878906,46.599998474121094,554248,0.0,0.0,2023-11-06,47.94749984741211,2.0750693972059375,50.02256924461805,45.872430450206174,52.097638641823984,43.79736105300024,40.1554585497515,-115.36595143505646,127306165,1023103.4980360807,1388093.0064554354,38.40197186637131,46.64945069680776,46.56666692097982,47.233332316080734,45.93333307902019,47.86666615804037,45.26666768391927,48.53333155314128,44.63333384195964,-0.2310821280899226,-61.688336137384645,-1.365125350412022,-1.2844835533294134,-0.08064179708260855,41.524121880434045,26.503275008976583,45.76999969482422,47.94749984741211,50.69415916442871,50.69074771881103,SALASAR.NS,2023-11-22 11:03:42.516683
13,2023-11-03 00:00:00+05:30,46.25,46.650001525878906,45.5,45.599998474121094,366660,0.0,0.0,2023-11-03,48.14749984741211,2.130385881463777,50.27788572887589,46.017113965948326,52.40827161033966,43.88672808448455,-46.22518355845721,-144.92735671616583,126751917,662304.7879426725,1479340.383560274,38.394178874353926,46.956890291329145,45.916666666666664,46.33333333333333,45.18333180745442,47.06666819254557,44.76666514078776,47.483334859212235,44.033330281575516,-0.2487029626809376,-76.36367335464016,-1.4619704429318503,-1.2643231040587612,-0.19764733887308905,35.553748272388844,25.551443902167954,45.59000015258789,48.14749984741211,50.83309577941895,50.69234676361084,SALASAR.NS,2023-11-22 11:03:42.516683
14,2023-11-02 00:00:00+05:30,46.45000076293945,46.599998474121094,45.650001525878906,45.900001525878906,408122,0.0,0.0,2023-11-02,48.425,2.1425201892239722,50.56752018922397,46.282479810776024,52.71004037844794,44.13995962155205,-46.96132577278396,-151.44625257837873,127118577,742048.409655217,1683599.2824646742,38.389644567689,52.83113607686951,46.050000508626304,46.4499994913737,45.500002543131515,46.99999745686849,45.10000356038412,47.39999643961589,44.55000559488933,-0.1951258274379183,-72.72727272727273,-1.4653255925529507,-1.2149112693404889,-0.2504143232124618,36.594574012405836,23.87694133701714,45.970000457763675,48.425,50.97805931091309,50.704444885253906,SALASAR.NS,2023-11-22 11:03:42.516683
15,2023-11-01 00:00:00+05:30,45.5,46.95000076293945,44.5,45.650001525878906,2869680,0.0,0.0,2023-11-01,48.67249984741211,2.1212873360447135,50.79378718345683,46.551212511367396,52.91507451950154,44.42992517532269,-74.12675151901527,-175.38054405576335,126710455,5189240.510097821,1918987.0006670384,38.384380531735026,48.2052617812763,45.70000076293945,46.900001525878906,44.45000076293945,48.150001525878906,43.25,49.35000228881836,42.0,-0.18542677093400936,-75.75757575757575,-1.4769650529598692,-1.1523076885373733,-0.32465736442249593,35.12495634460511,22.136996095838878,46.02000045776367,48.67249984741211,51.14896118164062,50.70406120300293,SALASAR.NS,2023-11-22 11:03:42.516683
16,2023-10-31 00:00:00+05:30,46.0,46.650001525878906,44.95000076293945,45.099998474121094,525061,0.0,0.0,2023-10-31,48.97749977111816,2.1022838620427677,51.07978363316093,46.87521590907539,53.1820674952037,44.772932047032626,-89.82909783156708,-195.66378880774698,123840775,938028.0405455027,1101423.6233093427,38.34839564667509,36.545848724742385,45.56666692097982,46.18333307902019,44.483332316080734,47.26666768391927,43.86666615804037,47.88333384195964,42.78333155314128,-0.24662186608265646,-82.42427941524622,-1.4448676188905338,-1.0711433474317493,-0.3737242714587845,31.900473821372387,20.26320891303152,45.970000457763675,48.97749977111816,51.31987266540527,50.69220443725586,SALASAR.NS,2023-11-22 11:03:42.516683
17,2023-10-30 00:00:00+05:30,47.5,47.5,45.20000076293945,45.70000076293945,647450,0.0,0.0,2023-10-30,49.312499809265134,1.9822812179188851,51.294781027184015,47.33021859134625,53.277062245102904,45.347937373427364,-83.07290694598613,-187.46802352077455,124365836,1172065.749298047,1142272.5190003025,38.34227180022109,43.63977104015811,46.13333384195963,47.06666692097981,44.766667683919266,48.43333307902018,43.833334604899086,49.36666615804036,42.46666844685872,-0.22550411089899922,-75.1515243992661,-1.3277142759484875,-0.9777122795670532,-0.35000199638143425,33.5917677948445,18.41877208133706,46.27000045776367,49.312499809265134,51.42193809509277,50.66688426971436,SALASAR.NS,2023-11-22 11:03:42.516683
18,2023-10-27 00:00:00+05:30,46.5,47.70000076293945,46.5,47.5,291409,0.0,0.0,2023-10-27,49.60749969482422,1.851050055392206,51.45854975021643,47.75644963943201,53.309599805608634,45.905399584039806,-60.01621313531474,-154.98227521110573,125013286,548309.9192935745,1134824.2114258665,38.33403338510205,42.46275366861586,47.233333587646484,47.96666717529297,46.766666412353516,48.43333435058594,46.03333282470703,49.16666793823242,45.56666564941406,-0.21989858141336122,-53.33335182883523,-1.2166967475055799,-0.8902117804716946,-0.3264849670338853,39.41273436674728,16.527798908490503,47.02000045776367,49.60749969482422,51.50601501464844,50.64255058288574,SALASAR.NS,2023-11-22 11:03:42.516683
19,2023-10-26 00:00:00+05:30,45.0,47.0,43.650001525878906,46.150001525878906,884990,0.0,0.0,2023-10-26,49.83749961853027,1.8611588883612975,51.69865850689157,47.97634073016898,53.55981739525287,46.115181841807676,-149.19793953026382,-226.8437901797134,124721877,1617855.074853613,1281452.7844589395,38.32941176966887,45.748970467913374,45.6000010172526,47.5500005086263,44.200002034505204,48.949999491373696,42.25000254313151,50.89999898274739,40.85000356038411,-0.24846730336186434,-69.6969696969697,-1.2333985223534967,-0.8085905387132232,-0.4248079836402735,31.09751500060395,15.018557508026218,47.41000061035156,49.83749961853027,51.56407272338867,50.60620540618896,SALASAR.NS,2023-11-22 11:03:42.516683
20,2023-10-25 00:00:00+05:30,46.70000076293945,48.75,44.79999923706055,45.400001525878906,825099,0.0,0.0,2023-10-25,50.15749950408936,1.7400294796181237,51.89752898370748,48.417470024471235,53.637558463325604,46.67744054485311,-204.58260087200833,-222.1397429235788,123836887,1483854.9870476427,1197352.2118602712,38.31741799261277,46.31477486595032,46.31666692097982,47.83333460489909,43.88333384195964,50.26666768391927,42.36666615804037,51.783335367838546,39.93333307902019,-0.28675199306080895,-91.54926626202234,-1.1031396037248413,-0.7023885428031548,-0.40075106092168655,25.847494497477555,12.723315143918583,48.09000015258789,50.15749950408936,51.65312271118164,50.58984767913818,SALASAR.NS,2023-11-22 11:03:42.516683
21,2023-10-23 00:00:00+05:30,49.45000076293945,49.54999923706055,46.29999923706055,46.599998474121094,566738,0.0,0.0,2023-10-23,50.44499950408935,1.3421212091203445,51.787120713209696,49.10287829496901,53.12924192233004,47.76075708584867,-246.72339443631517,-194.09971797364273,124661986,1046159.17471957,1125726.5180634283,38.30727660736031,41.48495801626872,47.48333231608073,48.66666539510091,45.41666539510091,50.73333231608073,44.23333231608073,51.91666539510091,42.16666539510091,-0.2597479818989989,-94.64287295632786,-0.8457908426968714,-0.602200777572733,-0.2435900651241384,29.147054981044164,10.710185407487923,48.96999969482422,50.44499950408935,51.78212463378906,50.584982261657714,SALASAR.NS,2023-11-22 11:03:42.516683
22,2023-10-20 00:00:00+05:30,49.0,50.0,49.0,49.45000076293945,494466,0.0,0.0,2023-10-20,50.68249950408936,1.0034509579379252,51.68595046202728,49.679048546151435,52.68940141996521,48.675597588213506,-78.78781299361108,-117.21113022409837,125228724,968572.8015563628,1145618.3538993928,38.29911254536459,51.78326443895643,49.483333587646484,49.96666717529297,48.96666717529297,50.483333587646484,48.483333587646484,50.96666717529297,47.96666717529297,-0.23447495001459584,-77.77773591552281,-0.6216729489698096,-0.5413032612916985,-0.08036968767811115,40.56793153584627,9.250576352623712,49.76999969482422,50.68249950408936,51.89511116027832,50.553145751953124,SALASAR.NS,2023-11-22 11:03:42.516683
23,2023-10-19 00:00:00+05:30,49.54999923706055,49.75,49.099998474121094,49.45000076293945,325801,0.0,0.0,2023-10-19,50.784999465942384,0.9752325429845189,51.760232008926906,49.80976692295786,52.73546455191142,48.83453437997335,-100.6893540328504,-126.00366963926902,125723190,638187.4331498315,1189879.7419851501,38.28952635715619,47.64834511045822,49.43333307902018,49.766667683919266,49.11666615804036,50.083334604899086,48.783331553141274,50.41666920979817,48.466664632161454,-0.25167735418901815,-77.77773591552281,-0.6059968869760581,-0.5212108393721706,-0.08478604760388753,40.56793153584628,9.499860212197627,50.099999237060544,50.784999465942384,51.96706695556641,50.510275535583496,SALASAR.NS,2023-11-22 11:03:42.516683
24,2023-10-18 00:00:00+05:30,49.79999923706055,50.349998474121094,49.150001525878906,49.54999923706055,403442,0.0,0.0,2023-10-18,50.92249946594238,0.970956497440296,51.89345596338268,49.95154296850208,52.86441246082297,48.98058647106179,-84.07964292150174,-121.55794978022172,126048991,791870.734152038,1327802.8191939795,38.28320105619678,47.275482630123804,49.68333307902018,50.216664632161454,49.016667683919266,50.88333002726237,48.48333613077799,51.41666158040364,47.81667073567708,-0.317906692536651,-76.19048051552899,-0.5767450062874531,-0.5000143274711987,-0.0767306788162544,41.054621717822315,9.525211797447707,50.199999237060545,50.92249946594238,51.980136184692384,50.44395053863526,SALASAR.NS,2023-11-22 11:03:42.516683
25,2023-10-17 00:00:00+05:30,50.75,51.349998474121094,49.70000076293945,49.79999923706055,645459,0.0,0.0,2023-10-17,51.09999942779541,1.029562865893024,52.12956229368844,50.07043656190238,53.15912515958146,49.04087369600936,-13.03819492831949,-98.4791044670185,126452433,1273290.5894365504,1461785.8404544648,38.27528821129916,46.37681590616657,50.28333282470703,50.86666488647461,49.21666717529297,51.93333053588867,48.63333511352539,52.51666259765625,47.56666946411133,-0.22287075138517543,-71.59091894291308,-0.5404035086709698,-0.4808316577671351,-0.059571850903834656,42.23074762336177,9.591414784120277,50.24999923706055,51.09999942779541,51.971243896484374,50.37113609313965,SALASAR.NS,2023-11-22 11:03:42.516683
26,2023-10-16 00:00:00+05:30,51.349998474121094,51.900001525878906,50.349998474121094,50.599998474121094,558746,0.0,0.0,2023-10-16,51.20249938964844,0.9947855476822688,52.19728493733071,50.20771384196617,53.19207048501298,49.2129282942839,48.37442015618935,-72.05744747856787,127097892,1119939.2443936989,1508909.6532089435,38.262324242058924,56.50821422122616,50.949999491373696,51.5500005086263,49.999997456868485,52.50000254313151,49.39999643961588,53.10000356038411,48.44999440511067,-0.22989438672042375,-61.682273644160915,-0.5103086593184898,-0.46593869504117646,-0.04436996427731332,46.16012788632691,10.08633685226649,50.25999908447265,51.20249938964844,51.95735160827637,50.29881591796875,SALASAR.NS,2023-11-22 11:03:42.516683
27,2023-10-13 00:00:00+05:30,49.79999923706055,51.25,49.650001525878906,51.099998474121094,761820,0.0,0.0,2023-10-13,51.26749954223633,0.9958167478792308,52.26331629011556,50.2716827943571,53.25913303799479,49.275866046477866,3.8154786019528197,-84.33496968685812,127656638,1542065.3884669773,1606152.2554127544,38.25029854888941,52.3012468478714,50.666666666666664,51.68333180745442,50.08333333333333,52.26666514078776,49.06666819254557,53.283330281575516,48.483334859212235,-0.22790761555123037,-52.33648324992103,-0.5428339867622824,-0.4548462039718481,-0.08798778279043434,48.79504107542422,10.577242483096784,49.97999954223633,51.26749954223633,51.94243049621582,50.21799667358398,SALASAR.NS,2023-11-22 11:03:42.516683
28,2023-10-12 00:00:00+05:30,50.150001525878906,50.54999923706055,49.650001525878906,49.95000076293945,522830,0.0,0.0,2023-10-12,51.27256679534912,0.9951771960702839,52.26774399141941,50.277389599278834,53.26292118748969,49.282212403208554,-63.35586445139754,-112.07679528892132,126894818,1034488.1758824275,1622173.9721491984,38.233198974677045,45.959511623207085,50.050000508626304,50.4499994913737,49.55000178019206,50.949998219807945,49.150002797444664,51.34999720255534,48.65000406901042,-0.2137416521798394,-73.83175837503948,-0.6254939289174217,-0.4328492582742395,-0.19264467064318225,41.685920406728734,11.154140936682888,49.87999954223633,51.27256679534912,51.94046508789062,50.12968223571777,SALASAR.NS,2023-11-22 11:03:42.516683
29,2023-10-11 00:00:00+05:30,50.0,50.900001525878906,49.5,49.79999923706055,819278,0.0,0.0,2023-10-11,51.26277332305908,1.0097347887701777,52.272508111829254,50.253038534288905,53.282242900599435,49.24330374551872,-74.1496414339155,-112.21766913546988,126371988,1616181.6126700507,1769095.421215891,38.2224885588221,45.09383843787158,50.06666692097982,50.63333384195964,49.233332316080734,51.466668446858726,48.666665395100914,52.033335367838546,47.83333079020183,-0.25274622946393577,-76.6355240144003,-0.6085891722584975,-0.3846880906134439,-0.22390108164505362,40.688562467043496,11.174659730073046,50.119999694824216,51.26277332305908,51.942536239624026,50.05586204528809,SALASAR.NS,2023-11-22 11:03:42.516683
30,2023-10-10 00:00:00+05:30,49.45000076293945,50.54999923706055,49.45000076293945,49.849998474121094,637995,0.0,0.0,2023-10-10,51.38274440765381,0.9684893830787151,52.35123379073252,50.4142550245751,53.31972317381124,49.44576564149638,-95.60918622613399,-121.15231744774243,127191266,1259830.032064525,1807323.873352351,38.20588100116205,48.48001883614941,49.949999491373696,50.44999821980794,49.349999745686844,51.04999796549479,48.8500010172526,51.54999669392903,48.25000127156575,-0.22583406841418469,-78.86180626801126,-0.562952035468335,-0.3287128202021804,-0.23423921526615465,40.90510800017355,11.196756892185524,50.32999954223633,51.38274440765381,51.95659004211426,49.97755340576172,SALASAR.NS,2023-11-22 11:03:42.516683
31,2023-10-09 00:00:00+05:30,49.5,50.0,48.54999923706055,49.20000076293945,836282,0.0,0.0,2023-10-09,51.51768207550049,0.9309746377961728,52.448656713296664,50.58670743770431,53.37963135109283,49.655732799908144,-182.72142167570382,-163.92325480299638,126553271,1629849.0779865505,1944197.3336743072,38.192859275444555,58.184246481431195,49.25,49.95000076293945,48.5,50.70000076293945,47.79999923706055,51.400001525878906,47.04999923706055,-0.24055494792310497,-89.43087212021442,-0.5009172619328339,-0.2701530163856417,-0.23076424554719221,36.84793917818865,10.93252064564006,50.70999984741211,51.51768207550049,51.96365547180176,49.8962495803833,SALASAR.NS,2023-11-22 11:03:42.516683
32,2023-10-06 00:00:00+05:30,51.20000076293945,51.900001525878906,49.95000076293945,50.599998474121094,771063,0.0,0.0,2023-10-06,51.7300329208374,0.8558281088554051,52.58586102969281,50.874204811982,53.44168913854821,50.01837670312659,-92.84992615696694,-95.95954464790563,127389553,1545503.168881636,2022784.397596246,38.17670047649484,56.154667337681836,50.81666692097982,51.68333307902019,49.733332316080734,52.76666768391927,48.86666615804037,53.63333384195964,47.78333155314128,-0.26690326473060483,-78.84618629364802,-0.3498893718061211,-0.21246195499884363,-0.1374274168072775,42.712854217935295,10.190958407454143,51.22999954223633,51.7300329208374,52.00667663574219,49.83491977691651,SALASAR.NS,2023-11-22 11:03:42.516683
33,2023-10-05 00:00:00+05:30,51.29999923706055,51.599998474121094,49.5,51.150001525878906,688052,0.0,0.0,2023-10-05,51.93226852416992,1.034071571342275,52.966340095512194,50.89819695282765,54.00041166685447,49.86412538148537,-130.2735281711996,-104.20672107773541,128160616,1394108.0822905048,2142104.7047748985,38.159862233229134,57.44127880590853,50.75,52.0,49.900001525878906,52.849998474121094,48.650001525878906,54.099998474121094,47.80000305175781,-0.2591456277070959,-68.26920608091999,-0.28910511476319556,-0.17810510079702424,-0.11100001396617132,45.3457590909999,10.245285728819239,51.42999954223633,51.93226852416992,52.028684310913086,49.7560966873169,SALASAR.NS,2023-11-22 11:03:42.516683
34,2023-10-04 00:00:00+05:30,51.70000076293945,51.70000076293945,50.25,50.849998474121094,1755169,0.0,0.0,2023-10-04,52.082052040100095,1.1275330978308016,53.209585137930894,50.954518942269296,54.3371182357617,49.82698584443849,-142.99656025730727,-91.6844699843812,127472564,3535406.991200118,2329103.8603959964,38.14413216298106,55.40696631526493,50.93333307902018,51.61666615804036,50.16666539510091,52.38333384195963,49.48333231608073,53.06666692097981,48.716664632161454,-0.2717278939453286,-58.843424868622876,-0.2610694329682772,-0.1503550973054814,-0.11071433566279582,43.58439262006068,10.063164037956533,51.619998931884766,52.082052040100095,52.0546630859375,49.67177356719971,SALASAR.NS,2023-11-22 11:03:42.516683
35,2023-10-03 00:00:00+05:30,52.150001525878906,52.599998474121094,51.5,51.75,1461474,0.0,0.0,2023-10-03,52.24933090209961,1.1819847007893574,53.431315602888965,51.06734620131025,54.61330030367832,49.885361500520894,-21.262039710309338,-33.98713138254397,129227733,2995925.2971607293,2027528.0776949655,38.104762434902234,56.176147691546184,51.949999491373696,52.39999898274739,51.3000005086263,53.04999796549479,50.8500010172526,53.499997456868485,50.200002034505204,-0.29583838565272097,-45.08780391132844,-0.19167391204305773,-0.12267651338978243,-0.0689973986532753,47.88317400985491,10.34455801831578,51.959999084472656,52.24933090209961,52.103609313964846,49.58995147705078,SALASAR.NS,2023-11-22 11:03:42.516683
36,2023-09-29 00:00:00+05:30,51.650001525878906,52.29999923706055,51.5,51.79999923706055,384853,0.0,0.0,2023-09-29,52.35913372039795,1.2340153030894645,53.59314902348741,51.125118417308485,54.82716432657688,49.89110311421902,-36.2573456345941,-33.51254657477825,130689207,789685.4971076677,1785428.7728285245,38.06946579666552,48.43173544993774,51.86666615804037,52.233332316080734,51.43333307902019,52.666665395100914,51.06666692097982,53.03333155314128,50.63333384195964,-0.25349417550220027,-44.323615703439415,-0.18855898004287752,-0.1054271637264636,-0.08313181631641392,48.1280552333345,10.7436936457845,51.83999938964844,52.35913372039795,52.14753044128418,49.49713317871094,SALASAR.NS,2023-11-22 11:03:42.516683
37,2023-09-28 00:00:00+05:30,52.45000076293945,52.75,51.29999923706055,51.599998474121094,391789,0.0,0.0,2023-09-28,52.47641735076904,1.2883498155272033,53.764767166296245,51.188067535241835,55.05311698182345,49.89971771971463,-40.777870483583015,-29.255631775394487,130304354,800813.6361547654,2034364.5917587385,38.06010658293561,45.8403867036376,51.88333257039388,52.46666590372722,51.016665140787765,53.333333333333336,50.43333180745443,53.91666666666667,49.56666437784831,-0.283932014298832,-47.38042683881851,-0.18663813620705838,-0.08464420964736011,-0.10199392655969827,47.123649138238555,11.38004733551636,51.74999923706055,52.47641735076904,52.172486267089845,49.407807235717776,SALASAR.NS,2023-11-22 11:03:42.516683
38,2023-09-27 00:00:00+05:30,52.849998474121094,52.95000076293945,51.79999923706055,52.099998474121094,583338,0.0,0.0,2023-09-27,52.68354721069336,1.4614127069644767,54.144959917657836,51.22213450372889,55.60637262462232,49.76072179676441,28.36320254295896,-8.587543995708883,130696143,1203891.952299505,2342752.3306597318,38.05070445873345,43.95487721504701,52.28333282470703,52.766666412353516,51.61666488647461,53.43333435058594,51.133331298828125,53.91666793823242,50.4666633605957,-0.35001546305995174,-43.56592777013965,-0.1616539786397837,-0.05914572800743553,-0.10250825063234817,49.34156493266447,12.065351309073746,51.72999954223633,52.68354721069336,52.18347663879395,49.32696876525879,SALASAR.NS,2023-11-22 11:03:42.516683
39,2023-09-26 00:00:00+05:30,53.0,53.900001525878906,51.650001525878906,52.54999923706055,1630865,0.0,0.0,2023-09-26,52.84322032928467,1.5650798678289024,54.40830019711357,51.27814046145577,55.973380064942475,49.713060593626864,76.91904028035292,12.651152391993538,131279481,3394847.412569433,2627467.425249788,38.036163850683934,49.521556720452125,52.70000076293945,53.75,51.5,54.95000076293945,50.45000076293945,56.0,49.25,-0.2558198420171817,-41.70525281921128,-0.17645980753259494,-0.03351866534934849,-0.14294114218324644,51.36181111788305,12.4691303878608,51.75,52.84322032928467,52.188459396362305,49.23963321685791,SALASAR.NS,2023-11-22 11:03:42.516683
40,2023-09-25 00:00:00+05:30,51.349998474121094,51.900001525878906,50.599998474121094,51.150001525878906,440833,0.0,0.0,2023-09-25,52.84315795898438,1.5650921928571726,54.40825015184155,51.278065766127206,55.97334234469872,49.712973573270034,-60.491604538047525,-51.12501115701125,129648616,893201.1653775733,2435622.428419877,37.994045974527474,41.25571842237549,51.21666717529297,51.833335876464844,50.53333282470703,52.51667022705078,49.916664123535156,53.133338928222656,49.23332977294922,-0.27284564782872356,-60.28399729644993,-0.23706037863890828,0.002216620196463126,-0.2392769988353714,44.836963413963225,12.903969395785317,51.85999984741211,52.84315795898438,52.19841522216797,49.15079189300537,SALASAR.NS,2023-11-22 11:03:42.516683
41,2023-09-22 00:00:00+05:30,51.54999923706055,52.349998474121094,50.650001525878906,51.349998474121094,720518,0.0,0.0,2023-09-22,52.92557144165039,1.5137988871542116,54.4393703288046,51.41177255449618,55.953169215958816,49.897973667341965,-52.948107657399426,-39.38217945571513,130089449,1465597.7928892954,2821227.744180452,37.98371827606644,44.9256488037028,51.449999491373696,52.249997456868485,50.5500005086263,53.14999643961588,49.75000254313151,53.94999440511067,48.85000356038411,-0.30011639932058726,-57.62992710194728,-0.17317708708078783,0.062035869905305976,-0.2352129569860938,45.649315939366126,13.19302335853791,51.99999923706055,52.92557144165039,52.214413223266604,49.073455352783206,SALASAR.NS,2023-11-22 11:03:42.516683
42,2023-09-21 00:00:00+05:30,52.20000076293945,53.0,51.0,51.5,725595,0.0,0.0,2023-09-21,53.04289836883545,1.475712137294657,54.51861050613011,51.567186231540795,55.994322643424766,50.09147409424614,-35.67785437649877,-22.883565073178445,130809967,1480236.2747764564,3160135.2320032413,37.96654630927071,43.11577949776733,51.833333333333336,52.66666666666667,50.66666666666667,53.833333333333336,49.833333333333336,54.66666666666667,48.66666666666667,-0.3031213762767913,-55.63932383292628,-0.10845988919945171,0.12083910915182942,-0.22929899835128115,46.23267227544185,13.532216609610431,52.10999984741211,53.04289836883545,52.19746704101563,48.96667171478271,SALASAR.NS,2023-11-22 11:03:42.516683
43,2023-09-20 00:00:00+05:30,53.95000076293945,54.70000076293945,52.04999923706055,52.20000076293945,1527763,0.0,0.0,2023-09-20,53.14523983001709,1.4334488291005023,54.57868865911759,51.71179100091659,56.012137488218094,50.278342171816085,32.15839591906873,27.29999540523645,131535562,3159046.580506634,3580109.9713099375,37.94901437595486,41.7514246931419,52.983333587646484,53.91666793823242,51.266666412353516,55.63333511352539,50.33333206176758,56.56666946411133,48.61666488647461,-0.3103766278282907,-53.44160940110984,-0.038731810533398914,0.17816385873964968,-0.2168956692730486,48.94293738027752,14.084443707689418,52.0502685546875,53.14523983001709,52.18450744628906,48.85489479064941,SALASAR.NS,2023-11-22 11:03:42.516683
44,2023-09-18 00:00:00+05:30,51.900001525878906,54.29999923706055,51.25,53.099998474121094,3443696,0.0,0.0,2023-09-18,53.17764854431152,1.4181993672925561,54.59584791160408,51.759449177018965,56.01404727889663,50.34124980972641,14.835176192212494,23.01562241415585,133063325,7243506.383447994,3685375.819010763,37.91003687357265,47.5277699593259,52.88333257039388,54.516665140787765,51.46666590372722,55.93333180745443,49.833333333333336,57.56666437784831,48.41666666666667,-0.295354142250059,-52.83513317927196,-0.01781136358328439,0.2323877760579118,-0.2501991396411962,52.62612603695056,15.079069490142986,51.56109466552734,53.17764854431152,52.128603591918946,48.74659767150879,SALASAR.NS,2023-11-22 11:03:42.516683
45,2023-09-15 00:00:00+05:30,52.349998474121094,53.0,51.599998474121094,51.849998474121094,1342598,0.1,0.0,2023-09-15,53.24490337371826,1.4459458089006403,54.6908491826189,51.79895756481762,56.13679499151954,50.35301175591698,-35.49223570021393,-10.145346489438163,129619629,2757555.5904182326,2795843.177901455,37.81580879869123,46.441376186944574,52.1499989827474,52.6999994913737,51.299997965494796,53.550000508626304,50.74999745686849,54.10000101725261,49.89999643961589,-0.38776767921359684,-64.76282973422322,-0.07939312103499674,0.29493756096821083,-0.37433068200320757,47.53405759678495,16.105867235540035,51.38097915649414,53.24490337371826,52.08164779663086,48.63878231048584,SALASAR.NS,2023-11-22 11:03:42.516683
46,2023-09-14 00:00:00+05:30,51.900001525878906,53.64663619261522,51.15144381156335,51.900001525878906,1228519,0.0,0.0,2023-09-14,53.362182235717775,1.4217735024609135,54.78395573817869,51.94040873325686,56.2057292406396,50.51863523079595,-39.26689243962057,-9.007981090118795,130962227,2525682.64838725,2805415.0747722606,37.781784922896165,47.965680558230986,52.232693843352486,53.313943875141625,50.81875149408975,54.72788622440436,49.737501462300614,55.8091362561935,48.32355911303788,-0.2575485722001257,-64.28569275167226,-0.03392744502945533,0.3885202314690127,-0.42244767649846804,47.72459176217624,16.455794035100027,51.52072982788086,53.362182235717775,52.08464393615723,48.53897560119629,SALASAR.NS,2023-11-22 11:03:42.516683
47,2023-09-13 00:00:00+05:30,49.65432512315784,51.94990120155018,48.15720979281137,51.20134353637695,1312180,0.0,0.0,2023-09-13,53.27734565734863,1.557733971613705,54.83507962896234,51.719611685734925,56.39281360057604,50.161877714121225,-140.25504813841502,-85.1548149001524,129733708,2661364.1572767133,2875348.181368513,37.75039598237435,41.907083528715134,50.43615151024617,52.71509322768097,48.922401818942156,54.22884291898498,46.64346010150736,56.50778463641978,45.129710410203344,-0.2631594540573893,-70.95239714724956,0.019871906956488772,0.4941321505936297,-0.4742602436371409,44.85083317617075,16.832638280780017,51.830133056640626,53.27734565734863,52.04072853088379,48.44365924835205,SALASAR.NS,2023-11-22 11:03:42.516683
48,2023-09-12 00:00:00+05:30,52.39903659186289,53.39711347932694,49.40480592947072,49.75413131713867,1520291,0.0,0.0,2023-09-12,53.212470817565915,1.6716002833328334,54.88407110089875,51.54087053423308,56.55567138423158,49.86927025090025,-174.24685463771206,-72.34674138769574,128421528,2996300.764040146,2928844.187391463,37.71837801358316,42.170975860506786,50.852016908645446,52.29922788782017,48.30692033796395,54.84432445850167,46.859709358789225,56.291535437676394,44.31461278810773,-0.3124729595965771,-96.21623401880828,0.15725751707191904,0.6126972115029149,-0.45543969443099586,38.32984911640768,16.1919188109315,52.51880645751953,53.212470817565915,51.98982666015625,48.35083812713623,SALASAR.NS,2023-11-22 11:03:42.516683
49,2023-09-11 00:00:00+05:30,52.89807551802386,53.04778857545332,51.25124711574467,52.19942092895508,1119117,0.0,0.0,2023-09-11,53.24490852355957,1.6059644823452695,54.850873005904845,51.6389440412143,56.45683748825011,50.03297955886904,-161.6474455756691,-17.851646141568814,129941819,2314039.194361444,2911980.043229292,37.685093143279055,49.6385481456877,52.16615220671769,53.08105729769071,51.28451583798206,53.96269366642634,50.36961074700904,54.87759875739936,49.487974378273414,-0.2804836999817717,-87.16215911123213,0.4732985165072279,0.7265571351106638,-0.2532586186034359,47.0604382099185,16.0248151022857,53.39711456298828,53.24490852355957,51.98783058166504,48.23955257415771,SALASAR.NS,2023-11-22 11:03:42.516683
50,2023-09-08 00:00:00+05:30,53.84625107719008,53.94605724713844,52.09961645156439,52.54875183105469,1289840,0.0,0.0,2023-09-08,53.165062522888185,1.6977552119224344,54.86281773481062,51.46730731096575,56.56057294673305,49.76955209904332,-122.9691265085801,12.07169819080603,131060936,2684897.918952981,3061465.2554462543,37.655485468701755,48.895744568126474,52.86480850991918,53.63000056827397,51.78355977269992,54.71124930549323,51.018367714345125,55.476441363848025,49.93711897712586,-0.297273028892684,-93.1297593344693,0.6299315992188923,0.7898717897615227,-0.15994019054263042,48.52667548041856,16.740557110469787,53.79634552001953,53.165062522888185,51.9598844909668,48.10131893157959,SALASAR.NS,2023-11-22 11:03:42.516683
51,2023-09-07 00:00:00+05:30,54.99403611582981,55.14374917499602,53.14759535870657,53.447017669677734,1094201,0.0,0.0,2023-09-07,53.13012981414795,1.7181687050524688,54.84829851920042,51.41196110909548,56.56646722425289,49.69379240404301,-42.53400972733188,59.327311786783184,132350776,2316595.009711388,3155607.0895695724,37.620387664993906,57.3408999179836,53.91278740112677,54.677979443546974,52.681825627257524,55.90894121741622,51.91663358483732,56.674133259836424,50.685671810968074,-0.2945468579641435,-80.62018802355969,0.7865211905260097,0.8298568373971802,-0.04333564687117053,52.42692561414133,17.976301345944787,54.07580642700195,53.13012981414795,51.91397285461426,47.983046798706056,SALASAR.NS,2023-11-22 11:03:42.516683
52,2023-09-06 00:00:00+05:30,54.44509439832838,55.692690529396224,53.896152862130776,54.644710540771484,1347000,0.0,0.0,2023-09-06,53.07024517059326,1.7273899756751778,54.79763514626844,51.34285519491808,56.525025121943614,49.61546521924291,32.88079195404106,98.38865390910361,133444977,2915716.254488599,3365360.109534118,37.588684048898195,70.10526721410353,54.74451797743283,55.59288309273488,53.79634542546943,56.541055644698275,52.94798031016738,57.38942076000033,51.999807758203985,-0.2940894070746594,-47.904216804566566,0.886620756039278,0.8406907491149728,0.04593000692430527,58.220430637985224,18.797614479516287,54.21553726196289,53.07024517059326,51.81516326904297,47.85030258178711,SALASAR.NS,2023-11-22 11:03:42.516683
53,2023-09-05 00:00:00+05:30,54.54490412757056,55.2934618028399,53.1475949441233,54.14567184448242,1376839,0.0,0.0,2023-09-05,52.99039916992187,1.687222909271598,54.67762207919347,51.303176260650275,56.364844988465066,49.61595335137868,-9.768061411330844,78.91883119838396,132097977,2953088.3376393607,3477771.0732954973,37.54652012813436,69.71637330908442,54.19557619714854,55.24355745017378,53.09769059145718,56.34144305586514,52.04970933843194,57.38942430889038,50.95182373274058,-0.23084988335454823,-51.4286003526591,0.8833902843380912,0.8292082473838964,0.05418203695419477,56.3543426793636,19.217813940748645,54.43511428833008,52.99039916992187,51.648484497070314,47.70857566833496,SALASAR.NS,2023-11-22 11:03:42.516683
54,2023-09-04 00:00:00+05:30,54.49499802708981,55.54298183355642,53.99595956967191,54.19557571411133,849183,0.0,0.0,2023-09-04,52.78828868865967,1.781047575205499,54.56933626386517,51.00724111345417,56.350383839070666,49.22619353824867,29.47842444762967,98.86707000535475,133474816,1823033.5359779778,3608941.757209531,37.504470382949556,69.17920549365249,54.57817237244655,55.160385175221194,53.61336291133669,56.12519463633106,53.031150108562045,56.7074074391057,52.06634064745218,-0.2247060783477515,-49.17129758994948,0.9150173507440158,0.8156627381453476,0.09935461259866818,56.58904415830267,19.861374572975357,54.66467208862305,52.78828868865967,51.51574028015137,47.56984298706055,SALASAR.NS,2023-11-22 11:03:42.516683
55,2023-09-01 00:00:00+05:30,54.39519173812078,54.99403636275191,52.54875097270706,53.9460563659668,1465111,0.0,0.0,2023-09-01,52.53377914428711,1.9270689600497037,54.46084810433681,50.60671018423741,56.387917064386514,48.679641224187705,-35.180742984346594,71.30658039288315,132625633,3130831.994419411,4055418.8125174195,37.478351188323856,65.94696106692295,53.829614567141924,55.110478161576786,52.665192771531935,56.274899957186776,51.38432917709707,57.55576355162164,50.21990738148708,-0.21795426463293532,-47.47476322439812,0.9367309054102151,0.7908240849956806,0.1459068204145345,55.73308505553065,20.043378438961685,54.33530731201172,52.53377914428711,51.39497299194336,47.43510261535644,SALASAR.NS,2023-11-22 11:03:42.516683
56,2023-08-31 00:00:00+05:30,55.79250025301946,56.8404802369243,53.896152619392645,54.14567184448242,1301160,0.0,0.0,2023-08-31,52.291745567321776,2.040975725862541,54.33272129318432,50.25076984145923,56.37369701904686,48.209794115596694,57.438764027845494,124.97803271066977,134090744,2790769.5971735483,4286565.517041922,37.43377005221862,67.71398000932248,54.96076823359979,56.02538384780693,53.08105623027527,57.90509585113144,52.01644061606813,58.969711465338584,50.13672861274362,-0.24513621770537644,-45.45456062679707,0.9749118179378229,0.7543473798920468,0.22056443804577608,56.56156187880512,20.47646534602185,54.105750274658206,52.291745567321776,51.29616333007812,47.29836608886719,SALASAR.NS,2023-11-22 11:03:42.516683
57,2023-08-30 00:00:00+05:30,55.89230873681129,58.63702032656541,55.493076437175226,55.74259567260742,3512413,0.0,0.0,2023-08-30,52.07715911865235,2.0613096095645616,54.13846872821691,50.015849509087786,56.19977833778147,47.954539899523226,188.22232241202713,205.1438791032402,135391904,7755723.118064232,4660514.497009015,37.3934937580087,69.53579697454839,56.624230812116025,57.755385187056824,54.61144129766664,59.76817470150621,53.48028692272584,60.89932907644701,51.46749740827645,-0.21998471145160153,-29.29293984598868,0.9893644646089399,0.6992062703806027,0.2901581942283372,63.5827732904716,20.12378426994494,54.01592330932617,52.07715911865235,51.19835174560547,47.15164878845215,SALASAR.NS,2023-11-22 11:03:42.516683
58,2023-08-29 00:00:00+05:30,52.89807480359474,55.89230545285482,52.84817172091264,55.293460845947266,2889457,0.0,0.0,2023-08-29,51.84011573791504,1.8824436018894664,53.722559339804505,49.95767213602558,55.605002941693975,48.07522853413611,85.74667243805449,130.60712980894203,131879491,6328773.3357419735,3886712.34174521,37.27333706578964,66.24687451123185,54.67797933990491,56.50778695889718,53.463653226954996,57.72211307184709,51.633845607962726,59.55192069083936,50.419519495012814,-0.13706861853947183,-17.610057237472095,0.8356050600072393,0.6266667218235183,0.20893833818372098,62.362609858395274,18.646220110174973,53.57677001953125,51.84011573791504,51.088563232421876,46.99195648193359,SALASAR.NS,2023-11-22 11:03:42.516683
59,2023-08-28 00:00:00+05:30,53.097693380493354,53.546828759983654,52.498844938719174,52.54875183105469,623999,0.0,0.0,2023-08-28,51.57812061309814,1.7354151684308838,53.313535781529026,49.84270544466726,55.04895094995991,48.10729027623638,5.957999220019039,53.99055267572338,128990034,1298900.3415375093,3276197.093246019,37.175737601784625,65.22753345810222,52.86480850991918,53.230772081119184,52.1827882598547,53.91279233118366,51.8168246886547,54.278755902383665,51.13480443859022,-0.2231180454533033,-52.20122258772295,0.6703187209836017,0.574432137277588,0.09588658370601366,53.5663681459464,18.09414811283171,53.08771286010742,51.57812061309814,51.015703659057614,46.818291091918944,SALASAR.NS,2023-11-22 11:03:42.516683
60,2023-08-25 00:00:00+05:30,53.69653813279053,54.89423121160694,52.59865503150292,52.79827117919922,1387767,0.0,0.0,2023-08-25,51.47581748962402,1.7354926369252779,53.2113101265493,49.74032485269874,54.94680276347458,48.00483221577346,36.08681498445704,83.65732650567342,129614033,2902456.976165851,3770521.2811731463,37.15773544161813,68.02203286773111,53.43038580743636,54.262116583369796,51.966540403265775,55.72596198754038,51.13480962733234,56.55769276347382,49.670964223161754,-0.21375954092927132,-49.05656682169374,0.7188580274733098,0.5504604913510847,0.1683975361222252,54.6484503832468,18.72415207341131,53.46698150634766,51.47581748962402,50.958813247680666,46.660594902038575,SALASAR.NS,2023-11-22 11:03:42.516683
61,2023-08-24 00:00:00+05:30,54.145672388972635,55.0938462153209,52.94797933502541,53.696537017822266,1095457,0.0,0.0,2023-08-24,51.34606742858887,1.7284089284467028,53.07447635703557,49.61765850014216,54.802885285482276,47.88924957169546,63.34412779296819,111.30280070006442,131001800,2330081.6810523514,3987537.35742497,37.11689575443725,69.75109017761807,53.91278752272286,54.87759571042031,52.731728830124815,56.05865440301835,51.766920642427365,57.0234625907158,50.58586194982932,-0.18314235795353245,-37.735847762232964,0.74553738516979,0.5083611073205283,0.23717627784926165,58.60601559682492,19.330311457196512,53.74644241333008,51.34606742858887,50.8430362701416,46.49740928649902,SALASAR.NS,2023-11-22 11:03:42.516683
62,2023-08-23 00:00:00+05:30,53.14759692565983,55.2934638643822,52.99788386207963,53.54682922363281,1696287,0.0,0.0,2023-08-23,51.2287935256958,1.6377263654583374,52.866519891154134,49.591067160237465,54.504246256612475,47.95334079477912,76.58409750858806,118.33565103689413,129906343,3598012.148276074,4401901.276518124,37.082652048426596,71.07076952285115,53.94605898336488,54.894234104650124,52.59865410234756,56.24163898566744,51.650478981062314,57.18981410695269,50.303074100044995,-0.18663305319364798,-39.62259282689677,0.6799334516718147,0.4490670378582129,0.23086641381360185,58.136828105040195,19.739324388740407,53.04778900146484,51.2287935256958,50.68733627319336,46.36216987609863,SALASAR.NS,2023-11-22 11:03:42.516683
63,2023-08-22 00:00:00+05:30,55.143751263010586,55.44317358531936,52.19942351102462,52.848175048828125,1416489,0.0,0.0,2023-08-22,51.13647117614746,1.5498632096064242,52.68633438575388,49.58660796654104,54.23619759536031,48.03674475693461,70.59035998819544,103.71120136745292,128210056,2965327.9669349957,4602873.5585786365,37.02982688373922,66.87018261013307,53.4969240483907,54.794424585756786,51.55067451146205,56.74067412268544,50.253173974095965,58.038174660051524,48.30692443716731,-0.18703771764062357,-48.427627483618544,0.6003824642472821,0.3913504344048124,0.20903202984246977,55.974426717426496,20.14641060087118,52.319192504882814,51.13647117614746,50.55159774780273,46.234415969848634,SALASAR.NS,2023-11-22 11:03:42.516683
64,2023-08-21 00:00:00+05:30,54.64471120713317,55.942210437793754,54.195575832999545,54.44509506225586,2524706,0.0,0.0,2023-08-21,51.116509437561035,1.5290884621133511,52.645597899674385,49.587420975447685,54.174686361787735,48.058332513334335,150.6961407681271,171.44127681776712,129626545,5445015.307426609,5012259.956489546,36.987331575826396,71.97792081943098,54.86096044434972,55.5263450556999,53.77971045090569,56.60759504914393,53.11432583955551,57.27297966049411,52.03307584611148,-0.18383035457205862,-28.301882058602494,0.5582432405292437,0.33909242694419495,0.21915081358504873,62.86669312920059,20.584811137012018,51.830134582519534,51.116509437561035,50.43083045959472,46.12313037872315,SALASAR.NS,2023-11-22 11:03:42.516683
65,2023-08-18 00:00:00+05:30,50.4527872834771,56.69076800120081,50.3030780306685,54.19557571411133,7223171,0.0,0.0,2023-08-18,51.059120178222656,1.414858310216511,52.473978488439165,49.64426186800615,53.88883679865568,48.22940355778963,139.65226930070597,131.23791508827566,127101839,15506767.05622179,4904071.11875528,36.90333712987572,66.09910475203968,53.729807248660215,57.15653646665193,50.76884649611962,60.11749721919252,47.34211727812791,63.544226437184236,44.381156525587315,-0.15070580022385888,-31.446537293145983,0.3385616082264562,0.2843047235479328,0.05425688467852341,62.19123214420067,19.726254444054632,51.061615753173825,51.059120178222656,50.259161224365236,46.00186405181885,SALASAR.NS,2023-11-22 11:03:42.516683
66,2023-08-17 00:00:00+05:30,50.15336687233421,51.450866149350176,49.9038476341634,50.203269958496094,1062592,0.0,0.0,2023-08-17,51.04664421081543,1.3865631678443902,52.43320737865982,49.660081042971036,53.81977054650421,48.27351787512665,-19.87258319075322,-14.824838954161002,119878668,2113139.0704004383,2253397.1343886517,36.661985688935935,48.30784715028542,50.51932791400322,51.13480819384304,49.587789678656264,52.06634642919,48.97230939881644,52.68182670902982,48.040771163469486,-0.3582265280786904,-70.70701818250907,0.07674670254658622,0.27074050237830194,-0.19399379983171572,48.2370729828746,18.801654928562062,50.59252014160156,51.04664421081543,50.06453620910644,45.88658618927002,SALASAR.NS,2023-11-22 11:03:42.516683
67,2023-08-16 00:00:00+05:30,50.25317214496317,51.301155972407436,49.60442442175059,49.903846740722656,1722544,0.0,0.0,2023-08-16,51.18887023925781,1.4403459477972038,52.629216187055015,49.748524291460605,54.06956213485222,48.3081783436634,-31.0662517821853,-25.536449876871284,118816076,3405131.4374478245,2288461.6503857053,36.63412513157439,39.06771170901182,50.269809044960226,50.93519366816986,49.238462117513016,51.96654059561707,48.573077494303384,52.6319252188267,47.541730566856174,-0.31299275112714714,-76.76762624817825,0.13356308404663508,0.31923895233623084,-0.18567586828959576,46.867985803850665,19.959664543880685,51.00173110961914,51.18887023925781,49.91183044433594,45.820713119506834,SALASAR.NS,2023-11-22 11:03:42.516683
68,2023-08-14 00:00:00+05:30,51.900000846031865,51.900000846031865,48.756056964145,50.40288543701172,1037318,0.0,0.0,2023-08-14,51.30115375518799,1.4223171920183417,52.72347094720633,49.87883656316965,54.14578813922467,48.45651937115131,-29.660971473727436,-22.398807659550194,120538620,2071079.8620848632,2009294.2036201754,36.58971864036884,41.912442608022026,50.35298108239619,51.94990520064738,48.80596131876052,53.49692496428305,47.20903720050933,55.09384908253424,45.662017436873654,-0.30186999370603385,-66.6666128053963,0.2337702365956318,0.36565791940862974,-0.13188768281299795,48.8683257303085,21.095108360232274,51.63051986694336,51.30115375518799,49.779086151123046,45.754340972900394,SALASAR.NS,2023-11-22 11:03:42.516683
69,2023-08-11 00:00:00+05:30,51.94990324283872,52.848173999287184,50.003652475441264,50.602500915527344,746050,0.0,0.0,2023-08-11,51.39846630096436,1.4242029094994986,52.82266921046386,49.97426339146486,54.246872119963356,48.55006048196536,22.091022078727548,15.213203361105165,121575938,1495441.5687173498,1993847.7890040032,36.56182561753461,41.85336538274809,51.1514424634186,52.29923245139593,49.45471092755001,53.99596398726452,48.30692093957268,55.14375397524185,46.61018940370409,-0.34638562195318895,-62.62620742828352,0.3093760339883005,0.3986298401118792,-0.0892538061235787,49.6554986945041,22.31789400861091,51.57063522338867,51.39846630096436,49.648338088989256,45.68247940063477,SALASAR.NS,2023-11-22 11:03:42.516683
70,2023-08-10 00:00:00+05:30,52.24932614676891,53.6466353819885,51.40096227297503,51.85009765625,606349,0.0,0.0,2023-08-10,51.52073078155517,1.456861479990738,52.97759226154591,50.06386930156444,54.43445374153665,48.607007821573696,104.65786246927954,71.60838617652868,122321988,1245379.6840796613,2118449.3440756663,36.5414045928498,40.75184631662629,52.29923177040451,53.19750126783399,50.95182815882052,54.544904879417984,50.05355866139104,55.443174376847466,48.706155049807045,-0.33345712078560436,-42.59253440886023,0.3818277496752742,0.4209432916427738,-0.039115541967499556,54.77620650800579,23.6196209971428,51.27121200561523,51.52073078155517,49.526572647094724,45.61660629272461,SALASAR.NS,2023-11-22 11:03:42.516683
71,2023-08-09 00:00:00+05:30,53.34721168574537,53.69653708185597,51.99980557068748,52.249324798583984,1039716,0.0,0.0,2023-08-09,51.5257209777832,1.458219337002544,52.98394031478575,50.067501640780655,54.44215965178829,48.609282303778116,173.2163100904317,91.73181421690794,122928337,2151914.155036826,2336716.7590746675,36.523287185368766,39.67268385840215,52.64855581704248,53.29730606339748,51.600574552228984,54.34528732821097,50.951824305873984,54.99403757456597,49.90384304106049,-0.3326186866844608,-41.666679516812,0.34593325590522284,0.43072217713464866,-0.08478892122942583,56.50776050286822,23.955300246049028,50.722269439697264,51.5257209777832,49.38783988952637,45.55223030090332,SALASAR.NS,2023-11-22 11:03:42.516683
72,2023-08-08 00:00:00+05:30,50.35298204598667,53.39711593105095,50.253172068240794,53.04779052734375,2275374,0.0,0.0,2023-08-08,51.438389205932616,1.4648894963201504,52.90327870225276,49.97349970961247,54.36816819857292,48.508610213292314,173.4124773549346,77.15647405771499,123968053,4781339.95892412,2382917.4100841274,36.49130916865652,53.03851916354717,52.23269284221183,54.21221361618287,51.06826975337272,55.37663670502199,49.08874897940168,57.356157478993026,47.924325890562564,-0.30813701665466686,-47.239222526911384,0.25541818916818215,0.4519194074420051,-0.19650121827382294,60.03205859723639,23.810196353192687,50.24319305419922,51.438389205932616,49.21118034362793,45.50731685638428,SALASAR.NS,2023-11-22 11:03:42.516683
73,2023-08-07 00:00:00+05:30,49.105385297768834,50.75220993377663,48.955672236603895,50.10346221923828,862894,0.0,0.0,2023-08-07,51.32860069274902,1.419501563053211,52.74810225580223,49.90909912969581,54.16760381885544,48.4895975666426,-53.63040677766041,-18.010766860681283,121692679,1712595.1859121958,1783311.7728741295,36.41730174383243,49.04665290802424,49.937114796539596,50.9185573564753,49.12201965930256,51.733652493712334,48.14057709936686,52.715095053648035,47.32548196212982,-0.3807315416177016,-83.43555201533187,0.05702472605626241,0.5010447120104607,-0.44401998595419834,49.22564408230511,23.80404243407278,49.833980560302734,51.32860069274902,49.05348411560058,45.44094470977783,SALASAR.NS,2023-11-22 11:03:42.516683
74,2023-08-04 00:00:00+05:30,49.50461330700102,50.053558654431775,48.75605562308048,49.105384826660156,847188,0.0,0.0,2023-08-04,51.29366798400879,1.4592773455655748,52.752945329574366,49.83439063844322,54.21222267513994,48.37511329287764,-110.61003185559298,-39.64028304162191,120829785,1647928.8117942838,1800990.9196146128,36.39406205228465,41.74479057491864,49.304999701390805,49.85394377970113,48.556440748349836,50.6025027327421,48.00749667003951,51.15144681105243,47.25893771699854,-0.4086408100189385,-95.70549421479643,0.09212869035432192,0.6120497084990103,-0.5199210181446884,44.48487083773918,25.408937627069747,49.82399978637695,51.29366798400879,48.90776489257812,45.42098316192627,SALASAR.NS,2023-11-22 11:03:42.516683
75,2023-08-03 00:00:00+05:30,49.85394251058071,50.40288405065019,48.955671766931545,49.105384826660156,715465,0.0,0.0,2023-08-03,51.376009178161624,1.3732272893908712,52.74923646755249,50.002781888770755,54.12246375694337,48.62955459937988,-102.81577066426757,-26.850811444120083,121676973,1391704.5417668773,1839256.446569695,36.372835158003824,38.28769687573666,49.487980214747296,50.02028866256305,48.573076378844405,50.93519249846594,48.040767931028654,51.46750094628169,47.12586409512576,-0.4124224820650979,-96.2963092406404,0.23397201375718168,0.7420299630351824,-0.5080579492780007,44.48487083773918,27.049078434234417,50.103460693359374,51.376009178161624,48.77102828979492,45.40052261352539,SALASAR.NS,2023-11-22 11:03:42.516683
76,2023-08-02 00:00:00+05:30,51.10153901998318,51.1514421044665,48.80596286749889,49.85394287109375,664698,0.0,0.0,2023-08-02,51.52073020935059,1.2699733500008796,52.79070355935147,50.25075685934971,54.060676909352345,48.98078350934883,-91.13919395052758,-3.8730090904979044,122392438,1312663.5204177042,1951144.4227703991,36.354853381541,46.51554574328181,49.93711594768638,51.06826902787387,48.72278979090626,52.282595184653985,47.591636710718774,53.41374826484147,46.377310553938656,-0.3512979523194287,-87.03704342132954,0.41202942002664855,0.8690444503546826,-0.45701503032803403,47.34349438272317,28.959884962581665,50.323037719726564,51.52073020935059,48.64028022766113,45.33764377593994,SALASAR.NS,2023-11-22 11:03:42.516683
77,2023-08-01 00:00:00+05:30,50.30307727387625,51.251247282816344,49.90384499100373,51.00172805786133,445482,0.0,0.0,2023-08-01,51.51324462890625,1.2807107730566778,52.793955401962926,50.232533855849574,54.07466617501961,48.95182308279289,-69.87101885235195,27.355518202454636,123057136,900004.3001249465,2110764.6483585727,36.337118517451934,60.68334312426455,50.71894011056046,51.53403523011719,50.18663293830458,52.066342402373074,49.371537818747846,52.881437521929804,48.83923064649196,-0.347638647180114,-74.21387517342212,0.5600323612527873,0.983298207936691,-0.42326584668390366,52.1114195426001,31.017676608494085,50.6224609375,51.51324462890625,48.493562850952145,45.25929470062256,SALASAR.NS,2023-11-22 11:03:42.516683
78,2023-07-31 00:00:00+05:30,50.752209137791475,51.50076681715336,49.754132231975625,50.053558349609375,599396,0.0,0.0,2023-07-31,51.39597072601318,1.428836246029674,52.82480697204286,49.96713447998351,54.25364321807253,48.53829823395383,-104.31310396794358,22.33149290971807,122611654,1188442.9264959476,2413454.735416979,36.32419495501189,58.496131073690776,50.43615246624612,51.11817270051662,49.37153811533888,52.18278705142386,48.68951788106838,52.864807285694354,47.62490353016114,-0.3720153626390021,-86.1635201904876,0.6279961863795549,1.0891146696076668,-0.4611184832281119,48.10220689137342,32.803312134692675,50.76219177246094,51.39597072601318,48.318899383544924,45.176454315185545,SALASAR.NS,2023-11-22 11:03:42.516683
79,2023-07-28 00:00:00+05:30,50.502689361572266,51.45086317324789,50.15336397128392,50.502689361572266,660237,0.0,0.0,2023-07-28,51.376009178161624,1.4511913179779914,52.82720049613962,49.92481786018363,54.278391814117604,48.47362654220564,-120.12330457724528,32.77462470052813,123211050,1320820.7921330703,2719707.6876472365,36.307895949960404,60.91025523470737,50.7023055020347,51.25124703278547,49.953747830821506,51.99980470399866,49.40480630007073,52.54874623474944,48.65624862885754,-0.3686741909402003,-80.50318732770668,0.7988757339624257,1.2043942904146947,-0.405518556452269,49.94124495441146,34.72630423982962,51.241268157958984,51.376009178161624,48.16918785095215,45.09810527801514,SALASAR.NS,2023-11-22 11:03:42.516683
80,2023-07-27 00:00:00+05:30,51.75028847368287,52.04971460537699,48.955673767642004,50.203269958496094,1509755,0.0,0.0,2023-07-27,51.39098052978515,1.4432301341881542,52.83421066397331,49.947750395597,54.277440798161464,48.50452026140884,-193.23845147436123,27.55910408121603,122550813,3002396.28872833,3069429.411525778,36.289309601620396,58.45894355864491,50.40288611050503,51.850098453368055,48.75605761563307,53.49692694824002,47.30884527277004,54.94413929110304,45.66201677789808,-0.3726000236939924,-84.27672654420223,0.9613165590992665,1.3057739295277617,-0.3444573704284952,48.727766670682435,36.52215812889643,51.800192260742186,51.39098052978515,47.99851676940918,45.01875820159912,SALASAR.NS,2023-11-22 11:03:42.516683
81,2023-07-26 00:00:00+05:30,52.09961665964737,52.64855821127847,50.901923578676815,51.35105895996094,759322,0.0,0.0,2023-07-26,51.39347553253174,1.441110373316975,52.83458590584871,49.952365159214764,54.275696279165686,48.51125478589779,-146.31810677981784,60.96876492213087,124060568,1544560.4831708337,3086187.69222514,36.24752419207376,60.00118779523573,51.63384691663874,52.36577025460066,50.61913562199901,53.38048154924039,49.88721228403708,54.11240488720232,48.87250098939735,-0.32871507223881163,-71.61288789489242,1.1842129119016747,1.3918882721348855,-0.20767536023321087,53.32938323122111,38.45615462481454,52.54874954223633,51.39347553253174,47.828843688964845,44.947395706176756,SALASAR.NS,2023-11-22 11:03:42.516683
82,2023-07-25 00:00:00+05:30,52.84817218115603,53.49691987639549,51.45086300972133,51.700382232666016,1017898,0.0,0.0,2023-07-25,51.25124950408936,1.5792607378320163,52.830510241921374,49.67198876625734,54.40977097975339,48.09272802842533,-55.18564632742972,77.53913661269719,124819890,2084623.107143437,3471594.4944887166,36.224677229832494,65.04213262793617,52.21605503959427,52.981247069467216,50.93519020279306,54.26211190626843,50.16999817292012,55.02730393614137,48.8891333361189,-0.2964168687556613,-67.09680550261852,1.3386053420589548,1.4438071121931881,-0.10520177013423337,54.79167494066604,39.150837759109606,52.88809585571289,51.25124950408936,47.66316291809082,44.86605239868164,SALASAR.NS,2023-11-22 11:03:42.516683
83,2023-07-24 00:00:00+05:30,53.347211009077675,54.14567176674639,52.099614885419925,52.44894027709961,1054411,0.0,0.0,2023-07-24,50.98176898956299,1.9213677757095764,52.90313676527256,49.06040121385341,54.82450454098214,47.139033438143834,19.504780274731488,96.77425667000914,125837788,2190666.051995317,3818337.3413250363,36.193231610870605,68.79670952996116,52.898075643088646,53.69653640075737,51.6504795194309,54.94413252441511,50.85201876176218,55.74259328208383,49.60442263810444,-0.28415680013409933,-52.046816161512865,1.4815894895384645,1.4701075547267464,0.011481934811718109,57.95363726294358,39.45779639316704,52.97792282104492,50.98176898956299,47.4835090637207,44.78470916748047,SALASAR.NS,2023-11-22 11:03:42.516683
84,2023-07-21 00:00:00+05:30,54.04586757706895,54.74451838598849,53.047790641628055,53.29730987548828,929621,0.0,0.0,2023-07-21,50.734745025634766,2.0369260702760923,52.77167109591086,48.69781895535867,54.80859716618695,46.66089288508258,74.4798023520899,118.82517939945411,126892199,1962640.458411062,4225255.163657466,36.158944068668696,70.11983365456172,53.69653963436827,54.34528862710849,52.64856088274805,55.39326737872871,51.999811890007834,56.042016371468925,50.95183313838761,-0.27086550390363956,-42.10524331190623,1.5684825756545564,1.4672370710238165,0.10124550463073989,61.70083061947746,39.25693550634398,52.95796203613281,50.734745025634766,47.28888404846192,44.7033659362793,SALASAR.NS,2023-11-22 11:03:42.516683
85,2023-07-20 00:00:00+05:30,53.696537137810274,56.89038401968595,53.24740176565629,53.9460563659668,4578333,0.0,0.0,2023-07-20,50.477740097045896,2.0207893105002297,52.49852940754612,48.45695078654567,54.51931871804636,46.436161476045434,139.58660396510322,146.10002659788276,127821820,9783553.217132494,4790908.839969067,36.127013677957635,69.81070672525152,54.69461405043635,56.14182633521641,52.498844081186746,58.33759630446601,51.05163179640669,59.78480858924607,48.855861827157085,-0.2647965008442219,-34.50294296042191,1.5724156182549933,1.4419256948661316,0.13048992338886167,64.6700217876168,38.22602171211606,52.908058166503906,50.477740097045896,47.07629364013672,44.619527435302736,SALASAR.NS,2023-11-22 11:03:42.516683
86,2023-07-19 00:00:00+05:30,52.24932593482214,53.39711593105095,52.099616679245344,53.04779052734375,939642,0.0,0.0,2023-07-19,50.230715942382815,1.8709108120869875,52.101626754469805,48.359805130295825,53.97253756655679,46.48889431820884,69.03616459895028,110.7785581169874,123243487,1974509.61542295,3542747.7456782092,35.9619984711476,63.94141658604838,52.848174379213354,53.596732079181365,52.29923282737576,54.14567363101896,51.55067512740775,54.89423133098697,51.00173357557016,-0.20568960267020198,-28.244234329742397,1.4897349257303247,1.4093032140189161,0.08043171171140862,62.33993164342857,36.942165108710995,52.508827209472656,50.230715942382815,46.846735916137696,44.54018032073974,SALASAR.NS,2023-11-22 11:03:42.516683
87,2023-07-18 00:00:00+05:30,52.84817163786115,54.19557390496626,51.50076556339488,52.14951705932617,1563144,0.0,0.0,2023-07-18,50.04108104705811,1.759224438072014,51.800305485130124,48.28185660898609,53.559529923202135,46.52263217091408,69.49480896915293,110.69356239855752,122303845,3229080.048779726,3934807.2782420237,35.92946308449112,65.38790736488626,52.6152855092291,53.72980545506333,51.03499711349195,55.310093850800484,49.92047716765772,56.42461379663471,48.340188771920566,-0.2409156708369036,-38.73241158313968,1.4497724182604017,1.389195286091064,0.0605771321693378,59.883120255278506,36.65645425088267,51.99980697631836,50.04108104705811,46.6431282043457,44.46133220672608,SALASAR.NS,2023-11-22 11:03:42.516683
88,2023-07-17 00:00:00+05:30,53.79634867944598,54.24548025731245,51.90000096731121,52.34913635253906,2248697,0.0,0.0,2023-07-17,49.94626369476318,1.6893196162732822,51.63558331103646,48.2569440784899,53.32490292730974,46.56762446221662,98.23058164532314,120.68915005024638,123866989,4663049.160793246,4111239.0856075976,35.87791795214994,71.55536793136054,52.831539192387574,53.76307741746394,51.417598127462696,55.17701848238882,50.48605990238633,56.10855670746518,49.07211883746145,-0.24034246234999818,-27.567540366718077,1.4651083764822985,1.3740510030487294,0.09105737343356912,60.70023660299415,36.34876563475985,51.7403076171875,49.94626369476318,46.47046089172363,44.36551685333252,SALASAR.NS,2023-11-22 11:03:42.516683
89,2023-07-14 00:00:00+05:30,52.498845168144804,54.79442516060243,52.04971359405308,53.04779052734375,2107039,0.0,0.0,2023-07-14,49.911330986022946,1.6436219999873123,51.55495298601026,48.267708986035636,53.198574985997574,46.62408698604832,157.36604025824857,137.36492339999697,126115686,4427610.478853815,3973286.5668111853,35.80227246729017,78.94187557333659,53.29730976066642,54.544905927279764,51.800194360730416,56.04202132721577,50.552598194117074,57.28961749382911,49.05548279418107,-0.12359007689723683,-19.99996681594662,1.442884962654773,1.3512866596903372,0.09159830296443583,63.51701661272273,35.66932246935496,51.151441955566405,49.911330986022946,46.29080703735352,44.26620819091797,SALASAR.NS,2023-11-22 11:03:42.516683
90,2023-07-13 00:00:00+05:30,50.80211543691554,54.894229180125905,50.55259621336952,51.94990158081055,5940314,0.0,0.0,2023-07-13,49.74415302276611,1.4685279903662158,51.21268101313233,48.275625032399894,52.681209003498545,46.80709704203368,155.3672850341489,126.45152996852177,124008647,12224290.54456952,3859705.588800527,35.72773955612003,73.46191474396977,52.46557565810199,54.37855510283446,50.036922136078076,56.807208624858376,48.123942691345604,58.72018806959085,45.69528916932169,-0.07652085017200898,-31.89190942946017,1.3237635146652238,1.328387083949228,-0.004623569284004203,60.86721562448435,34.81108955022825,50.692325592041016,49.74415302276611,46.10316856384277,44.145440864562985,SALASAR.NS,2023-11-22 11:03:42.516683
91,2023-07-12 00:00:00+05:30,50.75220858531,51.10153778295955,49.55451935725785,50.502689361572266,635802,0.0,0.0,2023-07-12,49.49712905883789,1.4932818563686476,50.99041091520654,48.003847202469245,52.483692771575186,46.5105653461006,2.5839066252706178,85.70870521022819,118068333,1271937.9575512893,1768559.349858279,35.52764209545245,57.64534432433354,50.38624883392989,51.21797831060193,49.670959884900235,51.933267259631585,48.8392304082282,52.76499673630362,48.12394145919854,0.0038658160762427393,-35.33337279698676,1.2593203674331548,1.329542976270229,-0.07022260883707432,57.0487454810542,33.88683871424564,50.7023063659668,49.49712905883789,45.9324974822998,44.07108413696289,SALASAR.NS,2023-11-22 11:03:42.516683
92,2023-07-11 00:00:00+05:30,49.50461412590926,51.600577959975105,49.50461412590926,50.852020263671875,648902,0.0,0.0,2023-07-11,49.267571449279785,1.6726799658417495,50.94025141512154,47.59489148343803,52.61293138096328,45.92221151759629,43.74358107956924,96.3374362849204,118704135,1307124.2038973854,1892714.6979350264,35.507845647436945,57.34355965947314,50.652404116518746,51.800194107128235,49.704230273062386,52.748367950584594,48.5564402824529,53.89615794119408,47.60826643899654,-0.020187468048951104,-30.666651663931916,1.3002614752589992,1.3470986284794975,-0.04683715322049831,58.32434359310775,34.23660436077756,50.54261474609375,49.267571449279785,45.735876388549805,44.00221687316895,SALASAR.NS,2023-11-22 11:03:42.516683
93,2023-07-10 00:00:00+05:30,51.1514426722671,51.1514426722671,49.155288811885946,49.404808044433594,613652,0.0,0.0,2023-07-10,49.06296558380127,1.718321689246367,50.78128727304764,47.344643894554906,52.499608962294005,45.62632220530854,12.675809182671571,83.86023071615806,118055233,1200938.873027628,2039112.3214444367,35.48711531947816,50.79209367979785,49.903846509528876,50.652404207171806,48.65625034679065,51.90000036991003,47.90769264914772,52.64855806755296,46.66009648640949,-0.0095456397405797,-49.999999521055365,1.2985737672647133,1.3588079167846219,-0.060234149519908575,54.402165974189394,34.613275057042706,50.103460693359374,49.06296558380127,45.52528213500977,43.92636299133301,SALASAR.NS,2023-11-22 11:03:42.516683
94,2023-07-07 00:00:00+05:30,51.700382523716634,52.49884328016237,50.303077151776904,50.7522087097168,836505,0.0,0.0,2023-07-07,48.93321571350098,1.787722889895446,50.72093860339643,47.14549282360553,52.50866149329187,45.35776993371009,85.19431765741207,118.33207145446309,118668885,1681717.4125006725,2248655.6835486386,35.469310886423074,48.94129121367813,51.184709713885354,52.066342275993804,49.87057614760834,53.38047584227082,48.98894358549989,54.26210840437927,47.674810019222875,0.016283031909519404,-32.00003695955168,1.4192661056323885,1.3738664541645988,0.04539965146778968,59.220512769401324,35.20777626377028,50.15336456298828,48.93321571350098,45.36459175109863,43.86947257995605,SALASAR.NS,2023-11-22 11:03:42.516683
95,2023-07-06 00:00:00+05:30,49.75413240456395,53.14759541905366,49.75413240456395,51.99980545043945,2110197,0.0,0.0,2023-07-06,48.6886869430542,1.8588777895956594,50.54756473264986,46.82980915345854,52.40644252224552,44.97093136386288,128.07010413301543,136.3947305440768,119505390,4346645.8070743345,2390390.25131063,35.44261336127757,63.09631463635804,51.633844424685684,53.51355644480742,50.12009343031771,55.027307439175395,48.24038141019597,56.90701945929713,46.726630415828,0.05487400381454263,-15.33335777237629,1.4195862899065617,1.3625165412976514,0.05706974860891023,64.1019129729981,34.97093372781198,50.16334609985351,48.6886869430542,45.19591682434082,43.82156490325928,SALASAR.NS,2023-11-22 11:03:42.516683
96,2023-07-05 00:00:00+05:30,48.65625122799933,51.151443598665956,48.35682890499161,49.70423126220703,864443,0.0,0.0,2023-07-05,48.31191291809082,1.9152526457934482,50.22716556388427,46.39666027229737,52.142418209677714,44.48140762650392,48.742250636411256,99.09635326854362,117395193,1701998.823624135,1901326.3623697036,35.36932677297797,68.11393561830077,49.7375012552882,51.11817360558479,48.323558911910446,52.53211594896255,46.942886561613854,53.91278829925914,45.5289442182361,0.057965079600963025,-43.356668272481016,1.2756179636423823,1.3482491041454239,-0.07263114050304154,58.21755253601362,34.71587253524151,49.81401901245117,48.31191291809082,44.99330726623535,43.756689910888674,SALASAR.NS,2023-11-22 11:03:42.516683
97,2023-07-04 00:00:00+05:30,49.70423000775851,50.253171553978554,48.50653693859394,48.65625,627784,0.0,0.0,2023-07-04,47.955100440979,2.273457297737461,50.22855773871646,45.681643143241544,52.502015036453926,43.40818584550408,11.603350586613267,90.26767117064647,116530750,1209980.60656654,1951158.2470560954,35.343287181355755,67.6137077451992,49.138652830857495,49.77076872312105,48.02413410773644,50.88528744624211,47.39201821547288,51.517403338505666,46.27749949235182,0.039126656762302536,-58.041986582747136,1.2980466104688233,1.3664068892711843,-0.06836027880236095,55.09739688720996,35.180502061586644,49.57448043823242,47.955100440979,44.846589965820314,43.70429084777832,SALASAR.NS,2023-11-22 11:03:42.516683
98,2023-07-03 00:00:00+05:30,50.95182664337423,51.800194320428055,48.805963522885655,49.654327392578125,1111207,0.0,0.0,2023-07-03,47.68561954498291,2.4946392989873987,50.180258843970314,45.19098024599551,52.67489814295771,42.69634094700812,54.15280032105543,120.60783477091357,117158534,2185654.967936316,2136452.6571784844,35.32570141623641,68.03705127379027,50.08682841196395,51.367693301042245,48.373462503499844,53.08105920950635,47.09259761442155,54.361924098584645,45.379231705957444,0.05053713639029239,-44.05596914439845,1.4103049779038344,1.3834969589717743,0.026808018932060085,58.993328275910336,36.06276334045493,49.105384826660156,47.68561954498291,44.71184959411621,43.67584568023682,SALASAR.NS,2023-11-22 11:03:42.516683
99,2023-06-30 00:00:00+05:30,51.450864103068525,52.249324871986815,50.45278719008034,50.80211639404297,752461,0.0,0.0,2023-06-30,47.39617729187012,2.588266853574193,49.98444414544431,44.80791043829593,52.572710999018504,42.21964358472173,101.7452261899676,159.12406369477745,118269741,1514242.1573116165,2124152.079489026,35.29212050681597,68.71186551606017,51.16807615203671,51.88336511399308,50.08682743208661,52.96461383394318,49.37153847013024,53.67990279589955,48.290289750180136,0.06260089327545755,-25.97404600810161,1.4343659478825757,1.3767949542387592,0.05757099364381646,63.81162066607899,36.80335064872908,48.676211547851565,47.39617729187012,44.49127456665039,43.656882209777834,SALASAR.NS,2023-11-22 11:03:42.516683
100,2023-06-27 00:00:00+05:30,49.10538387149236,51.10153765645252,47.807884672740485,50.253170013427734,1914888,0.0,0.0,2023-06-27,47.08178291320801,2.534101212164811,49.61588412537282,44.547681701043196,52.14998533753763,42.01358048887839,38.35668112269665,133.46502880176155,117517280,3811855.005034727,2276629.5600333787,35.26746701785569,71.04874169973901,49.72086411420691,51.63384355567334,48.3401905719613,53.01451709791895,46.427211130494875,54.92749653938537,45.046537588249265,0.10240213671646399,-33.11695466775355,1.3303986373643895,1.3624022058278051,-0.03200356846341568,62.449595807717614,36.368631438594754,48.147230529785155,47.08178291320801,44.24275337219238,43.60498218536377,SALASAR.NS,2023-11-22 11:03:42.516683
101,2023-06-26 00:00:00+05:30,46.0113460087029,48.90577069524351,45.66202059811001,48.50653839111328,824289,0.0,0.0,2023-06-26,46.81479740142822,2.4626687911840714,49.277466192612295,44.35212861024415,51.740134983796366,41.88945981906008,-55.56974497400305,84.03555633643576,115602392,1583832.752341151,1892823.1987830414,35.206602592746556,70.20235280703814,47.691443228155606,49.7208658582012,46.4771157610677,50.935193325289106,44.447693131022106,52.9646159553347,43.2333656639342,0.08914110929457825,-52.760741153805284,1.2311943206651037,1.370403097943659,-0.1392087772785553,57.75154867260958,36.29587212122478,47.897711181640624,46.81479740142822,44.052120742797854,43.5520841217041,SALASAR.NS,2023-11-22 11:03:42.516683
102,2023-06-23 00:00:00+05:30,47.55836812800058,47.708077385887165,45.9115396397183,46.31077194213867,355242,0.0,0.0,2023-06-23,46.56028785705566,2.5404308160778304,49.10071867313349,44.01985704097783,51.64114948921132,41.4794262249,-92.43819650473047,58.10330759848181,114778103,651682.2003219993,1970070.810393514,35.18330923870959,70.53159444120723,46.64346298924804,47.37538633877779,45.57884859260892,48.44000073541691,44.84692524307918,49.17192408494665,43.782310846440055,-0.02017071980038737,-63.106763920351085,1.2575450246543483,1.4052052922632978,-0.14766026760894957,50.5258266737249,37.126948281765785,48.04742202758789,46.56028785705566,43.88544189453125,43.54010719299316,SALASAR.NS,2023-11-22 11:03:42.516683
103,2023-06-22 00:00:00+05:30,48.40673177083542,48.9057702426997,46.710000205024585,47.508460998535156,698172,0.0,0.0,2023-06-22,46.50289821624756,2.559259020796026,49.062157237043586,43.94363919545153,51.62141625783961,41.384380174655504,-41.42907368379068,94.69821223522716,115133345,1313901.8435306712,2299667.9629113926,35.17490397471718,68.23023856210794,47.70807714875315,48.70615409248171,46.51038405480659,49.903847186428266,45.51230711107803,50.90192413015683,44.314614017131476,0.017022729745830443,-49.30234901263722,1.4884779243630035,1.4421203591655352,0.046357565197468364,55.31773771798667,38.62727403922813,48.8359016418457,46.50289821624756,43.76866683959961,43.56206485748291,SALASAR.NS,2023-11-22 11:03:42.516683
104,2023-06-21 00:00:00+05:30,49.05548205304592,49.40480745147547,48.00749824303468,48.15721130371094,434138,0.0,0.0,2023-06-21,46.268350219726564,2.6746083663327958,48.94295858605936,43.593741853393766,51.61756695239215,40.919133487060975,0.21376647614287955,127.32336411321465,115831517,828168.4154021844,2546109.4927565726,35.15656703374794,69.3751205246321,48.523172332740366,49.03884642244605,47.64153721400526,49.920481541181154,47.12586312429958,50.43615563088684,46.24422800556447,0.01657207919105092,-43.25583567050307,1.6436350945818106,1.4305309678661682,0.21310412671564238,58.08872539064113,39.61007107975667,49.66430587768555,46.268350219726564,43.62394569396972,43.580529289245604,SALASAR.NS,2023-11-22 11:03:42.516683
105,2023-06-20 00:00:00+05:30,48.955670190189885,50.203266289875465,48.45663175031565,49.00557327270508,717215,0.0,0.0,2023-06-20,45.973917388916014,2.777861944011284,48.7517793329273,43.19605544490473,51.529641276938584,40.418193500893445,35.860332132710035,161.6939823236194,116265655,1392272.9015176718,2975594.7620951696,35.14453689939223,71.57462751840204,49.22182377096539,49.987015791615136,48.24038125205532,50.96845831052521,47.47518923140558,51.73365033117495,46.49374671249551,0.02021393823797554,-35.348892238557575,1.7534876522373395,1.3772549361872577,0.3762327160500818,61.85088288076181,39.52600547743666,49.97370986938476,45.973917388916014,43.47523223876953,43.60098987579346,SALASAR.NS,2023-11-22 11:03:42.516683
106,2023-06-19 00:00:00+05:30,49.90384411731922,51.05163405496202,48.656248014386236,49.25509262084961,979746,0.0,0.0,2023-06-19,45.6520378112793,2.7810557797640914,48.43309359104339,42.87098203151521,51.21414937080748,40.089926251751116,62.92951016437429,194.78270664116548,116982870,1911587.4541571238,3371425.227239544,35.12331485151587,71.59057675441905,49.654324896732625,50.652401779079014,48.25701573850323,52.04971093730841,47.25893885615684,53.0477878196548,45.86162969792744,0.021755144689736564,-30.86961687639702,1.784013419982685,1.2831967571747371,0.5008166628079478,62.96460803477796,39.00872945716344,49.57447967529297,45.6520378112793,43.30056884765625,43.628437004089356,SALASAR.NS,2023-11-22 11:03:42.516683
107,2023-06-16 00:00:00+05:30,51.99980457526788,52.44893993835616,49.75413156718769,50.253170013427734,1078724,0.0,0.0,2023-06-16,45.31518688201904,2.729194095124428,48.04438097714347,42.585992786894614,50.773575072267896,39.85679869177019,121.39580945847467,265.46305658602654,117962616,2147352.47098059,3736384.6705101486,35.09369643782198,72.09987502590096,50.81874717299053,51.88336277879336,49.18855440762489,53.513555544159,48.12393880182206,54.57817114996183,46.49374603645642,0.042744214770081855,-22.173962002015056,1.7714912713699462,1.15799259147275,0.6134986798971962,67.4776278450694,38.26557317843812,48.90576858520508,45.31518688201904,43.10494583129883,43.65588413238525,SALASAR.NS,2023-11-22 11:03:42.516683
108,2023-06-15 00:00:00+05:30,50.00365368680408,52.798272193517484,48.955673650467254,51.650482177734375,3549199,0.0,0.0,2023-06-15,44.91595611572266,2.54674295601088,47.46269907173354,42.36921315971178,50.00944202774442,39.822470203700895,175.27697570171438,322.9803061147231,119041340,7261632.448811136,4133642.7203925382,35.05863341962153,78.89410982724254,51.13480934057304,53.31394503067883,49.4713464876286,54.97740788362327,47.29221079752281,57.15654357372906,45.62874794457837,0.06462595696235855,-10.000011942691204,1.6303228489320105,1.004617921498451,0.6257049274335595,74.4111182559424,36.41000316963996,48.207115173339844,44.91595611572266,42.895349731445314,43.64889762878418,SALASAR.NS,2023-11-22 11:03:42.516683
109,2023-06-14 00:00:00+05:30,47.40865504266601,51.90000130986595,47.009422740414784,49.70423126220703,4749267,0.0,0.0,2023-06-14,44.46183109283447,2.042529981107758,46.50436107394223,42.41930111172672,48.54689105504999,40.376771130618955,166.17608257237015,294.06417773610474,115492141,9350815.319317667,3351645.2882878883,34.931401057241835,77.9184240323481,49.53788510416259,52.0663474679104,47.17576889845923,54.428463673613756,44.647306534711426,56.95692603736156,42.28519032900807,0.02079325573060507,-20.75472434568374,1.2872685517663882,0.848191689640061,0.43907686212632724,70.48923696951147,34.41169700631886,47.23898086547852,44.46183109283447,42.620878524780274,43.633926467895506,SALASAR.NS,2023-11-22 11:03:42.516683
110,2023-06-13 00:00:00+05:30,45.911539192330565,47.50846077172795,45.911539192330565,47.009422302246094,611972,0.0,0.0,2023-06-13,44.075076293945315,1.701482838104388,45.776559132049705,42.373593455840926,47.478041970154095,40.672110617736536,87.04373408465088,190.30597259203043,110742874,1139583.0963007775,1851852.7805304432,34.778242182926796,71.67941657890242,46.809807422101535,47.708075651872505,46.111154072475124,48.40672900149892,45.212885842704154,49.30499723126989,44.51423249307774,-0.01126932619711035,-13.636397259178583,1.020227253109816,0.7384224741084792,0.2818047790013368,63.2802170184322,32.461127778497996,46.47046127319336,44.075076293945315,42.362376556396484,43.64490531921387,SALASAR.NS,2023-11-22 11:03:42.516683
111,2023-06-12 00:00:00+05:30,47.1591332891713,47.25893945572771,45.76182411321434,45.911537170410156,543228,0.0,0.0,2023-06-12,43.81058597564697,1.6310238558638968,45.44160983151087,42.17956211978308,47.07263368737477,40.54853826391918,84.93668278782356,182.23982314352006,110130902,987946.6959281733,2029920.2015878593,34.76188033462239,68.52253318038625,46.3107669131174,46.85970971302046,45.36259437050708,47.80788225563077,44.81365157060402,48.35682505553383,43.86547902799371,-0.06095009042821916,-30.303070851392977,0.9282733326576249,0.6679712793581449,0.26030205329948,59.52592126066855,31.79083839952092,45.96144180297851,43.81058597564697,42.15178230285645,43.69131591796875,SALASAR.NS,2023-11-22 11:03:42.516683
112,2023-06-09 00:00:00+05:30,47.30884831508938,47.40865448579915,45.1130782932222,46.75990295410156,1006523,0.0,0.0,2023-06-09,43.66836013793945,1.560682502349251,45.229042640288704,42.1076776355902,46.789725142637955,40.54699513324095,116.95715459724147,202.9299179028069,110674130,1864347.3808878153,2290413.5780027807,34.74862495699998,72.08621315549479,46.42721191104098,47.74134552885975,45.44576933628281,48.72278810361792,44.13163571846403,50.0369217214367,43.15019314370586,-0.03523043881026209,-17.42427762104549,0.904604753052574,0.6028957660332749,0.30170898701929916,64.23857852766885,31.182088901546777,45.292730712890624,43.66836013793945,42.03700347900391,43.73323516845703,SALASAR.NS,2023-11-22 11:03:42.516683
113,2023-06-08 00:00:00+05:30,45.91153985740353,47.90769376424716,45.51230755309024,46.809810638427734,2377884,0.0,0.0,2023-06-08,43.46624946594238,1.3918565935978493,44.85810605954023,42.07439287234453,46.249962653138084,40.68253627874668,182.03504477462914,235.94769524627029,111680653,4409172.411731762,2396930.127281522,34.72210828043354,77.58816139654319,46.74327065192171,47.974233750753186,45.57884753959626,49.13865686307864,44.34788444076479,50.36961996191011,43.183461328439336,-0.08846282498505507,-16.66664363886685,0.7770444905726706,0.5274685192784501,0.2495759712942205,64.51757851599423,30.526512519113083,44.594076538085936,43.46624946594238,41.91723419189453,43.77964576721192,SALASAR.NS,2023-11-22 11:03:42.516683
114,2023-06-07 00:00:00+05:30,44.66394028583414,46.41057482215167,44.66394028583414,45.86163330078125,1480576,0.0,0.0,2023-06-07,43.261643409729004,1.1551190115985315,44.41676242132753,42.106524398130475,45.57188143292607,40.95140538653194,151.2508745798771,186.83830480687297,109302769,2689736.61590174,1893869.5561689618,34.658734212297304,74.06308510578606,45.64538280292235,46.62682532001056,44.880190783693024,47.392017339239885,43.89874826660481,48.3734598563281,43.13355624737549,-0.1145982147532872,-31.06064692376636,0.5970401478719864,0.46507452645489494,0.1319656214170915,61.57306959676204,29.436713581421696,44.005210876464844,43.261643409729004,41.81543029785156,43.823561096191405,SALASAR.NS,2023-11-22 11:03:42.516683
115,2023-06-06 00:00:00+05:30,42.717690383335125,44.91346031580213,42.518074242681536,44.464324951171875,1134310,0.0,0.0,2023-06-06,43.10195121765137,0.9850028545219355,44.086954072173306,42.11694836312943,45.071956926695236,41.1319455086075,19.568692323324427,95.14928736721947,107822193,1997896.5482848037,1694902.7912357673,34.622043314551625,71.51702447807263,43.965286503218515,45.412498763755494,43.017112690634896,46.36067257633911,41.56990043009792,47.80788483687609,40.6217266175143,-0.16299191875706623,-52.27277695022104,0.45091508103293165,0.4320831211006221,0.018831959932309572,56.650351693720765,28.8672880273646,43.73572998046875,43.10195121765137,41.74456687927246,43.85350341796875,SALASAR.NS,2023-11-22 11:03:42.516683
116,2023-06-05 00:00:00+05:30,43.61596171364212,43.865480941057285,42.06894326514038,42.5679817199707,1139316,0.0,0.0,2023-06-05,43.002143478393556,0.9397862685408733,43.94192974693443,42.062357209852685,44.881716015475305,41.12257094131181,-73.63623238707724,32.234492445511734,106687883,1921130.152059379,1619154.3519735083,34.597285298328394,67.00435603714416,42.834135308722786,43.59932735230519,41.80278967638829,44.63067298463969,41.037597632805884,45.39586502822209,40.006252000471385,-0.22010574305451644,-81.06060979060429,0.39461236957123447,0.4273751311175447,-0.03276276154631025,48.30467841700066,28.992118545012623,43.825556945800784,43.002143478393556,41.708636169433596,43.906900558471676,SALASAR.NS,2023-11-22 11:03:42.516683
117,2023-06-02 00:00:00+05:30,43.86548050432908,44.26470897980183,43.0171128551472,43.266632080078125,390806,0.0,0.0,2023-06-02,43.01711463928223,0.9348780305730295,43.95199266985526,42.082236608709195,44.88687070042828,41.14735857813617,-7.792357681037937,71.98352827129416,107827199,669797.999022177,1543660.4019520404,34.57709571174911,68.40079885170087,43.51615130500905,44.01518975487091,42.767593630216275,44.76374742966369,42.26855518035442,45.262785879525545,41.51999750556164,-0.21866653547270515,-70.4546026871822,0.5033099379761197,0.43556582150412226,0.0677441164719974,51.710436194559,29.739709883350006,43.99523010253906,43.01711463928223,41.729595794677735,43.98524959564209,SALASAR.NS,2023-11-22 11:03:42.516683
118,2023-06-01 00:00:00+05:30,45.31269465663714,45.31269465663714,43.26663388114298,43.865482330322266,501324,0.0,0.0,2023-06-01,43.02959060668945,0.9400338033427517,43.9696244100322,42.0895568033467,44.909658213374954,41.14952300000395,49.42976442163156,107.2035230947915,108218005,871105.8648481858,1762126.0026845061,34.56953918380486,71.14968393615554,44.14827028936747,45.029906697591954,42.98384592209779,46.19433106486163,42.102209513873305,47.075967473086116,40.93778514660363,-0.21511664915368517,-61.363631908896366,0.5660433811812524,0.41862979238612286,0.14741358879512956,54.78478433198363,29.614697413814696,44.37449951171875,43.02959060668945,41.729595794677735,44.07956787109375,SALASAR.NS,2023-11-22 11:03:42.516683
119,2023-05-31 00:00:00+05:30,41.32038574337175,45.113077253339675,41.32038574337175,44.51422882080078,803816,0.0,0.0,2023-05-31,43.004638671875,0.9231499417608128,43.92778861363581,42.08148873011419,44.850938555396624,41.158338788353376,24.8756653592776,83.18898974190222,108719329,1417375.863687823,1984881.037143586,34.55915765864761,72.7561145126761,43.6492306058374,45.978075468303054,42.18538395833513,47.441922115805326,39.85653909586948,49.77076697827098,38.39269244836721,-0.20548318406584468,-51.51520087784766,0.578807107591345,0.38177639518734047,0.19703071240400455,58.26972369278317,29.22338343889435,44.164903259277345,43.004638671875,41.716620712280275,44.17837745666504,SALASAR.NS,2023-11-22 11:03:42.516683
120,2023-05-30 00:00:00+05:30,43.81557672842949,45.51230438525866,42.91730600992839,44.91345977783203,939979,0.0,0.0,2023-05-30,42.96222057342529,0.8679766208095392,43.83019719423483,42.094243952615756,44.69817381504437,41.22626733180621,93.29434497647486,120.10284309682228,109523145,1672338.525051077,2126757.3305075266,34.54129983298487,76.44190863278129,44.44769005767302,45.978074105417654,43.383075730087384,47.04268843300329,41.85269168234275,48.573072480747925,40.788077354757114,-0.24917726336920004,-46.511671560658826,0.5224870407118161,0.3325187170863393,0.18996832362547678,60.46768772964441,28.898574115819233,43.71576843261719,42.96222057342529,41.70663993835449,44.249240951538084,SALASAR.NS,2023-11-22 11:03:42.516683
121,2023-05-29 00:00:00+05:30,47.9076937971444,47.9076937971444,43.11692517890224,43.41634750366211,2363025,0.0,0.0,2023-05-29,42.8873649597168,0.7469627782259619,43.63432773794276,42.140402181490835,44.381290516168725,41.39343940326487,164.93144794860282,137.6859051017666,108583166,4063975.9897830947,2240362.031871639,34.51949629849908,83.61840046581469,44.81365549323625,46.51038580757025,41.7196171893281,49.6044241114784,40.02288687499409,51.301154425812406,36.92884857108594,-0.22828049117810595,-69.76743378114615,0.4031456177915729,0.2850266361799701,0.11811898161160278,54.49003455403011,26.83773660024167,43.246672821044925,42.8873649597168,41.716620712280275,44.333079452514646,SALASAR.NS,2023-11-22 11:03:42.516683
122,2023-05-26 00:00:00+05:30,42.867403047896396,46.61019137325357,42.66778690907178,45.16297912597656,3047484,0.0,0.0,2023-05-26,42.750129318237306,0.8841909828860688,43.634320301123374,41.86593833535124,44.51851128400944,40.98174735246517,280.26050644787443,145.7289479050589,110946191,5451971.143780065,1784458.5423937754,34.472230682309466,76.58624677398767,44.813652469433976,46.95951802979617,43.01711356561438,48.75605693361577,40.871248005252184,50.90192249397796,39.07470910143259,-0.10944303600369577,-28.155361692999694,0.39168704093631135,0.2554968907770694,0.13619015015924196,65.16466267279273,24.382089178663843,43.06701812744141,42.750129318237306,41.80345336914063,44.40693714141846,SALASAR.NS,2023-11-22 11:03:42.516683
123,2023-05-25 00:00:00+05:30,43.01711340472119,43.915384148893054,42.3683656960293,42.817501068115234,492850,0.0,0.0,2023-05-25,42.50809574127197,0.8508493993810348,43.358945140653006,41.65724634189094,44.20979454003404,40.806396942509906,113.24202734699682,74.65200938957481,107898707,835921.7214898044,867580.3920472029,34.39847830739457,60.868473474106594,43.03375030434586,43.699134912662416,42.15211645979866,44.58076875720961,41.486731851482105,45.24615336552617,40.60509800693491,-0.22260297093133746,-60.86955987588312,0.19906518744767965,0.2214493532372589,-0.022384165789579247,53.90468298403217,22.166357269408206,42.48813323974609,42.50809574127197,41.82840530395508,44.439873695373535,SALASAR.NS,2023-11-22 11:03:42.516683
124,2023-05-23 00:00:00+05:30,42.76759313154303,43.21672849265399,41.91922929961435,42.2685546875,512020,0.0,0.0,2023-05-23,42.43573513031006,0.8840427774789502,43.31977790778901,41.551692352831104,44.20382068526796,40.66764957535216,-39.599379165266086,50.83878785171729,107405857,857302.0371438926,875495.0596865525,34.38907484666139,60.29238704957845,42.46817082658945,43.01711235356455,41.71961316052491,43.76567001962909,41.17067163354981,44.31461154660419,40.42211396748527,-0.2525837606957773,-76.81170311733632,0.1804287566728604,0.22704539468465368,-0.04661663801179328,50.42197593837087,21.050007234244934,42.438229370117185,42.43573513031006,41.93420143127442,44.47580444335937,SALASAR.NS,2023-11-22 11:03:42.516683
125,2023-05-22 00:00:00+05:30,42.71769097200305,43.416345570237745,42.11884634915116,42.5679817199707,723026,0.0,0.0,2023-05-22,42.43823051452637,0.8836163753342448,43.32184688986061,41.554614139192125,44.20546326519486,40.670997763857876,18.68258647845928,61.66716793473157,107917877,1219176.285879321,880043.3153222175,34.37992107696245,59.30066243715256,42.70105787978654,43.283269410421916,41.985770189335334,43.99855710087312,41.40355865869996,44.5807686315085,40.68827096824875,-0.2091590674950695,-68.11593826565577,0.2078976099585148,0.23869955418760197,-0.030801944229087164,52.42829382473506,20.299639898506086,42.37834548950195,42.43823051452637,42.03001693725586,44.49526695251465,SALASAR.NS,2023-11-22 11:03:42.516683
126,2023-05-19 00:00:00+05:30,42.468170952564435,42.917306315007686,41.96913250704109,42.51807403564453,563300,0.0,0.0,2023-05-19,42.40329780578613,0.8919874145575415,43.29528522034367,41.51131039122859,44.18727263490121,40.61932297667105,-45.25577361936849,50.74039743356729,107194851,948730.5106773087,795260.0726829417,34.36646670261885,58.037346116125704,42.468170952564435,42.96720939808778,42.019035590121184,43.41634476053103,41.51999714459784,43.91538320605438,41.07086178215459,-0.21228384074180615,-69.56532472756366,0.21042707634669,0.24640004024487377,-0.035972963898183774,52.13352920231204,19.237660961879786,42.20867233276367,42.40329780578613,42.03500732421875,44.56064098358154,SALASAR.NS,2023-11-22 11:03:42.516683
127,2023-05-18 00:00:00+05:30,42.86740310476834,43.16682540972192,41.91922929961435,42.2685546875,269570,0.0,0.0,2023-05-18,42.39581241607666,0.8916016167524464,43.287414032829105,41.50421079932421,44.17901564958155,40.61260918257177,-64.19786637556533,47.00602202327438,106631551,451355.2403282667,756892.4631843499,34.356017867599355,61.3845938022494,42.451536465612094,42.98384363160984,41.736247521502264,43.699132575719666,41.20394035550452,44.23143974171741,40.48865141139469,-0.24411967419688146,-64.63427608858396,0.21539242152206128,0.2553932812194197,-0.04000085969735839,50.715711337830896,18.409376247297402,42.31846160888672,42.39581241607666,42.02502655029297,44.64797271728516,SALASAR.NS,2023-11-22 11:03:42.516683
128,2023-05-17 00:00:00+05:30,42.06894326514038,42.76759405601383,41.61980789432085,42.5679817199707,257958,0.0,0.0,2023-05-17,42.3783462524414,0.8976269592294155,43.27597321167082,41.48071929321199,44.17360017090024,40.58309233398257,-106.80265018574661,39.850664410930804,106901121,434972.29194089543,833276.7688983708,34.351161196898715,61.870992286952315,42.31846122343513,43.01711455254941,41.86932839085643,43.466247385128106,41.17067506174215,44.164900714242386,40.721542229163454,-0.025129685729111007,-51.08696846810634,0.24305992165442802,0.26539349614375923,-0.02233357448933121,52.4467393330731,17.517377323900988,42.40828857421875,42.3783462524414,42.03400924682617,44.78770351409912,SALASAR.NS,2023-11-22 11:03:42.516683
129,2023-05-16 00:00:00+05:30,42.068945264550315,42.767596088628515,41.81942602527626,41.96913528442383,339433,0.0,0.0,2023-05-16,42.18122596740723,1.2264442330239882,43.40767020043122,40.95478173438324,44.6341144334552,39.728337501359256,-151.8147271436827,31.291376360085035,106643163,564304.6334824815,932852.8881377396,34.346332173419114,56.69592647656475,42.18538579944286,42.55134557360947,41.60317551025721,43.13355586279512,41.237215736090604,43.499515636961725,40.65500544690495,-0.004912975284214748,-52.212360708234165,0.2453109539039886,0.270976889766092,-0.025665935862103417,49.22843244356848,16.79821338965128,42.43823013305664,42.18122596740723,42.027022705078124,44.88152271270752,SALASAR.NS,2023-11-22 11:03:42.516683
130,2023-05-15 00:00:00+05:30,43.166828281764495,44.91346295212491,41.47009669765638,41.7196159362793,883877,0.0,0.0,2023-05-15,42.00157203674316,1.4932825709437643,43.494854607686925,40.5082894657994,44.988137178630694,39.01500689485563,-73.97142180721293,49.94228317412992,106303730,1460702.1453466737,1024989.9518015541,34.3404327270193,54.647452023290484,42.701058528686865,43.93202035971735,40.48865410524882,46.144424783155394,39.257692274218336,47.37538661418588,37.04528785078029,-0.051543884260698385,-56.63713800184902,0.3034534251500105,0.2773933737316179,0.026060051418392627,47.863235508082816,15.816219443495037,42.57796096801758,42.00157203674316,42.03899963378906,44.96286598205566,SALASAR.NS,2023-11-22 11:03:42.516683
131,2023-05-12 00:00:00+05:30,42.81750118744566,43.26663275342203,42.56798195863155,43.067020416259766,200605,0.0,0.0,2023-05-12,41.951668167114256,1.519645777175264,43.47131394428952,40.43202238993899,44.99095972146478,38.91237661276373,-25.261752868183493,55.05833507626167,107187607,342228.45140580705,916061.9034152741,34.32553161338872,65.44132937984277,42.96721170943778,43.366441460244005,42.66779066545352,43.66586250422826,42.268560914647296,44.065092255034486,41.96913987066304,-0.02746805041924098,-28.971921469351116,0.3978695033027293,0.27087836087701966,0.12699114242570964,55.322293531239595,14.758687501480622,42.72767181396485,41.951668167114256,42.065947723388675,45.036723670959475,SALASAR.NS,2023-11-22 11:03:42.516683
132,2023-05-11 00:00:00+05:30,42.91730565075216,43.61596022514361,42.41826721295272,42.717689514160156,1233237,0.0,0.0,2023-05-11,41.80694694519043,1.545440578423483,43.35238752361391,40.26150636676695,44.8978281020374,38.716065788343464,4.471316663080011,45.421880966640686,106987002,2086814.4406595612,1059520.2664176407,34.32152345525767,58.02923159432897,42.91730565075216,43.416344088551604,42.218651076360715,44.11499866294305,41.71961263856127,44.61403710074249,41.020958064169825,-0.04129764372063152,-35.51404844358013,0.3800234424046778,0.23913057527059223,0.14089286713408555,53.58076954178402,14.58538711232379,42.687748718261716,41.80694694519043,42.06894187927246,45.09960250854492,SALASAR.NS,2023-11-22 11:03:42.516683
133,2023-05-10 00:00:00+05:30,42.86740256844444,43.31653792393617,42.41826721295272,42.717689514160156,196640,0.0,0.0,2023-05-10,41.69466342926025,1.5573218130417317,43.251985242301984,40.13734161621852,44.809307055343716,38.58001980317679,14.666524875450195,35.87221107236498,108220239,332743.17232721375,802696.7228571606,34.297789442501795,58.47153659991425,42.81749821701635,43.21672922107998,42.318458510096534,43.7157689279998,41.919227506032904,44.11499993206343,41.42018779911309,-0.0420700289403541,-35.51404844358013,0.38582094657676436,0.2039073584870708,0.18191358808969355,53.58076954178402,14.398755924001048,42.84744110107422,41.69466342926025,42.08590927124023,45.15898811340332,SALASAR.NS,2023-11-22 11:03:42.516683
134,2023-05-09 00:00:00+05:30,42.51807639432175,43.86548255639844,42.0190379211144,42.667789459228516,404596,0.0,0.0,2023-05-09,41.5723991394043,1.568724633601126,43.141123773005425,40.00367450580317,44.70984840660655,38.43494987220205,22.88417477555376,30.066503208009184,108023599,683834.8986683633,920185.1104896473,34.29399263829609,72.67782532229029,42.85076997891378,43.68250203671316,41.83605740142912,44.69721461419782,41.004325343629745,45.5289466719972,39.989612766145086,-0.044079112448149244,-29.999989173521097,0.38739773681865586,0.1584289614646474,0.22896877535400845,53.356815254973235,14.381246552304594,42.97719192504883,41.5723991394043,42.11784782409668,45.21488044738769,SALASAR.NS,2023-11-22 11:03:42.516683
135,2023-05-08 00:00:00+05:30,43.21672782043668,43.41634395642119,41.76951559375042,42.468170166015625,322292,0.0,0.0,2023-05-08,41.47508659362793,1.5575238735100092,43.032610467137935,39.91756272011792,44.59013434064795,38.36003884660791,5.6110696152305986,17.245425964430183,107619003,542178.8933553795,979272.6634449682,34.2862160960674,67.87216727848204,42.55134323872908,43.333170883707744,41.68634252103698,44.19817160139985,40.904514876058315,44.97999924637851,40.03951415836621,-0.033676292618299346,-29.054082657740107,0.3884612428137473,0.10118676762614529,0.28727447518760196,52.505720218568214,14.36239030586226,43.17680740356445,41.47508659362793,42.16276123046875,45.22136795043945,SALASAR.NS,2023-11-22 11:03:42.516683
136,2023-05-05 00:00:00+05:30,43.71576880594818,44.51422958908633,42.66778879011927,42.86740493774414,415493,0.0,0.0,2023-05-05,41.3652982711792,1.5612224178084526,42.92652068898765,39.80407585337075,44.4877431067961,38.242853435562296,64.1422380804093,43.26652296135631,107941295,705538.044909522,1088546.1059673652,34.28015891596665,63.24016361249583,43.34980777231658,44.031826754513894,42.185385955546835,45.19624857128364,41.50336697334952,45.87826755348095,40.338945156579776,-0.022490784240522917,-23.648624678046247,0.40359655220245827,0.02936814882924478,0.3742284033732135,54.347399235837976,14.595636951447341,43.36644287109375,41.3652982711792,42.2336247253418,45.23833526611328,SALASAR.NS,2023-11-22 11:03:42.516683
137,2023-05-04 00:00:00+05:30,43.815577544876554,44.61403830544407,43.116922951619514,43.516151428222656,388223,0.0,0.0,2023-05-04,41.195625114440915,1.5737320471648675,42.76935716160578,39.62189306727605,44.34308920877065,38.04816102011118,105.2957967302454,58.04750312754094,108356788,669208.2296021905,1184298.121231826,34.27195547179232,67.72080729164952,43.74903756176209,44.38115217190466,42.884036818080105,45.24615291558664,42.25192220793753,45.878267525729214,41.38692146425555,-0.015138735081436306,-14.864891040385737,0.3775406593980506,-0.0641889520140586,0.4417296114121092,57.38458419958129,14.18534878081956,42.92728881835937,41.195625114440915,42.279536209106446,45.23633911132813,SALASAR.NS,2023-11-22 11:03:42.516683
138,2023-05-03 00:00:00+05:30,43.86548210207188,43.96528827273507,42.917308251326126,43.3664436340332,611379,0.0,0.0,2023-05-03,41.00848579406738,1.5042672191530415,42.512753013220426,39.50421857491434,44.01702023237347,37.9999513557613,104.57763755408403,48.49381036653336,107968565,1050252.8239598966,1313070.5941392349,34.26369667384031,65.55414840158626,43.4163467193648,43.91538518740348,42.86740516599453,44.46432674077375,42.36836669795586,44.96336520881243,41.81942514458559,-0.004421562829452256,-16.326541715192988,0.2745692080422728,-0.17462135486708588,0.44919056290935866,56.86806720660423,13.400360368044648,42.28852005004883,41.00848579406738,42.260572814941405,45.233344879150394,SALASAR.NS,2023-11-22 11:03:42.516683
139,2023-05-02 00:00:00+05:30,43.815579918243124,44.564137635702664,42.86740604798875,43.66586685180664,505499,0.0,0.0,2023-05-02,40.73650970458984,1.5466471172579728,42.28315682184782,39.18986258733187,43.82980393910579,37.6432154700739,124.15855622162285,59.61327725242488,108579944,874363.2977331216,1378775.0366840693,34.25087157020591,71.1489362504959,43.69913684516602,44.53086764234328,42.83413605462937,45.39586843287993,42.002405257452104,46.227599230057194,41.137404466915456,0.026651709121015013,-12.24491013929696,0.15331835674872707,-0.2869189955944255,0.4402373523431526,58.17760807863236,12.860385855703498,41.88928909301758,40.73650970458984,42.24160934448242,45.21687660217285,SALASAR.NS,2023-11-22 11:03:42.516683
140,2023-04-28 00:00:00+05:30,41.07086818445482,43.9153859807157,40.82134894592802,43.41634750366211,1134248,0.0,0.0,2023-04-28,40.39217300415039,1.6247845503212892,42.01695755447168,38.767388453829106,43.641742104792975,37.14260390350781,91.43397469569665,27.66210917608528,108074445,1950701.5958187047,1504877.9714218061,34.23989100946227,69.0779849441451,42.717694143435274,44.614039340942526,41.52000230615485,45.81173117822295,39.6236571086476,47.7080763757302,38.425965271367176,0.01154817773994741,-7.462682634541684,-0.033731131229764344,-0.3969783336802136,0.3632472024504493,57.41885227944236,12.278874842413028,41.619808197021484,40.39217300415039,42.187713165283206,45.19042751312256,SALASAR.NS,2023-11-22 11:03:42.516683
141,2023-04-27 00:00:00+05:30,40.322309273435806,41.220576221084414,40.322309273435806,40.671634674072266,377204,0.0,0.0,2023-04-27,40.045341110229494,1.6845187177611027,41.729859827990595,38.36082239246839,43.4143785457517,36.676303674707285,-11.34655694237246,-41.38473823077817,106940197,607711.4930972405,1393422.0653225817,34.215813855415355,67.80710262649063,40.73817338953083,41.15403750562585,40.25577055797724,41.63644033717944,39.83990644188222,42.05230445327446,39.357503610328635,-0.13813120153840625,-46.51161071408954,-0.24812620456331302,-0.4877901342928259,0.2396639297295129,47.77644534412285,11.94293082047446,41.310404205322264,40.045341110229494,42.209670791625975,45.144016914367675,SALASAR.NS,2023-11-22 11:03:42.516683
142,2023-04-26 00:00:00+05:30,41.769516020790945,41.769516020790945,39.27432381387724,40.32230758666992,496596,0.0,0.0,2023-04-26,40.02038917541504,1.6784385144884895,41.69882768990353,38.34195066092655,43.37726620439202,36.66351214643806,-26.386406209269563,-53.34946668473813,106562993,793191.6390012004,1589849.7083789168,34.21017580450718,68.24152752298181,40.455382473779366,41.636441133681494,39.14124892676779,42.95057468069307,37.96019026686566,44.1316333405952,36.64605671985408,-0.14979692561966454,-51.93796777822228,-0.24854475152979205,-0.5477061167252041,0.29916136519541203,46.3350209926407,12.706718225485863,41.649750518798825,40.02038917541504,42.26855735778808,45.090120735168455,SALASAR.NS,2023-11-22 11:03:42.516683
143,2023-04-25 00:00:00+05:30,42.56798190721014,42.867404219953116,41.27047887305511,41.37028884887695,629542,0.0,0.0,2023-04-25,40.042845726013184,1.6856795547886063,41.72852528080179,38.35716617122458,43.4142048355904,36.67148661643597,59.252186496853966,-8.690085214379074,107059589,1031674.7348462319,1789014.2257233458,34.20314027513598,68.64661643693995,41.836057313961724,42.40163575486834,40.80471040797033,43.43298266085973,40.23913196706372,43.99856110176634,39.20778506107233,-0.15794929907847916,-35.65889658582407,-0.21091136363618546,-0.6224964580240571,0.4115850943878716,50.19439840106105,13.529258507805835,41.96913528442383,40.042845726013184,42.32744384765625,45.01027458190918,SALASAR.NS,2023-11-22 11:03:42.516683
144,2023-04-24 00:00:00+05:30,42.218652396728096,42.867403909101206,41.47009471661816,42.31846237182617,767992,0.0,0.0,2023-04-24,40.0603120803833,1.7018897745573096,41.762201854940606,38.35842230582599,43.464091629497915,36.65653253126868,96.73849596531399,2.152613948379861,107689131,1287407.7165272431,1978349.098442624,34.192666429430254,74.782155655224,42.218653665848514,42.967212615078864,41.56990342259582,43.61596285833156,40.82134447336547,44.36452180756191,40.17259423011278,-0.13779376765997373,-20.930213126035213,-0.26274387217708295,-0.725392731621025,0.4626488594439421,53.97115709944841,13.467362228189488,41.42019271850586,40.0603120803833,42.37435340881348,44.924939002990726,SALASAR.NS,2023-11-22 11:03:42.516683
145,2023-04-21 00:00:00+05:30,42.767594488528125,42.767594488528125,41.42019216980431,41.869327545166016,846621,0.0,0.0,2023-04-21,40.0603120803833,1.7018897745573096,41.762201854940606,38.35842230582599,43.464091629497915,36.65653253126868,108.92480353467715,-6.852790666599337,106921139,1404153.3970573572,2151084.443921469,34.1781542514885,74.68698575446646,42.01903806783282,42.617883965861324,41.27048164713751,43.36644038655663,40.671635749109,43.96528628458514,39.92307932841369,-0.16681079650033756,-25.714273468399746,-0.4185049479149541,-0.8410549464820105,0.42254999856705644,52.39567069202352,13.262310713522355,40.63171157836914,40.0603120803833,42.44721298217773,44.82563034057617,SALASAR.NS,2023-11-22 11:03:42.516683
146,2023-04-20 00:00:00+05:30,41.91923086358724,43.66586548290337,41.71961471705028,42.36836624145508,1331477,0.0,0.0,2023-04-20,40.10023517608643,1.7550929132410171,41.85532808932744,38.345142262845414,43.610421002568465,36.59004934960439,186.10625273399515,8.103200070975829,107767760,2234626.3669809005,2337817.205637497,34.16298208858856,76.78519621166672,42.58461548046957,43.44961624388887,41.503365478035775,44.53086624632267,40.63836471461648,45.39586700974196,39.55711471218268,-0.15620173403477222,-17.931023144057242,-0.5673523657731891,-0.9466924461237747,0.37934008035058553,54.31375292567394,13.088965875618559,40.40215377807617,40.10023517608643,42.520072555541994,44.72781879425049,SALASAR.NS,2023-11-22 11:03:42.516683
147,2023-04-19 00:00:00+05:30,38.52576830112888,42.91730835324242,38.126539810166705,41.91923141479492,3995609,0.0,0.0,2023-04-19,40.16261501312256,1.8590429080228095,42.02165792114537,38.303572105099754,43.88070082916818,36.444529197076946,83.49611622890448,-42.664586594823504,106436283,6634769.299609454,2363614.915301646,34.13744638047042,62.54261569360149,40.98769319273468,43.84884657530266,39.058078032226945,45.778461735810396,36.19692464965897,48.63961511837837,34.26730948915123,-0.15300362119817615,-14.81481107764252,-0.7984736683357241,-1.041527466211421,0.2430537978756968,52.87193899706119,12.716298979839896,39.962999725341795,40.16261501312256,42.56199172973633,44.619527435302736,SALASAR.NS,2023-11-22 11:03:42.516683
148,2023-04-18 00:00:00+05:30,38.22634374432389,38.924998321828944,37.228266864276996,38.62557601928711,735608,0.0,0.0,2023-04-18,40.229985046386716,1.9483220376466863,42.1783070840334,38.28166300874003,44.12662912168009,36.33334097109334,-179.61830233833916,-129.6902148225261,102440674,1125514.1133688886,1295826.3192246938,34.064087542219184,47.03803876179055,38.25961373513102,39.29096060598504,37.594229148433094,39.95634519268297,36.56288227757907,40.98769206353699,35.897497690881146,-0.32051299165759783,-60.80000887724061,-1.0380479111373475,-1.1022909156803449,0.06424300454299736,40.02149738726102,12.637366265153847,39.67355728149414,40.229985046386716,42.63984176635742,44.52920146942139,SALASAR.NS,2023-11-22 11:03:42.516683
149,2023-04-17 00:00:00+05:30,40.42211350693496,40.62172964375007,38.07663436960047,38.37605667114258,1335280,0.0,0.0,2023-04-17,40.45954265594482,2.018542842914293,42.478085498859116,38.44099981303053,44.49662834177341,36.42245697011624,-84.4749094281521,-114.66997046453079,101705066,2029841.9485352363,1338404.370688645,34.05615709548705,47.972250240014304,39.02480689483104,39.972979420061606,37.427884145912,41.56990216898064,36.479711620681435,42.51807469421121,34.8827888717624,-0.37308527842538974,-65.35431425422428,-1.0046723889373297,-1.1183516668160942,0.11367927787876453,38.84489251655002,12.420229316851403,40.00292282104492,40.45954265594482,42.82248985290527,44.47330913543701,SALASAR.NS,2023-11-22 11:03:42.516683
150,2023-04-13 00:00:00+05:30,40.22250007182405,42.41827010955568,39.92307775017005,40.72153854370117,982572,0.0,0.0,2023-04-13,40.74149932861328,2.1042252322353625,42.845724560848645,38.637274096377915,44.949949793084,36.53304886414256,87.75578520222594,-54.38797276227843,103040346,1584959.227581038,1165544.976226997,34.04248096112122,52.120766987180396,41.02096213447563,42.11884651878121,39.623654159395585,43.51615449386126,38.525769775090005,44.61403887816684,37.12846180000996,-0.3439229724558865,-32.59259936260056,-0.9221454226073647,-1.1467714862857852,0.22462606367842053,46.870496965467105,12.651915520448565,40.47201919555664,40.74149932861328,42.96721099853516,44.412925491333006,SALASAR.NS,2023-11-22 11:03:42.516683
151,2023-04-12 00:00:00+05:30,40.5718282682088,41.12076981202302,39.92307674810753,40.1725959777832,257564,0.0,0.0,2023-04-12,40.976047325134275,2.349076997488964,43.32512432262324,38.62697032764531,45.6742013201122,36.277893330156346,55.85481356738125,-78.18029418724103,102057774,409868.545485359,1060691.4133884867,34.026885082399176,43.411292959186326,40.405480845971255,40.887884943834976,39.69019187991949,41.60317390988674,39.20778778205577,42.08557800775046,38.492498816004,-0.34859965444071844,-42.446039202363764,-1.0335084240337409,-1.2029280022053903,0.16941957817164943,44.372791419211175,13.170146122953435,40.38219223022461,40.976047325134275,43.05204750061035,44.322100486755375,SALASAR.NS,2023-11-22 11:03:42.516683
152,2023-04-11 00:00:00+05:30,40.971057666050214,41.320386879812546,40.222499960309854,40.47201919555664,1147915,0.0,0.0,2023-04-11,41.3553165435791,2.784518012742643,44.139834556321745,38.570798530836456,46.92435256906439,35.78628051809381,70.05172763914736,-72.93801899468973,102315338,1840323.34684649,1223397.1303642686,34.02312104895152,37.81799706267243,40.67163534522635,41.120770730142844,40.02288381064015,41.76952226472904,39.57374842572366,42.218657649645536,38.92499689113746,-0.30924839689388756,-40.27778662103321,-1.1063650682462978,-1.2452828967483025,0.13891782850200474,45.45512778185668,13.740352011275611,40.242461395263675,41.3553165435791,43.194772491455076,44.22878028869629,SALASAR.NS,2023-11-22 11:03:42.516683
153,2023-04-10 00:00:00+05:30,40.921155262438894,41.02096143525636,40.0228844776359,40.272403717041016,199152,0.0,0.0,2023-04-10,41.65224437713623,2.994111594399452,44.64635597153568,38.65813278273678,47.64046756593513,35.66402118833732,52.72811318860945,-84.81005432675877,101167423,317703.322403588,1069165.576243713,34.005469674621196,36.714477755371206,40.43874987664443,40.85461527565296,39.8565383180325,41.43682683426489,39.44067291902397,41.85269223327342,38.858461360412036,-0.2899037525376402,-57.94871557658061,-1.2123691937499643,-1.2800123538738035,0.0676431601238392,44.61888720956828,14.552407342472243,40.10273056030273,41.65224437713623,43.355462875366214,44.12098798751831,SALASAR.NS,2023-11-22 11:03:42.516683
154,2023-04-06 00:00:00+05:30,40.172596986108616,41.32038699437056,40.02288392160092,40.72153854370117,623795,0.0,0.0,2023-04-06,42.04398956298828,3.30090875496715,45.344898317955426,38.74308080802113,48.64580707292258,35.44217205305398,54.45843768109327,-80.41692460155085,101366575,1006226.1507237267,1257031.1397037443,34.00249232831724,36.28282643412956,40.688269819890884,41.353655718180846,40.05615264541121,41.98577289266052,39.39076674712125,42.65115879095048,38.75864957264157,-0.25888718983111136,-53.33332967247248,-1.310058266491751,-1.296923143904763,-0.013135122586988013,46.09538424818986,15.220401889054195,39.63363418579102,42.04398956298828,43.537112884521484,44.01269664764404,SALASAR.NS,2023-11-22 11:03:42.516683
155,2023-04-05 00:00:00+05:30,38.9749044336067,41.07086832902654,38.9749044336067,40.272403717041016,574610,0.0,0.0,2023-04-05,42.36087913513184,3.4672934720957063,45.82817260722754,38.893585663036134,49.29546607932325,35.42629219094043,13.830680089681348,-105.0553555471369,100742780,916664.1865827393,1319732.3869487485,33.9924788300463,31.477195938470643,40.10605882655809,41.23721321950948,39.14124932408964,42.202022721977926,38.010094931138255,43.33317711492931,37.04528542866981,-0.186778485064197,-57.94871557658061,-1.4595134900293374,-1.2936393632580159,-0.16587412677132152,44.38651322046222,15.939780631527064,38.8451530456543,42.36087913513184,43.72674751281738,43.89192934036255,SALASAR.NS,2023-11-22 11:03:42.516683
156,2023-04-03 00:00:00+05:30,40.17259641514902,40.721537964939664,39.02480642320023,39.473941802978516,421038,0.0,0.0,2023-04-03,42.48813400268555,3.433145361591306,45.921279364276856,39.05498864109424,49.35442472586816,35.62184327950294,-13.070623168211323,-124.53023145265438,100168170,658356.7959484135,1420499.4370402505,33.983845853706065,26.938012746773566,39.740095397039475,40.45538437087872,38.75865282913929,41.43682693877891,38.04336385530004,42.15211591261815,37.061921287399855,-0.19774824262648025,-66.15384607277285,-1.5845146495082147,-1.2521708315651854,-0.33234381794302936,41.31536684451711,16.559338512426063,38.08661422729492,42.48813400268555,43.95630516052246,43.78363800048828,SALASAR.NS,2023-11-22 11:03:42.516683
157,2023-03-31 00:00:00+05:30,39.32423343816773,41.12077119058889,38.42596265827644,39.77336502075195,1496638,0.0,0.0,2023-03-31,42.61538867950439,3.3619705866635017,45.977359266167895,39.25341809284089,49.3393298528314,35.891447506177386,-24.616038716813755,-131.58467449455375,100589208,2357971.959605011,1611035.0973132097,33.978310162821714,26.615212551518553,39.77336628987243,41.120769921468415,38.425961389155965,42.46817482218488,37.07855775755998,43.815578453780866,35.731152856843515,-0.19514247101411336,-70.24792250624135,-1.6419098144332196,-1.169084877079428,-0.4728249373537916,42.12541562886278,17.015783774116258,38.22634506225586,42.61538867950439,44.20682243347168,43.68931974411011,SALASAR.NS,2023-11-22 11:03:42.516683
158,2023-03-29 00:00:00+05:30,37.228267259559196,38.22634415020347,36.67932573117708,37.92692184448242,802216,0.0,0.0,2023-03-29,42.76260490417481,3.294764530632441,46.05736943480725,39.467840373542366,49.35213396543969,36.173075842909924,-103.04775856385947,-219.5958739704592,99092570,1205225.8800086253,1424300.8817402592,33.957465047664904,25.24426092610841,37.61086390862099,38.542402086064904,36.99538366703852,39.15788232764738,36.063845489594605,40.08942050509129,35.44836524801213,-0.19291867242806338,-86.274512959781,-1.720004246815904,-1.05087864274098,-0.669125604074924,34.80606510391088,17.50734020978262,38.425959777832034,42.76260490417481,44.402445526123046,43.5920072555542,SALASAR.NS,2023-11-22 11:03:42.516683
159,2023-03-28 00:00:00+05:30,36.579520505644936,38.17644204879376,36.42980744525417,36.77913284301758,519047,0.0,0.0,2023-03-28,42.9771915435791,3.097070735404894,46.074262278983994,39.88012080817421,49.17133301438889,36.78305007276931,-154.11035788444644,-256.10473893793466,98290354,756201.7936703737,1479069.6321731678,33.949796898825525,18.389302031127187,37.128460779021836,37.8271141127895,36.08047950924991,38.875095382561426,35.381826175482246,39.57374871632909,34.33384490571032,-0.2310350780182458,-95.6989294923583,-1.6120814383881665,-0.883597241722249,-0.7284841966659176,29.67208945818598,16.150400776420263,39.1844985961914,42.9771915435791,44.646974411010746,43.49269861221313,SALASAR.NS,2023-11-22 11:03:42.516683
160,2023-03-27 00:00:00+05:30,39.87317257951107,40.32230794218775,36.18028731924675,36.47970962524414,2607289,0.0,0.0,2023-03-27,43.26663398742676,2.736892957159613,46.00352694458637,40.52974103026715,48.74041990174598,37.792848073107535,-201.03474413673786,-264.0737143741253,97771307,3767645.8862861427,1659786.5917988662,33.9462560898239,33.37691088846009,37.66076829555954,39.14124927187233,34.999228648931336,41.80278891850054,33.518747672618545,43.28326989481333,30.85720802599034,-0.21333497651277677,-97.8798643560233,-1.3364422374782734,-0.7014761925557695,-0.6349660449225039,28.304430997361095,14.652057602692542,40.292364501953124,43.26663398742676,44.92743408203125,43.4058659362793,SALASAR.NS,2023-11-22 11:03:42.516683
161,2023-03-24 00:00:00+05:30,40.7714406060603,41.42019212616157,39.92307674810753,40.1725959777832,507590,0.0,0.0,2023-03-24,43.595999526977536,2.2257931552238146,45.82179268220135,41.370206371753724,48.04758583742517,39.144413216529905,-132.72016108294454,-163.88626335146546,100378596,807741.6681015723,1132821.7681770467,33.930229092254514,46.64811098242063,40.50528828401743,41.08749981992733,39.5903844418733,42.002403662071465,39.0081729059634,42.584615197981364,38.093269063819264,-0.10273989591902259,-97.5961540029749,-0.9338027582374906,-0.5427346813251435,-0.39106807691234713,36.38621529230987,13.038457261755,41.52998046875,43.595999526977536,45.230849533081056,43.31953229904175,SALASAR.NS,2023-11-22 11:03:42.516683
162,2023-03-23 00:00:00+05:30,41.96913160357854,42.51807312036501,40.22249708184634,40.77143859863281,457220,0.0,0.0,2023-03-23,43.74820613861084,2.078584615162182,45.826790753773025,41.669621523448654,47.9053753689352,39.591036908286476,-116.87539319589914,-142.7610981175383,100886186,738432.4738987989,1214091.7931959152,33.92253162940874,49.27584446875736,41.17066960028139,42.118842118716444,39.823266080197776,43.46624563880006,38.875093561762725,44.41441815723511,37.52769004167911,-0.11236597175461743,-94.55446511448429,-0.7678470391074868,-0.4449676620970566,-0.3228793770104301,38.02555354074006,12.782426904080705,42.21865386962891,43.74820613861084,45.42946685791016,43.19826595306397,SALASAR.NS,2023-11-22 11:03:42.516683
163,2023-03-22 00:00:00+05:30,42.418270565895746,42.91730904314158,41.07086820027657,41.7196159362793,352197,0.0,0.0,2023-03-22,43.88793716430664,1.9584003059235253,45.84633747023017,41.929536858383116,47.804737776153694,39.97113655245959,-103.39896854464676,-115.2082790180287,101343406,582043.5575138426,1333006.6230201942,33.914915849330846,50.3655625091372,41.902597726565816,42.73432725285506,40.88788640999005,43.74903856943082,40.05615688370081,44.58076809572007,39.041445567125045,-0.15371273452431067,-92.97299570028233,-0.6027163077427815,-0.3642478178444491,-0.23846848989833241,40.72304183632816,12.652956452901991,42.71769256591797,43.88793716430664,45.6420573425293,43.07799770355225,SALASAR.NS,2023-11-22 11:03:42.516683
164,2023-03-21 00:00:00+05:30,43.11692313580452,43.11692313580452,42.06894314512286,42.31846237182617,802639,0.0,0.0,2023-03-21,44.017687225341795,1.8920198161314696,45.90970704147327,42.12566740921032,47.801726857604734,40.23364759307886,-90.09835139709169,-92.16712829282417,101695603,1345487.5079241842,1520747.389396782,33.9082249894606,56.9579041345558,42.50144288425118,42.93394262337951,41.88596263269785,43.549422874932844,41.45346289356952,43.98192261406117,40.837982642016186,-0.16446887899390103,-93.02322101552599,-0.47554796814645073,-0.304630695369866,-0.17091727277658475,42.49079593216012,12.93210590826769,43.01711502075195,44.017687225341795,45.83169189453125,42.94974481582641,SALASAR.NS,2023-11-22 11:03:42.516683
165,2023-03-20 00:00:00+05:30,42.967211781680646,43.366444083191084,42.11884790017271,42.667789459228516,1717597,0.0,0.0,2023-03-20,44.14743709564209,1.8580321153841606,46.00546921102625,42.28940498025793,47.863501326410415,40.431372864873765,-104.44432719498825,-85.41927018823979,102498242,2903026.1555924555,1564562.3597649315,33.89176165159054,63.679449340510274,42.71769381419744,43.31653972822217,42.068943545203794,43.96528999721581,41.470097631179065,44.56413591124054,40.82134736218542,-0.1531716218891939,-81.81817851077777,-0.36450598582855065,-0.26190137717571976,-0.10260460865283089,43.5139529564635,13.755411644495469,43.35646057128906,44.14743709564209,45.96243995666504,42.81600250244141,SALASAR.NS,2023-11-22 11:03:42.516683
166,2023-03-17 00:00:00+05:30,43.51615300389202,45.91153917968996,42.51807606520311,43.615962982177734,867115,0.0,0.0,2023-03-17,44.314614868164064,1.8682839093518,46.18289877751587,42.44633095881226,48.05118268686766,40.578047049460466,-50.64431479148491,-40.98520645373444,104215839,1498137.575939895,1229946.4108080503,33.854844199127804,72.08593418737428,44.01519274235693,45.51230941951075,42.1188463050239,47.40865585684378,40.62172962787008,48.9057725339976,38.72538319053705,-0.14097705606839034,-71.27657757564992,-0.25121920668345865,-0.23625022501251203,-0.014968981670946624,46.3254521844903,14.668219814221322,43.90540237426758,44.314614868164064,46.10516494750976,42.68126211166382,SALASAR.NS,2023-11-22 11:03:42.516683
167,2023-03-16 00:00:00+05:30,43.0171128551472,44.0151897548709,41.91922978839561,43.266632080078125,319640,0.0,0.0,2023-03-16,44.391965675354,1.8698600434763313,46.26182571883033,42.52210563187767,48.13168576230667,40.652245588401335,-74.9607377814678,-75.12128093556649,103348724,547827.3936619414,1162898.6195250892,33.83407058592479,68.42950824416279,43.067017207781554,44.214804627167496,42.118844660692204,45.162977174256845,40.97105724130626,46.31076459364279,40.02288469421691,-0.05703170142385011,-75.00002384299621,-0.19575217417929736,-0.23250797959477534,0.03675580541547799,45.11221734528031,15.741581621903407,44.73380584716797,44.391965675354,46.24090339660645,42.54203037261963,SALASAR.NS,2023-11-22 11:03:42.516683
168,2023-03-15 00:00:00+05:30,44.61403736758975,45.76182349697698,42.71768976966491,43.21672821044922,431155,0.0,0.0,2023-03-15,44.35703315734863,1.8982996715087193,46.25533282885735,42.458733485839915,48.15363250036607,40.56043381433119,-41.205466915985824,-51.24149363063971,103029084,738099.38617813,1316666.425990876,33.82666486482941,61.583976729760415,43.89874715903037,45.079804548395835,42.03567082108376,46.942880886342444,40.8546134317183,48.12393827570791,38.99153709377169,-0.06282476025391766,-75.53193892974942,-0.08736782138494448,-0.2416969309486448,0.15432910956370033,44.947145274602164,15.995061500762414,45.36259460449219,44.35703315734863,46.42953994750977,42.401800575256345,SALASAR.NS,2023-11-22 11:03:42.516683
169,2023-03-14 00:00:00+05:30,45.41249931880404,45.71192162976346,43.51615167045893,44.01519012451172,411610,0.0,0.0,2023-03-14,44.317110252380374,1.9316467098929937,46.24875696227337,42.38546354248738,48.18040367216636,40.453816832594384,-15.472177304878354,-38.14854298831265,103460239,717658.8286276452,1461308.1859440624,33.81670992337274,57.27541144735534,44.41442114157803,45.31269061269713,43.116920653392604,46.61019110088256,42.218651182273504,47.50846057200166,40.92115069408808,-0.02802178746117361,-67.02129754169823,0.05763552384378556,-0.2802792083395699,0.33791473218335544,47.04940995125357,16.636161641983595,46.34071044921875,44.317110252380374,46.640134201049804,42.27055347442627,SALASAR.NS,2023-11-22 11:03:42.516683
170,2023-03-13 00:00:00+05:30,46.90961380843278,48.25701608636882,44.51422775058961,45.412498474121094,488241,0.0,0.0,2023-03-13,44.16490364074707,2.0715554136965952,46.236459054443664,42.09334822705048,48.30801446814026,40.02179281335388,43.29464155472811,5.94839135403621,103871849,878292.5019572763,1647220.5252731666,33.806377601968656,54.549210534785416,46.06124743702651,47.608267123463406,43.8654787876842,49.80403577280572,42.3184591012473,51.351055459242616,40.12269045190499,-0.0541391153169505,-52.12767511260866,0.16377408000406035,-0.3647578913854087,0.5285319713894691,50.91951644393937,17.70636540701056,46.94953842163086,44.16490364074707,46.79184196472168,42.12383617401123,SALASAR.NS,2023-11-22 11:03:42.516683
171,2023-03-10 00:00:00+05:30,46.51038416408762,48.905770357608944,46.111155670075,47.75798034667969,1065647,0.0,0.0,2023-03-10,44.11999015808105,2.052734833068365,46.172724991149416,42.06725532501269,48.22545982421778,40.014520491944324,101.966374955779,43.22684955345358,104360090,2015992.21907747,1839452.5311021388,33.79241327234612,55.36278203426194,47.59163545812121,49.07211524616742,46.27750055863348,50.386250145655154,44.79702077058727,51.866729933701365,43.48288587109953,-0.036586342949456015,-27.12766603520829,0.1595684685355323,-0.496890884232776,0.6564593527683082,58.40804613299629,18.782770975284812,46.430538940429685,44.11999015808105,46.949538192749024,41.97013235092163,SALASAR.NS,2023-11-22 11:03:42.516683
172,2023-03-09 00:00:00+05:30,48.50653583450889,50.10346115950022,44.31461589888955,46.41057586669922,892558,0.0,0.0,2023-03-09,43.912889289855954,1.866913312230271,45.77980260208623,42.04597597762568,47.646715914316495,40.17906266539541,116.29711186352063,23.259827411475797,103294443,1640903.104118541,1795317.609108306,33.75564165765282,53.63082267001416,46.942884308363,49.57115271783645,43.78230745722578,52.73172956897367,41.15403904775233,55.35999797844712,37.993462196615106,-0.06314418392091499,-41.48937337754467,-0.07922811948350272,-0.661005722424853,0.5817776029413503,54.86738816823482,19.072180349898535,45.28274993896484,43.912889289855954,47.01042091369629,41.77550735473633,SALASAR.NS,2023-11-22 11:03:42.516683
173,2023-03-08 00:00:00+05:30,48.20711360132968,50.30307737978128,46.1111536302393,48.10730743408203,2056660,0.0,0.0,2023-03-08,43.755692100524904,1.7756678804362251,45.53135998096113,41.98002422008868,47.30702786139735,40.204356339652456,233.54824610503348,49.146961403562756,104187001,3919251.0566422935,1833921.235355747,33.72767143483994,65.06827733780675,48.17384614803421,50.236538665829116,46.04461491628714,52.365769897576186,43.98192239849223,54.428462415371094,41.85269116674516,-0.07255475954589523,-23.404260427935895,-0.25106076263883637,-0.8064501231601906,0.5553893605213542,60.93273738765412,19.383851984097927,44.54417266845703,43.755692100524904,47.05134208679199,41.598348712921144,SALASAR.NS,2023-11-22 11:03:42.516683
174,2023-03-06 00:00:00+05:30,42.91730909726385,47.059329986572266,41.819425968883074,47.059329986572266,1196712,0.0,0.0,2023-03-06,43.53611507415771,1.4510919411244296,44.987207015282145,42.08502313303328,46.43829895640657,40.63393119190886,172.03860868178782,-21.89950815212187,102130341,2230821.995563604,1312588.7800341102,33.65406302500403,59.29707746975603,45.312695314009204,48.805964659135334,43.56606064144614,50.552599331698396,40.07279129632001,54.045868676824526,38.32615662375695,-0.10180474285567798,-0.0,-0.6343570167596724,-0.9452974632905292,0.31094044653085684,58.28815814147829,18.673128298633916,43.366442108154295,43.53611507415771,47.017407455444335,41.40372371673584,SALASAR.NS,2023-11-22 11:03:42.516683
175,2023-03-03 00:00:00+05:30,42.16874955206208,43.316539524352656,42.16874955206208,42.817501068115234,161864,0.0,0.0,2023-03-03,43.48122062683105,1.3261853352478208,44.807405962078874,42.15503529158323,46.133591297326696,40.82884995633541,-44.10072772756136,-82.93068211387346,100933629,274537.1482747808,1083030.4761517367,33.61401531769053,50.036702519211254,42.76759671484333,43.366443877624576,42.218653905334,43.9153866871339,41.619806742552754,44.51423384991515,41.07086393304343,-0.17956850066627636,-67.24135176203133,-1.012271002329939,-1.0230325749232434,0.010761572593304347,44.09906893746399,19.26564174947139,42.46817245483398,43.48122062683105,46.96051696777344,41.22207368850708,SALASAR.NS,2023-11-22 11:03:42.516683
176,2023-03-02 00:00:00+05:30,42.91730605888117,43.11692219737145,41.719613035300625,42.01903533935547,186499,0.0,0.0,2023-03-02,43.615960884094235,1.390536995738177,45.00649787983241,42.22542388835606,46.39703487557059,40.83488689261788,-84.4086851750969,-97.37928004034615,100771765,310421.7319710081,1285153.8081209757,33.61029490873426,45.421402767919076,42.28519019067585,42.85076734605107,41.453458183980246,43.682499352746675,40.88788102860502,44.2480765081219,40.05614902190942,-0.11015032413853579,-70.67676288219701,-1.0630221054873203,-1.0257229680715694,-0.03729913741575097,40.55632078139698,19.122528112060596,42.51807632446289,43.615960884094235,47.08627464294434,41.08833137512207,SALASAR.NS,2023-11-22 11:03:42.516683
177,2023-03-01 00:00:00+05:30,42.218651076360715,43.56605714283589,41.76951572086899,42.717689514160156,1317197,0.0,0.0,2023-03-01,43.73822536468506,1.3496363628068762,45.08786172749193,42.38858900187818,46.43749809029881,41.038952639071304,-75.74763059059676,-92.1184279289732,100958264,2228886.8407236016,1528836.8271584674,33.606376607259804,47.52963575353536,42.68442079262167,43.59932586437436,41.80278444240746,44.48096221458857,40.88787937065477,45.39586728634126,40.00624302044056,-0.11834180353218025,-60.15043747621833,-1.0332557247959997,-1.0163981837176317,-0.01685754107836801,42.758042484372865,18.799026150261557,42.75761489868164,43.73822536468506,47.27091888427734,40.96706506729126,SALASAR.NS,2023-11-22 11:03:42.516683
178,2023-02-28 00:00:00+05:30,43.416347745644636,44.11500237888592,40.97105843298087,42.21865463256836,928380,0.0,0.0,2023-02-28,43.89292755126953,1.40278171210982,45.29570926337935,42.49014583915971,46.69849097548917,41.08736412704989,-90.78940332428749,-100.75986902610784,99641067,1552600.4154221322,1353824.3237671838,33.57629134842797,44.93627960062849,42.43490514814505,43.89875186330923,40.75480791740418,45.5788490940501,39.29096120224,47.04269580921428,37.61086397149913,-0.14362513670917465,-67.66918386320985,-1.0482971981750566,-1.0121837984480395,-0.036113399727017104,40.61992330583293,18.47563351190683,42.92728881835937,43.89292755126953,47.54139778137207,40.8393112373352,SALASAR.NS,2023-11-22 11:03:42.516683
179,2023-02-27 00:00:00+05:30,43.21672942683337,43.61596171364212,40.921153296086146,42.5679817199707,241715,0.0,0.0,2023-02-27,44.1698938369751,1.58926283708461,45.75915667405971,42.58063099989049,47.34841951114432,40.99136816280588,-93.07359759622035,-106.22942487361524,100569447,407583.12417716655,1304130.3008534466,33.556131268367416,37.061593105673836,42.368365576566326,43.815577857046506,41.12076943949053,45.0631739941223,39.67355715901035,46.51038627460248,38.425961021934555,-0.12144325546735465,-62.40602116022052,-1.0025241765388273,-1.0031554485162852,0.0006312719774579367,41.630674435566014,18.127364516755584,43.34648132324219,44.1698938369751,47.73602272033691,40.71455160140991,SALASAR.NS,2023-11-22 11:03:42.516683
180,2023-02-24 00:00:00+05:30,43.316539645073874,43.91538427128322,42.81750118744566,43.067020416259766,183618,0.0,0.0,2023-02-24,44.322100448608396,1.573462663586971,45.89556311219537,42.74863778502142,47.469025775782335,41.17517512143446,-36.644563263675124,-91.54785259129324,100811162,313248.94090492,1528267.0950225163,33.55065461335302,35.22622926688899,43.26663529166288,43.7157693958801,42.617886312042536,44.364518375500445,42.168752207825314,44.81365247971767,41.52000322820497,-0.12062433043443066,-55.22386181941839,-0.9631345032557306,-1.0033132665106497,0.04017876325491909,43.051736636825936,17.393444273044565,43.81557693481445,44.322100448608396,47.88673233032227,40.58829484939575,SALASAR.NS,2023-11-22 11:03:42.516683
181,2023-02-23 00:00:00+05:30,43.91538278901949,43.91538278901949,42.91730590745086,43.21672821044922,1466307,0.0,0.0,2023-02-23,44.416917610168454,1.5508248576062267,45.967742467774684,42.866092752562224,47.51856732538091,41.315267894956,-39.414559037360426,-93.87046677654716,100994780,2510188.4395372774,1832021.6335519152,33.54625935178862,42.85566723634829,43.349805635639854,43.78230536382885,42.78422848226022,44.34788251720848,42.351728754071225,44.780382245397476,41.78615160069159,-0.16537410486549575,-55.3192062044327,-0.9472585885618088,-1.0133579573243794,0.06609936876257061,43.46504706851344,17.462740877165544,44.404441833496094,44.416917610168454,48.007499618530275,40.45804580688477,SALASAR.NS,2023-11-22 11:03:42.516683
182,2023-02-22 00:00:00+05:30,44.56413603327287,44.813655263453875,43.4163460514957,43.56605911254883,1283208,0.0,0.0,2023-02-22,44.621523475646974,1.6508629047805798,46.272386380427555,42.97066057086639,47.923249285208136,41.31979766608581,-3.935549380770878,-86.52518029867097,102461087,2214495.8326621763,1662479.9320555744,33.5104599687569,41.824798891408726,43.93202014249946,44.44769423350322,43.05038502154505,45.329329354457634,42.53471093054129,45.845003445461394,41.65307580958687,-0.148526701807063,-50.35460908205701,-0.9273241534410985,-1.029882799515022,0.1025586460739234,44.38835560395984,17.586241051052262,44.79369201660156,44.621523475646974,48.13026313781738,40.32929389953613,SALASAR.NS,2023-11-22 11:03:42.516683
183,2023-02-21 00:00:00+05:30,44.91346179125462,45.21288410839072,43.915384862560074,44.31461715698242,1012368,0.0,0.0,2023-02-21,44.868547439575195,1.8430600609021484,46.71160750047734,43.02548737867305,48.55466756137949,41.1824273177709,36.706753497258866,-79.03450106489439,103744295,1777112.5880989358,1524475.9569039238,33.477777310929795,44.43198215388506,44.4809620426444,45.046539222728725,43.74903997689808,45.77846128847504,43.18346279681376,46.34403846855937,42.45154073106744,-0.11399533915379192,-40.55941267420572,-0.9221554707518109,-1.0555224610335028,0.13336699028169186,46.34738271332933,17.956258610649126,44.594076538085936,44.868547439575195,48.23206695556641,40.19006216049194,SALASAR.NS,2023-11-22 11:03:42.516683
184,2023-02-20 00:00:00+05:30,46.360672021034404,46.360672021034404,44.41442133585612,44.91345977783203,314626,0.0,0.0,2023-02-20,45.12056179046631,2.091220629584853,47.211782420051165,43.02934116088146,49.30300304963602,40.938120531296605,88.43070284428696,-62.86737769388808,104756663,559758.4422446885,1461316.7991051706,33.449918122184854,46.87019001906711,45.22951771157418,46.044614087292246,44.09836340211396,47.17576839675247,43.2832670263959,47.99086477247053,42.152112716935676,-0.11049660728924501,-44.88640742893062,-0.975287563643036,-1.0888642086039257,0.1135766449608897,47.91839266050644,18.59091620145165,44.21480712890625,45.12056179046631,48.31191307067871,40.04733715057373,SALASAR.NS,2023-11-22 11:03:42.516683
185,2023-02-17 00:00:00+05:30,45.91153873970011,46.709999521526974,44.913461810576194,46.01134490966797,654627,0.0,0.0,2023-02-17,45.38505229949951,2.378442626248601,47.76349492574811,43.006609673250914,50.14193755199672,40.62816704700231,118.17708292558687,-48.635893929984185,105071289,1193131.671244786,1686706.3883202912,33.4407519514162,49.51747933084331,45.878268747257046,46.8430756839379,45.04653797298712,47.674806458207826,44.081731036306266,48.63961339488868,43.25000026203634,-0.1351128035942063,-32.386400574870365,-1.087512583661045,-1.117258369844148,0.029745786183102974,50.85283544032733,19.509090810671697,43.426326751708984,45.38505229949951,48.279974670410155,39.8996217918396,SALASAR.NS,2023-11-22 11:03:42.516683
186,2023-02-16 00:00:00+05:30,42.917306130762256,46.31076906869723,42.31846152164958,45.16297912597656,2163484,0.0,0.0,2023-02-16,45.67199935913086,2.7716609482672676,48.443660307398126,42.90033841086359,51.215321255665394,40.12867746259632,47.652601802194845,-80.33318870355373,104416662,3870488.684445879,1810100.0675891673,33.419803721787595,44.01739611379462,44.59740323877446,46.87634495589934,42.88403740885169,48.58971078582211,40.60509569172681,50.86865250294699,38.89172986180404,-0.17215018605979743,-42.04549678028056,-1.32284220433975,-1.1246948163899237,-0.19814738794982634,48.59403166469163,20.730491339338883,43.12690353393555,45.67199935913086,48.243045806884766,39.74442083358765,SALASAR.NS,2023-11-22 11:03:42.516683
187,2023-02-15 00:00:00+05:30,42.76759405601383,43.61596171364212,41.569904810310064,42.5679817199707,370024,0.0,0.0,2023-02-15,46.013840675354004,3.106909976612778,49.12075065196678,42.90693069874123,52.22766062857956,39.80002072212845,-92.80178556125863,-130.32514677543156,102253178,623939.5070249337,1295002.9133749893,33.354770487393,28.797876948688767,42.58461608130763,43.599327352305195,41.55327044897314,44.63067298463969,40.53855917797557,45.64538425563725,39.50721354564108,-0.05165536749107176,-71.59092409388145,-1.520541191446064,-1.075157969402467,-0.4453832220435969,40.909978911270194,21.84929150902009,42.817500305175784,46.013840675354004,48.1931420135498,39.6116766166687,SALASAR.NS,2023-11-22 11:03:42.516683
188,2023-02-14 00:00:00+05:30,41.86932855347165,42.81750241154462,41.66971240324133,42.418270111083984,926387,0.0,0.0,2023-02-14,46.36316757202148,3.0918124519502226,49.45498002397171,43.271355120071256,52.546792475921926,40.17954266812104,-132.44610639867065,-144.71402344287503,101883154,1556592.5146263856,1462768.7649625032,33.34603577551046,25.12193762053461,42.30182830862331,42.93394421400529,41.78615420570199,43.4496183169266,41.15403830032001,44.08173422230858,40.638364197398694,-0.06107459537168645,-73.29547048307148,-1.495049374476352,-0.9638121638915677,-0.5312372105847843,40.43112503986699,21.561049714667615,42.95723037719726,46.36316757202148,48.206116943359376,39.51286699295044,SALASAR.NS,2023-11-22 11:03:42.516683
189,2023-02-13 00:00:00+05:30,46.21096186090586,46.66009724829758,40.07279092442366,40.9710578918457,972507,0.0,0.0,2023-02-13,46.749922370910646,3.0559569424939843,49.80587931340463,43.69396542841666,52.861836255898616,40.638008485922676,-138.4246816383593,-150.4717848877023,100956767,1578335.9413019605,1439312.8275465325,33.32445105533964,25.320949069516033,42.56798202152231,45.063173118620966,38.47586679474704,49.15528834539624,35.98067569764839,51.65047944249489,31.888560470873117,-0.09146495901973768,-90.67359694810706,-1.4250155355948309,-0.8310028612453715,-0.5940126743494594,35.75808623008196,20.73901223689939,43.216729736328126,46.749922370910646,48.19214385986328,39.41156217575073,SALASAR.NS,2023-11-22 11:03:42.516683
190,2023-02-10 00:00:00+05:30,43.86548111141857,45.16298033754427,43.51615190726389,44.51422882080078,313091,0.0,0.0,2023-02-10,47.24147529602051,2.862011622536954,50.103486918557465,44.379463673483556,52.96549854109442,41.5174520509466,-54.783444588449996,-118.19665699198414,101929274,552076.1300321019,1404557.0491076754,33.3053046485107,25.773852059440813,44.39778702186965,45.279422136475404,43.632593706195024,46.044615452150026,42.75095859158927,46.92625056675578,41.985765275914645,-0.09298466361060706,-77.84809981281785,-1.1712313788352589,-0.6824996926580065,-0.4887316861772524,43.49287987497682,19.85374110699515,44.214806365966794,47.24147529602051,48.193141860961916,39.331716022491456,SALASAR.NS,2023-11-22 11:03:42.516683
191,2023-02-09 00:00:00+05:30,43.81557913138779,45.212884561135446,42.86740527816105,43.615962982177734,712393,0.0,0.0,2023-02-09,47.598287963867186,2.947668684257368,50.54595664812455,44.65061927960982,53.493625332381924,41.70295059535245,-100.58057913110537,-141.11751460798138,101616183,1230820.2742848971,1617677.2788765687,33.29626169011399,21.73274337324513,43.898750940491404,44.930096602821756,42.58461731984736,46.2442302234658,41.55327165751701,47.27557588579615,40.239138036872966,-0.05804634936060211,-91.0052520990565,-1.1775134760047763,-0.5603167711136933,-0.617196704891083,40.452022551062086,20.17827085211947,44.41442184448242,47.598287963867186,48.078363037109376,39.21743623733521,SALASAR.NS,2023-11-22 11:03:42.516683
192,2023-02-08 00:00:00+05:30,44.364518954190935,44.56413509560792,42.767593630216275,43.266632080078125,927093,0.0,0.0,2023-02-08,47.92266292572022,2.841412419752232,50.76407534547245,45.081250505967986,53.60548776522468,42.239838086215755,-147.6189843886428,-163.88061584548663,100903790,1588934.2443756408,1714391.5300244864,33.27728323994651,27.4310195003452,43.53278693530077,44.297980240385264,42.50143877499362,45.32932840069241,41.73624546990913,46.094521705776906,40.70489730960198,-0.0545882120979883,-95.45454561560452,-1.0792497757588677,-0.4060175948909225,-0.6732321808679452,39.271910238855334,20.527764423791815,44.58409423828125,47.92266292572022,47.911684112548826,39.111640033721926,SALASAR.NS,2023-11-22 11:03:42.516683
193,2023-02-07 00:00:00+05:30,46.31076909840036,46.75990065184235,42.91730615828886,43.71576690673828,822981,0.0,0.0,2023-02-07,48.3293794631958,2.7194276331986944,51.04880709639449,45.60995182999711,53.76823472959319,42.89052419679841,-110.38012263740653,-151.51089743185742,101830883,1425139.7149690092,1745755.8514366976,33.253318368795235,45.67377807634415,44.46432457228983,46.011342986290806,42.168748492737315,48.306919065843324,40.62173007873634,49.8539374798443,38.32615399918382,-0.10439198367930635,-91.78085452158044,-0.9026863922711996,-0.23770954967393615,-0.6649768425972635,40.22360370903726,20.53513200679011,45.09311447143555,48.3293794631958,47.69310531616211,39.01931791305542,SALASAR.NS,2023-11-22 11:03:42.516683
194,2023-02-06 00:00:00+05:30,45.51230566812859,47.10923101188125,44.96336412795413,45.96144104003906,1414603,0.0,0.0,2023-02-06,48.70365829467774,2.561573430268769,51.2652317249465,46.14208486440897,53.826805155215276,43.5805114341402,-39.13667441201651,-110.27373158265713,102653864,2575477.4041644563,1825909.8855536198,33.23098965875935,45.38399704201421,46.011345393291485,47.05932665862884,44.91345977470172,48.157212277218605,43.865478509364365,49.20519354255596,42.7675928907746,0.006588936321975928,-71.23289221265719,-0.7071876661547094,-0.07146533902462024,-0.6357223271300891,45.32300355968008,20.597965082933644,45.90155715942383,48.70365829467774,47.47552459716797,38.911525592803955,SALASAR.NS,2023-11-22 11:03:42.516683
195,2023-02-03 00:00:00+05:30,45.31269387445952,46.26086390641054,42.81750156435407,45.512306213378906,1740570,0.0,0.0,2023-02-03,48.84837951660156,2.478922062512257,51.327301579113815,46.36945745408931,53.806223641626076,43.890535391577046,-99.85873706902159,-140.09445908143775,101239261,3137977.8163984935,1638518.0059009106,33.184117499900246,36.462512539059475,44.86355722804783,46.909612891741595,43.46625054968512,48.306919570104306,41.42019488599136,50.35297523379807,40.02288820762865,0.006483465856891026,-75.34248467444183,-0.6673399668131523,0.08746524275790205,-0.7548052095710543,44.004639214494134,21.458857144152464,45.83169174194336,48.84837951660156,47.20404769897461,38.78575437545776,SALASAR.NS,2023-11-22 11:03:42.516683
196,2023-02-02 00:00:00+05:30,45.86163412838575,47.20903641491534,43.81557725324923,44.464324951171875,463746,0.0,0.0,2023-02-02,49.06296615600586,2.3577307187265317,51.420696874732386,46.70523543727933,53.77842759345892,44.34750471855279,-97.06260095453409,-128.50053031745807,99498691,816810.6890364045,1263653.0532765149,33.12801279187492,45.648569906045445,45.16297953977881,46.51038182630839,43.11692266464228,48.55643870144492,41.7695203781127,49.9038409879745,39.72346350297617,-0.04732574368776866,-93.46735807410198,-0.5619786496242796,0.27616654515066563,-0.8381451947749452,40.91805833887157,21.948115926683013,45.721903228759764,49.06296615600586,46.93556503295898,38.66845472335815,SALASAR.NS,2023-11-22 11:03:42.516683
197,2023-02-01 00:00:00+05:30,48.556444841448496,48.85586716313246,45.36259785964297,45.81173324584961,331306,0.0,0.0,2023-02-01,49.35989418029785,2.1089227284279892,51.46881690872584,47.25097145186986,53.577739637153826,45.142048723441874,-63.70615389863927,-79.14557610177228,99962437,601222.9590592766,1375363.6443365423,33.114250605913824,52.50236118306275,46.676732756208345,47.99086765277372,44.49759834928423,50.170002059697836,43.183463452718854,51.484136956263214,41.00432904579474,-0.10628453468658015,-80.71061267652681,-0.31535913210262123,0.4857028438444019,-0.8010619759470231,43.800528005125564,22.868570772201313,46.2908073425293,49.35989418029785,46.67706314086914,38.56213243484497,SALASAR.NS,2023-11-22 11:03:42.516683
198,2023-01-31 00:00:00+05:30,46.210961841737806,47.85779032570389,46.1610587559064,47.75798034667969,302510,0.0,0.0,2023-01-31,49.70423049926758,2.060771056735994,51.765001556003575,47.64345944253159,53.82577261273957,45.58268838579559,-57.559147819981526,-56.351011861335195,100293743,572288.7655979183,1568898.8156558587,33.103228636515546,49.224176416056096,47.25894314276332,48.35682752962024,46.660095959822755,48.95567471256081,45.562211572965836,50.053559099417726,44.96336439002527,-0.12498546897716234,-60.913687288588854,-0.12753254956811588,0.6859683378311576,-0.8135008873992735,48.370882638467414,24.517450232176664,46.829768371582034,49.70423049926758,46.418561172485354,38.44183851242065,SALASAR.NS,2023-11-22 11:03:42.516683
199,2023-01-30 00:00:00+05:30,44.86355629632658,47.20903542982057,43.91538250352818,45.61211395263672,639242,0.0,0.0,2023-01-30,50.00365352630615,2.193858194822498,52.19751172112865,47.809795331483656,54.391369915951145,45.61593713666116,-135.16071888290068,-92.51343142627005,99991233,1154981.5179590124,1818051.3281703435,33.09160412186738,56.453087151908825,45.578843961995155,47.24230542046213,43.94865249416974,48.87249688828754,42.285191035702766,50.53595834675452,40.654999567877354,-0.0678861954080838,-82.74110934472637,-0.07680114625995316,0.8893435596809759,-0.966144705940929,42.19569906251706,25.822460435540936,47.14915313720703,50.00365352630615,46.12412841796875,38.299594478607176,SALASAR.NS,2023-11-22 11:03:42.516683
200,2023-01-27 00:00:00+05:30,47.907691268119706,47.907691268119706,44.96336364746094,44.96336364746094,995887,0.0,0.0,2023-01-27,50.30307674407959,1.9590374310062881,52.26211417508588,48.3440393130733,54.221151606092164,46.385001882067016,-174.89481068115606,-74.96594312097032,99351991,1773774.4236522699,1983818.7807231762,33.07058219540406,63.23723822227433,45.944806187680534,46.92624872790013,43.98192110724136,48.8891338083393,43.000478567021766,49.8705763485589,41.037593486582594,-0.1179483251000703,-100.0,0.20064940354427563,1.1308797361662082,-0.9302303326219326,40.187353674732684,26.915226212317172,48.06738433837891,50.30307674407959,45.85863998413086,38.17134614944458,SALASAR.NS,2023-11-22 11:03:42.516683
201,2023-01-25 00:00:00+05:30,48.556441616988806,48.556441616988806,46.61019094424451,47.30884552001953,512277,0.0,0.0,2023-01-25,50.719774055480954,1.620573137244846,52.3403471927258,49.09920091823611,53.96092032997065,47.47862778099126,-167.0666398960381,-29.240022034612103,100347878,960012.1732014542,2036329.8699909025,33.0393921368287,64.7459455022885,47.49182602708428,48.37346110992405,46.42721043717975,49.43807669982858,45.54557535433998,50.31971178266835,44.480959764435454,0.02584072889853462,-90.20977857524889,0.6167221162496617,1.3634373193216913,-0.7467152030720297,45.49375173347944,28.500569310751025,49.4247688293457,50.719774055480954,45.59215347290039,38.03913717269897,SALASAR.NS,2023-11-22 11:03:42.516683
202,2023-01-24 00:00:00+05:30,48.955673781419435,49.704231496142555,48.107309894344475,48.50653839111328,723581,0.0,0.0,2023-01-24,50.894437599182126,1.407892943873409,52.30233054305553,49.48654465530872,53.710223486928946,48.078651711435306,-145.46694768743097,5.6508283544670626,100860155,1390327.0415737214,2305409.2941882643,33.02011594838224,64.3445449685069,48.77269326053344,49.4380766267224,47.84115502492432,50.36961486233152,47.17577165873536,51.03499822852048,46.24423342312624,0.10729760534206696,-91.30431076378267,0.9090825698212299,1.5501161200896987,-0.6410335502684688,48.53232874300216,30.48532724072107,50.36296081542969,50.894437599182126,45.2627880859375,37.88496595382691,SALASAR.NS,2023-11-22 11:03:42.516683
203,2023-01-23 00:00:00+05:30,50.65240340195391,50.65240340195391,48.85586571764258,49.35490417480469,660075,0.0,0.0,2023-01-23,50.89194240570068,1.4123847877500766,52.30432719345076,49.479557617950604,53.71671198120084,48.067172830200526,-114.61723935848042,25.80924329605345,101583736,1290485.502120398,2534179.8573418995,32.99051015631857,59.584075819804724,49.62105776480039,50.3862498119582,48.58971212764687,51.41759544911172,47.82452008048906,52.18278749626953,46.79317444333554,0.14870369895727442,-76.52169456673866,1.1516639651980185,1.7103745076568158,-0.5587105424587973,50.762372594431646,31.92527209264858,50.572557067871095,50.89194240570068,44.88651309967041,37.72031042098999,SALASAR.NS,2023-11-22 11:03:42.516683
204,2023-01-20 00:00:00+05:30,51.90000153952993,52.19942386386263,49.953750720325274,50.203269958496094,783719,0.0,0.0,2023-01-20,50.74472599029541,1.7043055548110988,52.44903154510651,49.04042043548431,54.15333709991761,47.33611488067321,-17.46872826875972,46.823463341193644,102243811,1558554.2137670526,2845103.4461472747,32.96192176715636,64.53438156083791,50.785481514227996,51.61721230813072,49.371539164593365,53.03115465776535,48.53980837069064,53.86288545166807,47.12586602105601,0.20422942100156602,-69.23073269842192,1.3612410311093228,1.850052143271515,-0.4888111121621921,53.02481074822692,33.10849513638167,50.7322494506836,50.74472599029541,44.4882804107666,37.56060457229614,SALASAR.NS,2023-11-22 11:03:42.516683
205,2023-01-19 00:00:00+05:30,51.50076687555799,53.74643991619037,50.95182533820899,51.75028610229492,1366351,0.0,0.0,2023-01-19,50.44530277252197,2.2447844981773675,52.69008727069934,48.2005182743446,54.934871768876704,45.955733776167236,114.89932014560564,67.48177752478735,103027530,2800944.906804364,3166740.7542423303,32.9260849167796,70.91375420575828,52.149517118898096,53.3472088995872,50.552594321605824,54.944131696879474,49.35490254091672,56.14182347756858,47.757979743624446,0.1282760174400507,-47.55245723568519,1.5253871439032949,1.9722549213120628,-0.44686777740876793,57.353137875115934,33.82860117555696,50.85201873779297,50.44530277252197,44.05711116790771,37.38047430038452,SALASAR.NS,2023-11-22 11:03:42.516683
206,2023-01-18 00:00:00+05:30,49.55452006859735,51.99980545043945,49.30500084127785,51.99980545043945,2944630,0.0,0.0,2023-01-18,50.31305770874023,2.241765221927807,52.55482293066804,48.071292486812425,54.796588152595845,45.82952726488462,52.09807296738832,55.51831762535575,104393881,6065435.427538417,3258189.7161018215,32.857622265860606,71.3053178331126,51.101537247385586,52.89807365349332,50.20326904433172,53.79634185654719,48.406732638223986,55.59287826265492,47.50846443517012,0.11528297247280747,-44.05595257150176,1.560074332577443,2.0839718656642545,-0.5238975330868114,58.06298352378089,34.08006849974399,50.83205795288086,50.31305770874023,43.6109708404541,37.19034669876098,SALASAR.NS,2023-11-22 11:03:42.516683
207,2023-01-17 00:00:00+05:30,50.30307732900575,50.30307732900575,49.10538428643681,49.55451965332031,821737,0.0,0.0,2023-01-17,50.27562980651855,2.218247054501526,52.49387686102008,48.05738275201703,54.7121239155216,45.8391356975155,-85.27123011765093,40.376694694014965,101449251,1613041.8878046277,2556378.2882426726,32.70640043555427,71.17606482070146,49.65432708958762,50.203269892738426,49.00557685016948,50.85202013215656,48.456634047018674,51.40096293530737,47.80788380760054,-0.08254107621568478,-78.32164482529882,1.5562730802660738,2.2149462489359575,-0.6586731686698837,52.74018330827795,34.87567411258353,50.452789306640625,50.27562980651855,43.17181705474854,36.998221454620364,SALASAR.NS,2023-11-22 11:03:42.516683
208,2023-01-16 00:00:00+05:30,51.00172996245074,51.60057840912269,49.35490530066595,50.15336608886719,971202,0.0,0.0,2023-01-16,50.609985542297366,2.578546258380913,53.18853180067828,48.031439283916455,55.767078059059195,45.45289302553554,-41.92938335959173,50.776413931255085,102270988,1929475.1380560545,2792212.3883521836,32.66917540599844,76.66925976238146,50.36961659955194,51.38432789843793,49.13865478998119,52.61528970800868,48.1239434910952,53.63000100689467,46.89298168152445,0.015649692087023336,-62.89305743123178,1.768650031488761,2.379614541103428,-0.610964509614667,54.307671584323906,36.302929253892835,50.822077941894534,50.609985542297366,42.78156898498535,36.82308610916138,SALASAR.NS,2023-11-22 11:03:42.516683
209,2023-01-13 00:00:00+05:30,50.75220950250454,53.297308676513424,50.602500249973076,50.80211639404297,849744,0.0,0.0,2023-01-13,50.69981231689453,2.5930535951787284,53.29286591207326,48.1067587217158,55.885919507251984,45.513705126537076,22.657998907791875,65.80215979438788,103242190,1710013.1272220102,3007896.700926216,32.62339902550938,81.00573663189118,51.5673084401765,52.53211663037992,49.83730820383957,54.262116866716845,48.87250001363615,55.226925056920265,47.14249977729922,0.06663255737602512,-47.02701239996288,1.9547818574853366,2.5323556685070945,-0.5775738110217579,55.98139545132104,37.71955861078691,51.031673431396484,50.69981231689453,42.33842281341553,36.61310548782349,SALASAR.NS,2023-11-22 11:03:42.516683
210,2023-01-12 00:00:00+05:30,50.45278907590883,52.29923371837029,49.65432827714561,51.650482177734375,1275542,0.0,0.0,2023-01-12,50.664879608154294,2.5963068247222982,53.26118643287659,48.068572783431996,55.85749325759889,45.4722659587097,-6.968865103134121,64.42429096349159,104091934,2609748.6156796077,3332367.594352267,32.581660828359276,75.48049024293223,51.20134805775009,52.74836783835457,50.10346239712989,53.84625349897477,48.55644261652541,55.39327327957925,47.45855695590521,0.07090961422608723,-27.559033361269876,2.0995770159032503,2.676749121262534,-0.5771721053592835,58.157861728157286,38.64081249599373,50.64242324829102,50.664879608154294,41.88429779052734,36.39365219116211,SALASAR.NS,2023-11-22 11:03:42.516683
211,2023-01-11 00:00:00+05:30,50.80211682573915,51.550674516841234,49.105385297768834,50.10346221923828,1178944,0.0,0.0,2023-01-11,50.537624740600585,2.607803158497432,53.14542789909802,47.92982158210315,55.75323105759545,45.32201842360572,-64.48078600497396,57.55078648064596,102816392,2339863.0873085996,3513022.339020432,32.51571302531484,66.64119432412213,50.25317401128279,51.40096272479674,48.95567350572434,52.69846323035519,47.80788479221039,53.84625194386914,46.51038428665194,0.05256733304633982,-39.76376300839007,2.1695957473640917,2.821042147602354,-0.6514464002382625,55.209198706685605,39.930450133247035,50.27313461303711,50.537624740600585,41.408215065002445,36.16073993682861,SALASAR.NS,2023-11-22 11:03:42.516683
212,2023-01-10 00:00:00+05:30,52.89807825181091,53.09769440291266,51.00173052738633,51.400962829589844,2521453,0.0,0.0,2023-01-10,50.500196838378905,2.619706922543467,53.11990376092237,47.88048991583544,55.73961068346584,45.26078299329197,24.242473642556696,75.19808400386556,103995336,5133950.344858432,3806312.1519483896,32.45931347961678,60.93748241141231,51.833462586629615,52.6651946458729,50.56923077034657,53.929426462155945,49.737498711103285,54.76115852139923,48.47326689482024,0.07630034940155152,-29.527538143063456,2.3787263048080547,2.9839037476619197,-0.605177442853865,58.4152032697765,41.545489025065,50.3330192565918,50.500196838378905,40.967065048217776,35.94976577758789,SALASAR.NS,2023-11-22 11:03:42.516683
213,2023-01-09 00:00:00+05:30,49.30499973568813,51.2512466192496,49.25509284545431,51.20134353637695,1992490,0.0,0.0,2023-01-09,50.36296119689941,2.641834599651704,53.004795796551115,47.72112659724771,55.64663039620282,45.079291997596,-16.227720941021154,66.30898062990205,101473883,4041169.252489959,3474402.6037208787,32.328506877859404,46.75823289861661,50.56922766702695,51.883362488599595,49.8872087148043,52.56538144082224,48.57307389323166,53.87951626239489,47.89105494100901,0.0669737565044109,-45.14107316771667,2.482651332564444,3.135198108375386,-0.6525467758109418,58.06734121950209,42.39600680940775,50.59251861572265,50.36296119689941,40.51393806457519,35.727309188842774,SALASAR.NS,2023-11-22 11:03:42.516683
214,2023-01-06 00:00:00+05:30,49.90384547195442,50.15336469931419,48.007497821075646,48.855865478515625,510870,0.0,0.0,2023-01-06,50.21824016571045,2.6725902665905803,52.89083043230103,47.545649899119866,55.563420698891605,44.87305963252929,-43.92281169322607,55.045967650892,99481393,988682.0372934899,3332710.9415286086,32.22495194835281,57.21857403429802,49.00557599963515,50.00365417819465,47.85778729995611,51.15144287787369,46.859709121396605,52.149521056433194,45.711920421717565,0.09496109082131896,-59.874597985434136,2.5977504070907287,3.298334802328121,-0.7005843952373922,53.85578166600717,43.82680706844858,51.1015380859375,50.21824016571045,40.06779773712158,35.50983400344849,SALASAR.NS,2023-11-22 11:03:42.516683
215,2023-01-05 00:00:00+05:30,50.802115904842005,51.400960523923814,48.75605520702984,49.804039001464844,595092,0.0,0.0,2023-01-05,49.941273880004886,3.0775522835453533,53.01882616355024,46.863721596459534,56.09637844709559,43.78616931291418,-2.3455342979697256,65.99239045333789,99992263,1174027.335476007,3918718.1675873883,32.201521782168676,61.886326693454656,49.9870182441395,51.21798128124916,48.57307596435518,52.631923561033474,47.34211292724552,53.862886598143135,45.92817064746121,0.08259316178860408,-53.91848252101871,2.936746297491922,3.473480901137469,-0.5367346036455469,55.96579037160355,45.696801698277994,51.65048065185547,49.941273880004886,39.66956504821778,35.31382345199585,SALASAR.NS,2023-11-22 11:03:42.516683
216,2023-01-04 00:00:00+05:30,51.94990393152693,53.24740319120545,50.10346311667996,50.40288543701172,2050914,0.0,0.0,2023-01-04,49.65931701660156,3.3380807707498423,52.9973977873514,46.32123624585172,56.335478558101244,42.98315547510188,32.42162491511278,79.46368045312623,100587355,4094797.0480295457,4604890.875615234,32.17258694413121,66.51932927754595,51.25125058163238,52.39903804658479,49.2550979720593,54.395190656157865,48.10731050710689,55.54297812111028,46.111157897533815,0.10024875033749656,-50.15672538559844,3.232886881465248,3.6076645520488553,-0.3747776705836072,57.28196272960273,47.37177863653221,52.349134826660155,49.65931701660156,39.25735927581787,35.11131637573242,SALASAR.NS,2023-11-22 11:03:42.516683
217,2023-01-03 00:00:00+05:30,53.9460557518236,55.14374879481213,52.04971192383956,52.69845962524414,1353288,0.0,0.0,2023-01-03,49.272562217712405,3.678170737496584,52.95073295520899,45.59439148021582,56.62890369270557,41.91622074271924,74.76480224575202,100.02391266171925,102638269,2824995.0047950633,4732414.332511656,32.068721585752336,71.58814032081001,53.29730678129861,54.54490163875766,51.450864767785085,56.39134365227118,50.203269910326036,57.63893850973023,48.35682789681251,0.11227904599202265,-35.736680329166,3.5040761334838066,3.701358969694757,-0.19728283621095022,62.51516351484714,48.549781072925285,52.42898101806641,49.272562217712405,38.843157348632815,34.89187515258789,SALASAR.NS,2023-11-22 11:03:42.516683
218,2023-01-02 00:00:00+05:30,51.85009701439811,54.14567318038935,51.85009701439811,53.74644088745117,2226997,0.0,0.0,2023-01-02,48.798475646972655,3.82162166222682,52.62009730919947,44.97685398474584,56.4417189714263,41.15523232251901,63.181803806907446,104.27300720598166,103991557,4741315.711597023,5209269.164440803,31.990873272599245,72.29742720923166,53.247403694079544,54.64471037376098,52.34913420776974,55.54297986007079,50.9518275280883,56.94028653975222,50.053558041778494,0.17260967617084516,-29.153605342180537,3.5721092158864423,3.750679678747494,-0.17857046286105183,65.03379956549227,48.837532178097376,51.58061599731445,48.798475646972655,38.37406120300293,34.645995464324955,SALASAR.NS,2023-11-22 11:03:42.516683
219,2022-12-30 00:00:00+05:30,53.89615449745054,54.744518369373274,51.30115598903635,51.60057830810547,1631720,0.0,0.0,2022-12-30,48.19713439941406,3.9462621842981607,52.143396583712224,44.2508722151159,56.08965876801038,40.30461003081774,54.50152926724016,103.53322388542966,101764560,3335260.3312923387,5326257.527651748,31.854929083351983,74.35114413570176,52.54875088883836,53.79634578864037,50.35298340830345,55.992113269175285,49.10538850850144,57.239708168977295,46.90962102796653,0.17193248151857696,-42.633211114757906,3.501879034716609,3.7953222944627565,-0.2934432597461476,62.13308897482539,49.352032904016326,50.113442993164064,48.19713439941406,37.90097274780273,34.380182876586915,SALASAR.NS,2023-11-22 11:03:42.516683
220,2022-12-29 00:00:00+05:30,50.802117536886044,53.29730987548828,50.35298215446537,53.29730987548828,2784020,0.0,0.0,2022-12-29,47.66815338134766,4.168834110695634,51.83698749204329,43.49931927065202,56.005821602738926,39.33048515995639,59.7884064363884,106.83199434361727,103396280,5877696.705459064,5824006.8267415995,31.764109270282272,75.80372887963006,52.315867301813974,54.278752449162575,51.334424728139666,55.26019502283688,49.371539580791065,57.22308017018548,48.39009700711676,0.23164472154630056,-31.97489923106715,3.5702392986890246,3.8686831093992935,-0.29844381071026893,66.1630144989816,49.90611060885212,48.636288452148435,47.66815338134766,37.45583038330078,34.14677459716797,SALASAR.NS,2023-11-22 11:03:42.516683
221,2022-12-28 00:00:00+05:30,48.40673027992682,50.85201947822012,47.20903722286875,50.80211639404297,2382225,0.0,0.0,2022-12-28,46.94205226898193,4.395305994786768,51.3373582637687,42.546746274195165,55.73266425855547,38.1514402794084,-3.542012187841859,90.2073217636574,100612260,4793956.794042033,5810584.357062234,31.59378909645402,71.89838382680541,49.621057698377285,52.03307817388582,48.39009591853445,53.264039953728656,45.978075443025915,55.67606042923719,44.74711366318308,0.2570626117611729,-47.35201622509735,3.4365642656434403,3.943294062076861,-0.5067297964334205,62.87489020826466,50.788154021128456,47.79790344238281,46.94205226898193,36.99072650909424,33.89988170623779,SALASAR.NS,2023-11-22 11:03:42.516683
222,2022-12-27 00:00:00+05:30,46.80980986013645,48.706153755691155,45.91153909404749,48.456634521484375,1125642,0.0,0.0,2022-12-27,46.16604728698731,5.005619155584324,51.171666442571635,41.16042813140298,56.177285598155954,36.15480897581866,-56.102343764648545,79.07866248980258,98230035,2160643.2698651943,6064741.2478172835,31.462898987835008,71.64796241199389,47.691442457074345,49.4713458201012,46.676731158457535,50.48605711871801,44.89682779543068,52.26596048174486,43.88211649681387,0.2553474864377227,-61.993769275459265,3.459089312179799,4.0699765111852155,-0.6108871990054165,59.43407703728102,52.267739930373246,47.88772964477539,46.16604728698731,36.54059379577637,33.66500497817993,SALASAR.NS,2023-11-22 11:03:42.516683
223,2022-12-26 00:00:00+05:30,43.8654805322557,46.41057586669922,42.46817134880844,46.41057586669922,1557080,0.0,0.0,2022-12-26,45.360100173950194,5.844717981387274,51.20481815533747,39.51538219256292,57.04953613672474,33.67066421117565,-139.10144707932238,61.663519717478174,97104393,2862578.5723290765,7040765.742305305,31.4080050654751,72.01173210907287,45.096441027402285,47.72471070599613,43.78230618810535,49.038845545293064,41.154036509511506,51.66711522388691,39.83990167021457,0.2315522896250314,-73.61964431914599,3.666512180236964,4.222698310936569,-0.5561861306996052,56.141397620486764,54.38918192491617,49.44472961425781,45.360100173950194,36.14535533905029,33.440647239685056,SALASAR.NS,2023-11-22 11:03:42.516683
224,2022-12-23 00:00:00+05:30,47.65817164570779,48.60634545562866,44.214805603027344,44.214805603027344,2711082,0.0,0.0,2022-12-23,44.6814079284668,6.470876664912664,51.15228459337946,38.21053126355413,57.62316125829213,31.73965459864147,-137.11549392090194,70.24011864447269,95547313,4748319.196828599,8085312.534799361,31.340667617352565,76.49715718746981,45.67865222056111,47.14249883809488,42.75095898549356,50.07019207316243,41.28711236795979,51.5340386906962,38.35941913289224,0.21109527788681592,-81.60919096716422,4.078028868520249,4.36174484361147,-0.28371597509122104,52.281662243824286,57.31480993377079,50.55259475708008,44.6814079284668,35.790039978027345,33.22480936050415,SALASAR.NS,2023-11-22 11:03:42.516683
225,2022-12-22 00:00:00+05:30,52.399037874438314,53.59673093018344,46.210960259222865,49.105384826660156,3529216,0.0,0.0,2022-12-22,44.090047454833986,7.031877034877451,51.12192448971144,37.05817041995653,58.153801524588886,30.026293385079086,-5.095045078086282,108.7087613806388,98258395,6864942.290784774,8919560.86929205,31.23926523716637,81.08252006013083,49.63769200535549,53.064423751488114,45.67865308052754,57.023462676316065,42.251921334394915,60.45019442244869,38.292882409566964,0.25047677125431206,-51.66666586692158,4.7593567170851685,4.432673837384275,0.3266828797008934,63.88565957458214,59.70644761233832,51.730326080322264,44.090047454833986,35.483630409240725,33.027943992614745,SALASAR.NS,2023-11-22 11:03:42.516683
226,2022-12-21 00:00:00+05:30,57.8385572450686,58.38749877981685,50.6524027876189,51.25124740600586,4902708,0.0,0.0,2022-12-21,43.23918685913086,7.412332208261694,50.651519067392556,35.826854650869166,58.06385127565425,28.41452244260747,102.65166492899989,150.68850298922,101787611,9953366.607060228,9433215.51391887,31.0541800043608,87.89614262754269,53.430382991147205,56.20836319467551,48.47326720247756,61.16547898334516,45.69528699894925,63.94345918687347,40.7381712102796,0.2515931164368436,-35.13514332252121,5.077903406979665,4.351003117459051,0.7269002895206143,70.25154842664324,61.32181736375591,51.730326080322264,43.23918685913086,35.0903881072998,32.78515802383423,SALASAR.NS,2023-11-22 11:03:42.516683
227,2022-12-20 00:00:00+05:30,52.29923347915521,57.83855976648006,52.29923347915521,56.241634368896484,8367434,0.0,0.0,2022-12-20,42.253586006164554,7.5990941077353344,49.852680113899886,34.65449189842922,57.45177422163522,27.055397790693885,159.69181503157984,184.65395097796025,106690319,18641453.014530882,9303177.740633529,30.759274351430204,97.07890789206972,55.459809204843914,58.620384930532616,53.08105864320777,60.99913549216876,49.92048291751907,64.15971121785746,47.54173235588292,0.30645759257355637,-7.158846140702829,5.197466817939642,4.169278045078897,1.0281887728607444,89.4639209631965,60.32146292185162,51.35105743408203,42.253586006164554,34.663211250305174,32.511460342407226,SALASAR.NS,2023-11-22 11:03:42.516683
228,2022-12-19 00:00:00+05:30,50.901921603389475,52.39903694466564,50.1533639327514,51.94990158081055,3607938,0.0,0.0,2022-12-19,41.085836029052736,7.115512598046973,48.201348627099705,33.97032343100577,55.31686122514668,26.85481083295879,106.00825192656437,166.44514142440028,98322885,7424604.55437087,6968608.92215919,30.10802016857134,96.7009553585358,51.50076748607586,52.84817103940032,50.60249802748608,53.7464404979901,49.255094474161616,55.09384405131456,48.356825015571836,0.287945041641072,-2.2058859345036295,4.7803172141425065,3.9122308518637112,0.8680863622787953,86.5212060024751,57.94351618211911,49.833980560302734,41.085836029052736,34.13722469329834,32.19382915496826,SALASAR.NS,2023-11-22 11:03:42.516683
229,2022-12-16 00:00:00+05:30,48.90576915200269,51.800193747208596,48.60634683703412,50.10346221923828,4365709,0.0,0.0,2022-12-16,40.140158081054686,6.847435783275517,46.9875938643302,33.29272229777917,53.83502964760572,26.44528651450365,95.64247932925936,171.16619404728874,94714947,8664670.534843843,6854610.01410627,29.864642828215946,94.89580505475668,50.170000934493665,51.73365503195321,48.539808121778734,53.36384784466814,46.976154024319186,54.92750194212769,45.345961211604255,0.26861596388058884,-8.585860761930237,4.596480916984298,3.6952092612940124,0.9012716556902856,84.82390456442492,55.66816576090229,49.105384826660156,40.140158081054686,33.69308048248291,31.92259801864624,SALASAR.NS,2023-11-22 11:03:42.516683
230,2022-12-15 00:00:00+05:30,48.90576868280909,50.10346173855422,48.25701716713345,49.105384826660156,2593836,0.0,0.0,2022-12-15,39.25186958312988,6.635986714129045,45.88785629725893,32.615882869000835,52.52384301138797,25.979896154871792,97.13654166576394,180.03033534406677,90349238,5045464.616436063,6402094.883921876,29.58803376517528,94.4734518704986,49.15528791078261,50.053558654431775,48.207114083011,51.00173248220339,47.308843339361836,51.90000322585255,46.360669511590224,0.27964150688422107,-9.76252699836308,4.473317399156521,3.4698913473714406,1.0034260517850804,83.79998221417956,53.26121546331223,47.74800033569336,39.25186958312988,33.289857368469235,31.667841148376464,SALASAR.NS,2023-11-22 11:03:42.516683
231,2022-12-14 00:00:00+05:30,49.10538494622363,50.05355877630389,47.60826957473731,49.35490417480469,2632501,0.0,0.0,2022-12-14,38.37855224609375,6.416671751890377,44.795223997984124,31.96188049420337,51.2118957498745,25.545208742312994,126.38825515192877,201.50829366557903,92943074,5146694.504135819,6741252.450793328,29.428250678465535,94.16712997540075,49.005577508615296,50.402885442493286,47.957596240926705,51.45086671018188,46.560288307048715,52.84817464405987,45.512307039360124,0.2866005011751299,-8.44326527757402,4.346148738492197,3.2190348344251705,1.1271139040670262,85.13338762903767,50.804678287162055,46.75990371704101,38.37855224609375,32.908591995239256,31.421572456359865,SALASAR.NS,2023-11-22 11:03:42.516683
232,2022-12-13 00:00:00+05:30,48.70615308468158,50.951826161604664,47.40865384615385,48.65625,6142557,0.0,0.0,2022-12-13,37.45283584594726,6.076276628353504,43.52911247430077,31.37655921759376,49.60538910265427,25.300282589240254,145.7698553569427,231.479965502195,90310573,11839063.825662233,7139891.937457704,29.261297822027068,94.03614552496876,49.00557666925283,50.60249949235182,47.059327176901,52.54874898470365,45.462404353802015,54.145671807802636,43.51615486145018,0.2801611507315238,-11.917093932778831,4.092909703226027,2.9372563584084137,1.1556533448176136,84.49180454955479,48.16339486373109,45.422480773925784,37.45283584594726,32.528324661254885,31.175296230316164,SALASAR.NS,2023-11-22 11:03:42.516683
233,2022-12-12 00:00:00+05:30,43.915383081502895,48.90576752258277,43.915383081502895,48.306922912597656,4963176,0.0,0.0,2022-12-12,36.5046627998352,5.704212710338695,42.2088755101739,30.800450089496508,47.91308822051259,25.096237379157813,121.26127718940052,237.88853205183977,84168016,9497265.583391232,5965098.9654065715,28.87457191612058,90.4913840380942,47.04269117222777,50.16999926295264,45.17961482187277,52.033075613307645,42.052306731147894,55.16038370403252,40.18923038079289,0.3444756112950837,-3.3613359731224635,3.7754800661504646,2.6483430222040103,1.1271370439464543,84.17471811741771,45.3189357923439,44.33457641601562,36.5046627998352,32.14805736541748,30.936504077911376,SALASAR.NS,2023-11-22 11:03:42.516683
234,2022-12-09 00:00:00+05:30,44.16490362176487,45.41249976927235,42.36836593082635,43.3165397644043,1939807,0.0,0.0,2022-12-09,35.56148014068604,5.1860179836265825,40.74749812431262,30.375462157059452,45.9335161079392,25.18944417343287,76.66726339736638,212.2093972973917,79204840,3328448.268334843,5082057.310910406,28.55636888236814,87.41491374562445,43.69913515483433,45.02990437884231,41.98577054039631,46.74326899328033,40.65500131638833,48.07403821728831,38.94163670195031,0.28949827982203913,-14.634134671452953,3.34627312174257,2.3665587612173966,0.9797143605251732,78.3011700402976,42.427901396740516,43.01711502075195,35.56148014068604,31.78276123046875,30.701702728271485,SALASAR.NS,2023-11-22 11:03:42.516683
235,2022-12-08 00:00:00+05:30,43.0171118038233,44.614037088769635,42.76759258499054,44.16490173339844,2182618,0.0,0.0,2022-12-08,34.827893543243405,5.06763356155811,39.895527104801516,29.760259981685294,44.96316066635963,24.692626420127183,92.96308873409185,242.8896234923036,81144647,3818427.3617677256,5520459.571554297,28.461295793425922,92.49986121535534,43.848843802386206,44.930095019781874,43.08365051600278,45.6952883061653,42.00239929860711,46.77653952356097,41.23720601222368,0.3117734989381976,-3.3210387311689793,3.2375341905160226,2.121630171086103,1.1159040194299195,83.18460883453163,39.727285612173596,42.55799865722656,34.827893543243405,31.519268913269045,30.52377061843872,SALASAR.NS,2023-11-22 11:03:42.516683
236,2022-12-07 00:00:00+05:30,43.66586640564322,44.115001793002115,42.11884790017271,42.667789459228516,2013274,0.0,0.0,2022-12-07,34.091811943054196,4.695548942735757,38.78736088578995,29.39626300031844,43.482909828525706,24.700714057582683,98.50174861330729,259.29556548550346,78962029,3402769.7302535116,5945967.62400094,28.346653779111495,92.29374660768352,42.967213050801114,43.81557820142952,41.81942430860011,44.96336694363052,40.97105915797171,45.81173209425892,39.82327041577071,0.2944558419120353,-11.111114687355357,2.965711059036906,1.8426541662286229,1.123056892808283,81.27047691169861,36.94226273487289,41.48007583618164,34.091811943054196,31.245795860290528,30.34133514404297,SALASAR.NS,2023-11-22 11:03:42.516683
237,2022-12-06 00:00:00+05:30,41.020958309526016,43.71576665123353,41.020958309526016,43.21672821044922,6087766,0.0,0.0,2022-12-06,33.46052827835083,4.315197634237457,37.775725912588285,29.145330644113372,42.09092354682574,24.830133009875915,120.8459785757428,293.98095565830795,80975303,10421719.214194631,6581767.097437796,28.249562228368458,92.1129634438148,42.65115105706959,44.281343804613165,41.58653546290565,45.345959398777104,39.95634271536208,46.97615214632068,38.89172712119814,0.31491490766824703,-3.759398760598262,2.7202029395381544,1.5618899430265523,1.1583129965116021,84.54728733820741,34.023005971308265,40.00292129516602,33.46052827835083,31.0302112197876,30.17536340713501,SALASAR.NS,2023-11-22 11:03:42.516683
238,2022-12-05 00:00:00+05:30,41.91923208864991,42.16875132727283,40.42211665691242,41.7196159362793,3262196,0.0,0.0,2022-12-05,32.80179767608642,3.7107331234887546,36.512530799575174,29.09106455259767,40.22326392306393,25.380331429108914,146.6186849905931,315.43870587333294,74887537,5391131.000966578,5621779.068248588,27.93630991479489,90.744329239334,41.436827973488185,42.45153929006395,40.70490461970354,43.18346264384859,39.69019330312778,44.198173960424356,38.95826994934313,0.27018587558730495,-3.5714341528986164,2.310600804384869,1.2723116938986516,1.0382891104862173,82.78999781321343,30.943243679303087,37.82711410522461,32.80179767608642,30.819617042541505,30.00240966796875,SALASAR.NS,2023-11-22 11:03:42.516683
239,2022-12-02 00:00:00+05:30,38.825191872632466,41.81942249086034,38.076634218075505,41.020957946777344,6969054,0.0,0.0,2022-12-02,32.11561975479126,3.2099526081631113,35.325572362954375,28.90566714662815,38.53552497111748,25.69571453846504,201.11882129119311,344.75250581737953,71625341,11324242.481715221,5679441.08506909,27.779974119604532,89.70525217772636,40.305671551904396,42.53470888573329,38.79192061294845,44.04845982468923,36.56288327911956,46.27749715851812,35.04913234016362,0.24597443330900273,-6.504090360728033,1.8986197219192178,1.012739416277097,0.8858803056421207,81.89794931738848,27.89695772267534,36.050537109375,32.11561975479126,30.630980491638184,29.84741226196289,SALASAR.NS,2023-11-22 11:03:42.516683
240,2022-12-01 00:00:00+05:30,36.13038601939983,39.22442301301813,35.53153757048696,38.77528762817383,7909489,0.0,0.0,2022-12-01,31.469365119934082,2.557471984648846,34.02683710458293,28.911893135285236,36.58430908923177,26.35442115063639,267.5284424246908,323.3202627928528,64656287,12148788.931178525,4268240.7359075565,27.451166416839065,87.25102161422156,37.84374940389298,40.155961237298996,36.463075794767825,41.53663484642415,34.15086396136181,43.84884667983017,32.77019035223665,0.17253689333378763,-4.455453760689106,1.4111993543661185,0.7912693398665667,0.6199300144995519,78.58490414750402,24.68259997256702,34.32386474609375,31.469365119934082,30.470290184020996,29.6954211807251,SALASAR.NS,2023-11-22 11:03:42.516683
241,2022-11-30 00:00:00+05:30,32.18797989918839,35.93076825955914,32.03826684182908,35.28201675415039,3823676,0.0,0.0,2022-11-30,30.922918033599853,2.0267977373000017,32.94971577089986,28.896120296299852,34.97651350819986,26.869322558999848,226.49293753693948,219.95580356232958,56746798,5343970.098305167,2298103.6870898143,27.12275624052007,79.69979821900563,34.41701728517953,36.79576772852999,32.90326631079993,38.30951870290959,30.524515867449473,40.68826914626005,29.01076489306987,-0.026788735499969227,-7.92684726667889,0.9869362734315708,0.6362868362416786,0.35064943718989217,70.91890992491173,21.81025629353862,32.98644180297852,30.922918033599853,30.356509437561034,29.57235469818115,SALASAR.NS,2023-11-22 11:03:42.516683
242,2022-11-29 00:00:00+05:30,33.18605608122762,33.93461373719516,32.18797920660423,32.33769226074219,1184739,0.0,0.0,2022-11-29,30.561115264892578,1.845440830987458,32.406556095880035,28.71567443390512,34.25199692686749,26.87023360291766,65.02526177727553,160.14624888150115,52923122,1517613.7100587303,1536637.0842859764,27.006737698583787,72.42642768350365,32.82009506818053,33.45221092975682,31.7055763991659,34.56672959877145,31.073460537589604,35.19884546034775,29.958941868574975,-0.16536874339497562,-25.806426865674556,0.7728316381096327,0.5486244769442056,0.22420716116542716,59.60859689232794,19.95592910385659,32.237884521484375,30.561115264892578,30.31159595489502,29.487703647613525,SALASAR.NS,2023-11-22 11:03:42.516683
243,2022-11-28 00:00:00+05:30,32.43749868108877,33.43557556358381,32.43749868108877,32.83673095703125,1030015,0.0,0.0,2022-11-28,30.381461334228515,1.8382675906339352,32.21972892486245,28.54319374359458,34.057996515496384,26.704926152960645,77.07626019697227,182.86618345377536,54107861,1339778.475976091,1541392.9278427877,26.983147000241782,79.71977902299355,32.903268400567946,33.36903812004712,32.37096123755208,33.90134528306299,31.905191518072904,34.367115002542164,31.37288435505704,-0.12682138935317222,-11.304298579640525,0.7769746060541713,0.4925726866528487,0.28440191940132264,63.50926520147493,19.263232331800246,32.34767303466797,30.381461334228515,30.34553050994873,29.431998291015624,SALASAR.NS,2023-11-22 11:03:42.516683
244,2022-11-25 00:00:00+05:30,32.387596130371094,32.83673149634271,32.23788307259348,32.387596130371094,307818,0.0,0.0,2022-11-25,30.184341144561767,1.771282893655099,31.955624038216865,28.41305825090667,33.726906931871966,26.641775357251568,54.46628936607194,173.75224688977676,53077846,394913.7540093124,1591796.5408094616,26.960539496136764,79.73263067842987,32.487403566435766,32.73692406027805,32.138075636528825,33.08625199018499,31.888555142686542,33.335772484027274,31.5392272127796,-0.12418370156340838,-19.13039115288904,0.7213587675599342,0.421472206802518,0.2998865607574162,61.39823158222071,18.94616629288864,32.38759536743164,30.184341144561767,30.34752658843994,29.386228485107424,SALASAR.NS,2023-11-22 11:03:42.516683
245,2022-11-24 00:00:00+05:30,31.688940641414916,32.93653672965959,31.688940641414916,32.088172912597656,2557479,0.0,0.0,2022-11-24,30.012172889709472,1.7122180304731291,31.7243909201826,28.299954859236344,33.43660895065573,26.587736828763212,48.979242031655,170.95182051959944,52770028,3250772.655880278,1891017.2375094988,26.9542683469071,79.6822025506451,32.23788342789072,32.78682621436653,31.53923012612185,33.4854795161354,30.990287339646045,34.034422302611205,30.291634037877174,-0.12264505358473578,-23.93159574886358,0.6834569380594537,0.346500566613164,0.33695637144628976,59.96445205287729,19.1695583613934,32.37761459350586,30.012172889709472,30.367461051940918,29.342462368011475,SALASAR.NS,2023-11-22 11:03:42.516683
246,2022-11-23 00:00:00+05:30,33.38567298808022,33.43557607149081,31.090094981262045,31.539230346679688,1548557,0.0,0.0,2022-11-23,29.867451763153078,1.64865617224254,31.516107935395617,28.21879559091054,33.164764107638156,26.570139418668,48.5958613268578,165.5657052811648,50212549,1934674.1065170136,1551078.3829168042,26.90450171007349,76.83157433784793,32.02163379981085,32.95317261835966,30.607691528130893,34.367114890039616,29.676152709582087,35.29865370858842,28.26221043790213,-0.08788990883821865,-33.33331622767419,0.6540643529788,0.2622614737515915,0.39180287922720847,57.26207889189621,19.410134435167755,32.28778762817383,29.867451763153078,30.401344413757325,29.332537384033202,SALASAR.NS,2023-11-22 11:03:42.516683
247,2022-11-22 00:00:00+05:30,33.435576363696356,33.435576363696356,32.28778639841601,32.886634826660156,928078,0.0,0.0,2022-11-22,29.77512969970703,1.6011257957835607,31.37625549549059,28.17400390392347,32.97738129127415,26.572878108139907,102.91396999567326,229.99017597465502,51761106,1209019.8916764862,1455179.4520167517,26.87713727035407,84.97816826030692,32.86999919625751,33.45221199409901,32.304422028818664,34.017789161537856,31.722209230977164,34.600001959379355,31.156632063538318,-0.029450403461778102,-10.256365961502691,0.6605853967086901,0.1643107539447893,0.49627464276390076,67.67334597237914,19.66921636077091,32.14805679321289,29.77512969970703,30.4472017288208,29.36243148803711,SALASAR.NS,2023-11-22 11:03:42.516683
248,2022-11-21 00:00:00+05:30,32.687017241971446,33.48547797037945,32.33769186309328,33.03634262084961,1582751,0.0,0.0,2022-11-21,29.592980575561523,1.4261820659746618,31.019162641536184,28.16679850958686,32.44534470751085,26.7406164436122,143.840992159507,238.1499033079672,52689184,2071257.4835707424,1516719.3421018182,26.85579713489488,89.9296939901313,32.953170818107445,33.56864977312161,32.42086366583544,34.10095692539361,31.80538471082128,34.71643588040777,31.273077558549275,-0.05137303104190922,-7.692325710561618,0.5262265130510251,0.04024209325381409,0.48598441979721096,68.96709858433127,18.32988253152993,31.509287643432618,29.592980575561523,30.465115852355957,29.337556457519533,SALASAR.NS,2023-11-22 11:03:42.516683
249,2022-11-18 00:00:00+05:30,31.938459987948384,33.23595916348656,31.738843851551483,32.33769226074219,1642445,0.0,0.0,2022-11-18,29.445764350891114,1.183321693769813,30.629086044660927,28.2624426571213,31.81240773843074,27.07912096335149,169.7334057079791,201.88094297624554,51106433,2103920.8213939196,1378084.806734587,26.81813958797534,87.3589120615148,32.43749842526008,33.13615299896868,31.6390376870336,33.934613737195164,30.940383113325,34.63326831090376,30.14192237509852,-0.04880265218025936,-16.07139758369646,0.3314893487426076,-0.08125401169548867,0.4127433604380963,66.16402581594994,16.813031430065728,30.790673065185548,29.445764350891114,30.475060539245604,29.269043502807616,SALASAR.NS,2023-11-22 11:03:42.516683
250,2022-11-17 00:00:00+05:30,30.740767364506635,32.9365372778345,30.44134505981674,31.6390380859375,1613911,0.0,0.0,2022-11-17,29.296052742004395,0.9680066930695509,30.264059435073946,28.328046048934844,31.232066128143497,27.360039355865293,175.2751149117846,138.45185119662352,49463988,2022704.242389317,1196625.803069754,26.783018983934262,80.07087260877815,31.672306807862913,32.90326855590909,30.408076337891323,34.16749902588067,29.17711458984515,35.39846077392685,27.91288411987356,-0.057268660147049795,-24.52829828351108,0.14595067613494805,-0.1844398518050127,0.33039052793996077,63.06624433669969,15.341096491274328,30.05209617614746,29.296052742004395,30.4840523147583,29.188063583374024,SALASAR.NS,2023-11-22 11:03:42.516683
251,2022-11-16 00:00:00+05:30,29.742691188942363,31.53923077110867,29.59298003301533,30.840576171875,1193427,0.0,0.0,2022-11-16,29.216206645965578,0.818960333438097,30.035166979403673,28.397246312527482,30.854127312841772,27.578285979089383,121.26379505511203,54.860111064604084,47850077,1457967.6056001233,990106.1932398633,26.752466175641935,74.7765807671928,30.657595658666335,31.72221128431734,29.775960546224,32.60384639675968,28.711344920572994,33.66846202241068,27.82970980813066,0.008426308777873925,-17.94874343721591,-0.02499957197492364,-0.26703748379000286,0.24203791181507922,59.09166509159349,13.949417398481744,29.612942504882813,29.216206645965578,30.48612087249756,29.108597373962404,SALASAR.NS,2023-11-22 11:03:42.516683
252,2022-11-15 00:00:00+05:30,29.94230831370634,30.092019474538734,29.543077916926396,29.69278907775879,182417,0.0,0.0,2022-11-15,29.088951873779298,0.7479272707854672,29.836879144564765,28.34102460299383,30.584806415350233,27.593097332208362,70.35331593461866,-12.766976987009798,46656650,214558.55459804696,873140.8401497981,26.733357311549334,70.10386644784666,29.775962156407974,30.008846395889552,29.459904838277215,30.324903714020312,29.227020598795637,30.55778795350189,28.910963280664877,-0.026693207062309633,-35.93749630958071,-0.16485251064011663,-0.3275469617437727,0.16269445110365605,52.229694042323246,13.50071298581569,29.45325050354004,29.088951873779298,30.50714382171631,29.03970293045044,SALASAR.NS,2023-11-22 11:03:42.516683
253,2022-11-14 00:00:00+05:30,29.14384740909046,29.74269205013806,29.14384740909046,29.443269729614258,1983993,0.0,0.0,2022-11-14,29.03904800415039,0.7387580929693001,29.77780609711969,28.300289911181093,30.516564190088992,27.56153181821179,54.063385566778976,-37.607314004731116,46474233,2313959.24451436,1037786.4115377358,26.73124138552584,68.72151972231752,29.443269729614258,29.742692050138057,29.143847409090455,30.04211437066186,28.844425088566656,30.34153669118566,28.545002768042853,-0.027597173566352485,-43.75000317455711,-0.22836924844032325,-0.36822057451968665,0.1398513260793634,50.555473022961124,14.53337692503165,29.52311592102051,29.03904800415039,30.55410774230957,28.98064453125,SALASAR.NS,2023-11-22 11:03:42.516683
254,2022-11-11 00:00:00+05:30,30.042115095990248,30.042115095990248,27.746537081852164,28.644807815551758,422703,0.0,0.0,2022-11-11,28.999124908447264,0.7373373123034987,29.736462220750763,28.261787596143765,30.47379953305426,27.524450283840267,-6.666710378747434,-75.2776683150429,44490240,479634.898798845,718743.2032935796,26.7099868530842,53.99252383412167,28.81115333113139,29.875769580410616,27.580191566272532,31.106731345269473,26.515575316993306,32.1713475945487,25.28461355213445,-0.03157920830694798,-68.75002514248158,-0.28165590499695625,-0.40318340603952746,0.1215275010425712,44.80771558516665,15.20928280226357,29.23367347717285,28.999124908447264,30.632928733825683,28.933036861419676,SALASAR.NS,2023-11-22 11:03:42.516683
255,2022-11-10 00:00:00+05:30,30.291635509339283,30.441346669601185,29.044039334355627,29.443269729614258,498616,0.0,0.0,2022-11-10,29.01160087585449,0.7331255690504738,29.744726444904966,28.278475306804015,30.477852013955438,27.545349737753543,82.13630753090564,-33.01526757712394,44912943,581542.9301730259,778520.2794172632,26.706750774336307,73.58650996082595,29.642885244523693,30.24173115469176,28.844423819446202,31.04019257976925,28.245577909278136,31.639038489937317,27.447116484200645,-0.049547055861038275,-52.00000530163409,-0.266975058521691,-0.4335652813001702,0.16659022277847918,50.22966979396193,15.93718143928256,29.12388496398926,29.01160087585449,30.703837432861327,28.8935630607605,SALASAR.NS,2023-11-22 11:03:42.516683
256,2022-11-09 00:00:00+05:30,30.441346558968853,30.790673867430858,29.493172707954926,30.042116165161133,1245155,0.0,0.0,2022-11-09,29.01160087585449,0.7331255690504738,29.744726444904966,28.278475306804015,30.477852013955438,27.545349737753543,142.96721042086406,-13.306200603595506,45411559,1481779.1186563347,827764.6167283226,26.70134117235637,79.05116342244533,30.10865424684897,30.724135785743016,29.426634626267084,31.406155406324903,28.81115308737304,32.021636945218944,28.129133466791153,-0.12792164153889624,-35.99999210638947,-0.3227704502750939,-0.47521283699479,0.15244238671969612,54.85212927903755,15.941674483565617,28.80450019836426,29.01160087585449,30.769722557067873,28.852970581054688,SALASAR.NS,2023-11-22 11:03:42.516683
257,2022-11-07 00:00:00+05:30,28.395289600903872,30.84057695277657,28.245576537505382,30.042116165161133,1152011,0.0,0.0,2022-11-07,29.004115295410156,0.7227404565653965,29.726855751975553,28.28137483884476,30.44959620854095,27.55863438227936,113.86768501520447,-33.992935431503746,46656714,1370934.4172110322,664260.9912463196,26.684767432704845,78.9524420657008,29.70942321848103,31.17326989945668,28.578269484185494,32.30442363375222,27.114422803209845,33.76827031472787,25.983269068914307,-0.1331581577629977,-35.99999210638947,-0.44829229851663754,-0.513323433674714,0.06503113515807646,54.85212927903755,15.23680404322238,28.40526924133301,29.004115295410156,30.824625854492187,28.80429998397827,SALASAR.NS,2023-11-22 11:03:42.516683
258,2022-11-04 00:00:00+05:30,28.34538482142038,28.894328282684647,27.646732103012265,27.996057510375977,308358,0.0,0.0,2022-11-04,28.999124813079835,0.7155042554169186,29.714629068496752,28.283620557662918,30.430133323913672,27.568116302245997,-81.16871901405136,-99.07508347157541,45504703,341964.9772929645,487592.6347551413,26.66928636457622,71.27827655755065,28.179039298690963,28.71134649436966,27.46375031469728,29.426635478363345,26.93144311901858,29.958942674042042,26.216154135024897,-0.20373135039611923,-90.66670385680858,-0.6022059936362396,-0.529581217464233,-0.07262477617200658,38.05939175585167,14.477712799775817,28.14576873779297,28.999124813079835,30.8646032333374,28.741499519348146,SALASAR.NS,2023-11-22 11:03:42.516683
259,2022-11-03 00:00:00+05:30,27.846346016682016,28.345384482585565,27.74653794276517,28.09586524963379,627869,0.0,0.0,2022-11-03,29.086456489562988,0.6928655499805926,29.77932203954358,28.393590939582396,30.47218758952417,27.700725389601804,-114.55102370547534,-105.60336178370284,45813061,698780.8340179203,523999.54912068543,26.66764677390473,71.0242830402606,28.062595891661505,28.378653840557842,27.779807300737446,28.661442431481902,27.46374935184111,28.97750038037824,27.18096076091705,-0.23102989865108184,-90.41094690626521,-0.5886320540584649,-0.5114250234212314,-0.07720703063723344,38.71160079449019,15.082866773341062,28.32542266845703,29.086456489562988,30.887788162231445,28.714881629943847,SALASAR.NS,2023-11-22 11:03:42.516683
260,2022-11-02 00:00:00+05:30,27.796442816577606,28.44519243883239,27.746537827985293,27.846345901489258,188878,0.0,0.0,2022-11-02,29.178778553009032,0.6767543181737744,29.855532871182806,28.502024234835257,30.53228718935658,27.825269916661483,-151.35719614640163,-111.16666557263093,45185192,208343.09977310308,480304.22789637675,26.664043958112806,67.00511115726331,28.012692056102313,28.278846284219334,27.580191673372237,28.71134666694941,27.314037445255217,28.97750089506643,26.88153706252514,-0.255643743566341,-97.26026399102464,-0.5721641806765732,-0.492123265761923,-0.08004091491465015,36.172450144870275,14.711566599449878,28.495095825195314,29.178778553009032,30.903006591796874,28.688907527923583,SALASAR.NS,2023-11-22 11:03:42.516683
261,2022-11-01 00:00:00+05:30,29.09394136761563,29.293557509865593,27.84634523775492,28.045961380004883,264263,0.0,0.0,2022-11-01,29.288567066192627,0.6253772101846885,29.913944276377315,28.66318985600794,30.539321486562002,28.03781264582325,-154.50523367035527,-101.14082222228343,45374070,293586.5970123086,548294.5099271951,26.6631460790574,62.93342261580277,28.395288042541797,28.944230847328672,27.497018575218,29.84250031465247,26.948075770431124,30.391443119439344,26.049806303107328,-0.26108498126168084,-94.36617726907102,-0.5178372830343676,-0.47211303703326046,-0.04572424600110714,37.321051611990846,14.311704873720911,28.764576721191407,29.288567066192627,30.913264808654784,28.658711948394775,SALASAR.NS,2023-11-22 11:03:42.516683
262,2022-10-31 00:00:00+05:30,29.193749009072757,29.243652092060472,28.54499941182948,28.744613647460938,141094,0.0,0.0,2022-10-31,29.40334587097168,0.5952456704911577,29.998591541462837,28.808100200480524,30.593837211953996,28.212854529989364,-79.87856002701274,-87.77710359623325,45638333,160655.1137629021,611971.4881559168,26.661675222574093,50.656479694568645,28.844421717116962,29.143844022404444,28.44519134217345,29.543074397347954,28.14576903688597,29.842496702635437,27.74653866194246,-0.245274214116569,-76.81163541085989,-0.4600954720730144,-0.4606819755329836,0.0005865034599692454,41.61574842983947,14.003969612333252,29.09394226074219,29.40334587097168,30.932466506958008,28.61796266555786,SALASAR.NS,2023-11-22 11:03:42.516683
263,2022-10-28 00:00:00+05:30,29.044038318722983,29.243652557531703,28.644807937424925,28.89432716369629,632410,0.0,0.0,2022-10-28,29.44825944900513,0.576520283956406,30.024779732961534,28.871739165048723,30.60130001691794,28.295218881092318,-64.27019534098707,-88.29353539772066,45779427,723837.1133129015,724800.5817541704,26.660491632133482,53.85773287457669,28.92759588621764,29.210383835010358,28.61153921490358,29.52644050632442,28.328751266110864,29.809228455117136,28.012694594796802,-0.24567350252459047,-72.46375242246963,-0.44800397571175665,-0.4608286013979759,0.012824625686219226,42.59097323156443,14.608610198791686,29.19375,29.44825944900513,30.940680313110352,28.573809089660646,SALASAR.NS,2023-11-22 11:03:42.516683
264,2022-10-27 00:00:00+05:30,29.493172584553925,29.642885647326004,28.79451987423379,28.944231033325195,165684,0.0,0.0,2022-10-27,29.50564889907837,0.5756045317052251,30.081253430783594,28.930044367373146,30.65685796248882,28.354439835667918,-24.886773908581695,-84.1675754917789,46411837,189964.35588588638,725041.4488644876,26.654787705660382,63.32554282196628,29.127212184961664,29.45990449568954,28.611538722597324,29.97557795805388,28.27884641186945,30.308270268781754,27.76317294950511,-0.25258407726243076,-71.01447655700082,-0.4404797702161787,-0.46403475781953063,0.02355498760335195,42.90215936888419,15.405305330510641,29.433288192749025,29.50564889907837,30.95187026977539,28.52910369873047,SALASAR.NS,2023-11-22 11:03:42.516683
265,2022-10-25 00:00:00+05:30,29.892404998225036,29.892404998225036,29.04403922178807,29.193750381469727,71050,0.0,0.0,2022-10-25,29.565533542633055,0.5764237938966102,30.141957336529664,28.989109748736446,30.718381130426277,28.412685954839834,13.20391537422029,-78.33724628354678,46577521,82164.36534212058,858810.7221091378,26.653255118828746,56.18076571730843,29.37673153382761,29.70942384586715,28.861058069430182,30.225097310264577,28.52836575739064,30.557789622304117,28.012692292993215,-0.25222088274334653,-63.7680972296568,-0.42908734624641554,-0.4699235047203686,0.040836158473953055,44.40861098700918,16.476066496301712,29.513134002685547,29.565533542633055,30.958081855773926,28.481461353302002,SALASAR.NS,2023-11-22 11:03:42.516683
266,2022-10-24 00:00:00+05:30,29.04403944503129,29.84250023859118,29.04403944503129,29.69278907775879,73576,0.0,0.0,2022-10-24,29.630408477783202,0.6046997869537857,30.235108264736986,29.02570869082942,30.839808051690774,28.42100890387563,29.872080569928958,-76.21537535545747,46648571,86539.96180786827,1052972.311300892,26.652525624733272,53.69130892690445,29.526442920460422,30.008846395889552,29.210385602329662,30.324903714020312,28.72798212690053,30.807307189449443,28.411924808769772,-0.2516446013137058,-49.27533857496875,-0.4325741430835066,-0.4801325443388568,0.04755840125535021,47.50656508843291,17.503042818480882,29.682807159423827,29.630408477783202,30.965273475646974,28.42714454650879,SALASAR.NS,2023-11-22 11:03:42.516683
267,2022-10-21 00:00:00+05:30,30.191826158121938,30.541153453084263,28.944230035885493,29.24365234375,416690,0.0,0.0,2022-10-21,29.740196895599365,0.7881307081798621,30.528327603779225,28.952066187419504,31.31645831195909,28.16393547923964,26.944716713912197,-78.27505492724075,46574995,482696.5811297972,1294580.3986741477,26.651621317799783,54.99976589986037,29.576345277573253,30.208460519261013,28.611537102062243,31.173268694772023,27.979421860374483,31.805383936459783,27.014613684863473,-0.2578010617484759,-62.31888957590369,-0.47963189634910464,-0.49202214465269434,0.012390248303589702,44.25675595415525,18.674358272984378,29.40334548950195,29.740196895599365,30.940592956542968,28.36480243682861,SALASAR.NS,2023-11-22 11:03:42.516683
268,2022-10-20 00:00:00+05:30,29.243652382461473,31.389519238493246,28.544999695292585,30.092018127441406,3357326,0.0,0.0,2022-10-20,29.912365245819093,1.0168635345188972,30.92922878033799,28.895501711300195,31.946092314856887,27.878638176781298,71.71713650431134,-63.723625913481435,46991685,4001974.9046284007,1497551.3530602353,26.64724756789826,57.40015455252035,30.008845687075745,31.472691678858904,28.628172135658243,32.85336523027641,27.164326143875083,34.31721122205957,25.78365259245758,-0.24416230806703373,-37.68120824507732,-0.48837976731178756,-0.4951197067285917,0.006739939416804119,49.64782395783597,19.935774916295834,29.293557357788085,29.912365245819093,30.91792972564697,28.30948907852173,SALASAR.NS,2023-11-22 11:03:42.516683
269,2022-10-19 00:00:00+05:30,30.441345038918023,31.289710773197758,29.143845847911784,29.343460083007812,490850,0.0,0.0,2022-10-19,30.022153759002684,1.147434371879369,31.169588130882055,28.874719387123314,32.317022502761425,27.727285015243947,63.03541585752082,-65.3350028876653,43634359,570544.6677386836,871445.4651681937,26.59976880134084,43.48262403803956,29.925672234705786,30.707498621499788,28.561633696213814,32.07153715999176,27.779807309419812,32.85336354678576,26.41576877092784,-0.3382044509969413,-59.42033883110059,-0.57573117523647,-0.49680469158279267,-0.07892648365367733,44.06524851867879,21.29422360909279,29.004115295410156,30.022153759002684,30.859393005371093,28.238726634979248,SALASAR.NS,2023-11-22 11:03:42.516683
270,2022-10-18 00:00:00+05:30,28.34538461187748,30.291635399251042,28.295481526531773,30.042116165161133,1226121,0.0,0.0,2022-10-18,30.204302883148195,1.3114540759674689,31.515756959115663,28.892848807180727,32.82721103508313,27.58139473121326,13.04875769968198,-77.99774481417403,44125209,1459127.9758311405,946670.6645255712,26.594228853481383,39.874629786467594,29.543077696981317,30.79067386743086,28.794519994711592,31.539231569700586,27.54692382426205,32.78682774015013,26.798366121992323,-0.31704840918986177,-39.13042822551387,-0.6051226222907253,-0.4770730706693733,-0.128049551621352,48.74948106020243,22.033418808763567,28.91428871154785,30.204302883148195,30.837718811035156,28.176494598388672,SALASAR.NS,2023-11-22 11:03:42.516683
271,2022-10-17 00:00:00+05:30,28.49509496758064,28.944230337741992,27.94615342954399,28.295480728149414,533372,0.0,0.0,2022-10-17,30.356509590148924,1.459890097752169,31.816399687901093,28.896619492396756,33.27628978565326,27.436729394644587,-118.82228941408205,-121.72973958346556,42899088,597828.785320028,818556.3366991788,26.57675035764691,31.37000738039579,28.395288165145132,28.844422900746274,27.846345992548272,29.393365073343134,27.39721125694713,29.842499808944275,26.84826908435027,-0.4396175945626812,-89.85506625956816,-0.7023910948330006,-0.44506068276403526,-0.2573304120689653,31.958738382603286,23.49936414755948,28.794519424438477,30.356509590148924,30.809036903381347,28.108470058441164,SALASAR.NS,2023-11-22 11:03:42.516683
272,2022-10-14 00:00:00+05:30,29.09394207571661,29.193750149270763,28.49509553807236,28.694711685180664,225757,0.0,0.0,2022-10-14,30.593552684783937,1.4921580870978433,32.08571077188178,29.101394597686095,33.57786885897962,27.60923651058825,-115.46565844390372,-107.44455801043962,43432460,256609.4366054603,873738.2245439665,26.57295183789362,31.30637818004716,28.794519124174595,29.09394271027683,28.395288099078428,29.493173735373,28.095864512976192,29.792597321475235,27.696633487880025,-0.44899432830230607,-89.04108527419754,-0.6442647992938113,-0.3807280797467939,-0.2635367195470174,34.34709343602647,22.99648459685234,29.113904190063476,30.593552684783937,30.789416160583496,28.059902019500733,SALASAR.NS,2023-11-22 11:03:42.516683
273,2022-10-13 00:00:00+05:30,28.644807815551758,28.994133207900923,28.295480519521984,28.644807815551758,215370,0.0,0.0,2022-10-13,30.86053810119629,1.6077530243848615,32.46829112558115,29.252785076811428,34.076044149966016,27.64503205242657,-190.8646758210086,-114.99059616077672,43206703,244377.18245270854,1028020.4215285929,26.570965192636432,28.883839436395633,28.644807180991553,28.99413384246112,28.295481154082182,29.34345986937049,27.946154492612614,29.69278653084006,27.596828465703243,-0.35488100434691894,-92.39129615752715,-0.5994021394202917,-0.3148438998600395,-0.2845582395602522,33.772617043650314,23.04900425103515,29.363423156738282,30.86053810119629,30.735939140319825,28.014804611206056,SALASAR.NS,2023-11-22 11:03:42.516683
274,2022-10-12 00:00:00+05:30,29.742691010074434,29.842499081319104,28.544999866180255,28.89432716369629,706770,0.0,0.0,2022-10-12,31.07512445449829,1.5826673327009444,32.65779178719924,29.492457121797347,34.24045911990018,27.9097897890964,-218.10701000644477,-98.31317981414739,43422073,808947.2914346061,1223931.231297564,26.569111097649266,31.187572064207288,29.093942037065215,29.642884207950175,28.345384992811326,30.391441252204064,27.796442821926366,30.940383423089024,27.047885777672477,-0.3586529308319723,-92.63156907599252,-0.5279677144002832,-0.24370433996997642,-0.2842633744303068,35.20276279021691,22.741283659763056,29.582999801635744,31.07512445449829,30.65957874298096,27.97682340621948,SALASAR.NS,2023-11-22 11:03:42.516683
275,2022-10-11 00:00:00+05:30,30.291635509339283,30.291635509339283,29.2436535801446,29.443269729614258,2306586,0.0,0.0,2022-10-11,31.299624061584474,1.575476275494798,32.875100337079274,29.724147786089677,34.45057661257407,28.148671510594877,-159.158823572408,-76.21973686639588,44128843,2690204.04707446,1327677.2162633033,26.562269012762393,32.327620385383156,29.659519606366047,30.075385632587494,29.02740370339281,30.70750153556073,28.611537677171363,31.123367561782178,27.979421774198126,-0.36368484314331595,-93.90242298281956,-0.45308436795101414,-0.17263849636239972,-0.28044587158861445,38.53645366940801,22.67393884597158,29.792595672607423,31.299624061584474,30.57225757598877,27.924605312347413,SALASAR.NS,2023-11-22 11:03:42.516683
276,2022-10-10 00:00:00+05:30,29.493172264784956,30.940384562232612,29.343461107316735,29.892404556274414,562607,0.0,0.0,2022-10-10,31.516577625274657,1.604874801310997,33.121452426585655,29.911702823963658,34.726327227896654,28.306828022652663,-50.57453457364699,-58.537447931208746,46435429,666186.0205369646,987045.5085605141,26.53433387402575,39.94164881572032,30.058750075274588,30.77403904323244,29.177115588316564,31.655673530190466,28.46182662035871,32.370962498148316,27.580192133400686,-0.33576333147732945,-84.26965015943716,-0.4044086033381795,-0.10252702846524611,-0.30188157487293343,41.523987042533534,23.420436962356796,29.912364959716797,31.516577625274657,30.479927940368654,27.872271099090575,SALASAR.NS,2023-11-22 11:03:42.516683
277,2022-10-07 00:00:00+05:30,29.89240343582933,30.591056112387257,29.642884214841374,29.942306518554688,1740937,0.0,0.0,2022-10-07,31.713562202453613,1.6364992901231843,33.3500614925768,30.07706291233043,34.98656078269998,28.440563622207243,-57.91090509605705,-54.803248838253964,46998036,2064894.3680563394,1067260.3805664014,26.526372993065312,39.13457096865327,30.058748948594438,30.474613682347503,29.52644178480162,31.00692084614032,29.110577051048555,31.422785579893386,28.578269887255736,-0.37037473556949635,-84.69389951375665,-0.38019444667406077,-0.02705663474701276,-0.353137811927048,41.858798712520844,24.35048040043564,30.0021915435791,31.713562202453613,30.359709434509277,27.818779010772705,SALASAR.NS,2023-11-22 11:03:42.516683
278,2022-10-06 00:00:00+05:30,30.141923325419956,30.640961778465446,29.443268729684018,29.742691040039062,1686403,0.0,0.0,2022-10-06,31.90556392669678,1.6430022966993632,33.54856622339614,30.262561629997414,35.19156852009551,28.619559333298053,-70.14163072479464,-54.98921430073481,45257099,1986877.8047471,817851.8836939167,26.501129102731227,18.25106408852818,29.942307182729508,30.441345635774997,29.24365258699357,31.140000231510935,28.74461413394808,31.639038684556425,28.04595953821214,-0.31893184750406134,-89.3204089479032,-0.3483470537957132,0.06122781823474925,-0.40957487203046244,40.06379185487798,24.79352076040269,29.94230728149414,31.90556392669678,30.250433616638183,27.759016513824463,SALASAR.NS,2023-11-22 11:03:42.516683
279,2022-10-04 00:00:00+05:30,30.241728822268,30.940383402506512,29.543076145710074,29.942306518554688,691891,0.0,0.0,2022-10-04,32.09510822296143,1.5984127145954297,33.693520937556855,30.496695508366,35.29193365215229,28.89828279377057,-58.18548817337302,-43.69723332216846,46943502,820639.5919030205,525595.4034306208,26.477756901882817,45.55173008285845,30.14192202225709,30.74076789880411,29.34346064200767,31.53922927905353,28.744614765460653,32.138075155600546,27.946153385211232,-0.2951930816304637,-86.95653607996537,-0.2826356543659081,0.16362153624236486,-0.44625719060827296,41.246239125811556,25.27064114805951,30.002192306518555,32.09510822296143,30.15211555480957,27.697817230224608,SALASAR.NS,2023-11-22 11:03:42.516683
280,2022-10-03 00:00:00+05:30,29.942308090789034,31.389520409982776,29.892405005443322,30.042116165161133,317330,0.0,0.0,2022-10-03,32.237356948852536,1.521484644442435,33.758841593294974,30.7158723044101,35.280326237737405,29.194387659967667,-47.445205000614095,-30.251595266660782,47635393,377634.08388772054,451834.3563125208,26.467477803978728,46.16994092235651,30.44134719352908,30.990289381614836,29.493173977075383,31.938462598068533,28.944231788989626,32.487404786154286,27.99605857253593,-0.21667377021724143,-85.21737116306869,-0.21388189230782828,0.2751858338944331,-0.48906772620226135,41.81928803224416,25.886724853595013,30.042115783691408,32.237356948852536,30.045824928283693,27.6323331451416,SALASAR.NS,2023-11-22 11:03:42.516683
281,2022-09-30 00:00:00+05:30,29.792595940315515,30.890480914536976,29.44326864347042,30.341537475585938,254138,0.0,0.0,2022-09-30,32.3223744392395,1.4375540346543896,33.75992847389389,30.884820404585113,35.19748250854828,29.447266369930723,-69.72975890301419,-34.915590135544676,47952723,305447.6048282575,470384.4244187209,26.46260694952733,40.134640966457184,30.225095677864445,31.00692271225847,29.559710441191914,31.672307948931,28.77788340679789,32.45413498332502,28.11249817012536,-0.21777033974759444,-80.00000935318903,-0.13244534559156307,0.3974527654449984,-0.5298981110365615,43.50298109580398,26.906912044498963,30.131942367553712,32.3223744392395,29.93455291748047,27.566497764587403,SALASAR.NS,2023-11-22 11:03:42.516683
282,2022-09-29 00:00:00+05:30,30.19182675122536,30.740768294320837,29.19374983382948,29.642885208129883,184945,0.0,0.0,2022-09-29,32.39988374710083,1.365096133743513,33.76497988084434,31.034787613357317,35.13007601458786,29.669691479613803,-107.17531954290018,-42.82611573445435,47698585,217166.38361517293,511618.6293163367,26.45836937149496,43.08345406654816,29.859134445426733,30.524519057023987,28.97750059653263,31.40615290591809,28.312115984935375,32.071537517515345,27.43048213604127,-0.2592336988169051,-92.17389788984502,-0.05566360278316651,0.5299272932041388,-0.5855908959873053,38.103602742185394,27.30973254182691,30.44134635925293,32.39988374710083,29.822267799377443,27.506723232269287,SALASAR.NS,2023-11-22 11:03:42.516683
283,2022-09-28 00:00:00+05:30,29.792596931071223,31.140001175892866,29.642885771353416,30.042116165161133,258143,0.0,0.0,2022-09-28,32.51978874206543,1.2062662001354356,33.72605494220087,31.313522541929995,34.9323211423363,30.10725634179456,-118.26645852112063,-23.734918747162574,47883530,307199.4306149051,585231.6907416276,26.455835599581278,52.18182063682455,30.27500103746914,30.90711630358486,29.41000089904541,31.77211644200859,28.77788563292969,32.404231708124314,27.91288549450596,-0.3384639155994769,-92.45283338054507,0.11229034583133668,0.676325017200965,-0.5640346713696284,40.139063490399415,27.529334128374966,31.050173187255858,32.51978874206543,29.724950790405273,27.475478286743165,SALASAR.NS,2023-11-22 11:03:42.516683
284,2022-09-27 00:00:00+05:30,30.790673525103852,31.09009584121053,29.792596599840717,30.141923904418945,285664,0.0,0.0,2022-09-27,32.68689889907837,1.0686075635164591,33.75550646259483,31.618291335561914,34.82411402611129,30.549683772045455,-164.203728752531,-16.16551891501249,48141673,341079.811752952,654739.7557733082,26.451848393310293,45.89690236709159,30.3415387818234,30.89048096380608,29.592981722436267,31.639038023193212,29.044039540453586,32.18798020517589,28.295482481066454,-0.2697375834793327,-91.4285504321846,0.2863027260039317,0.8173336850433721,-0.5310309590394404,40.64307279202225,28.161556791098306,31.49930763244629,32.68689889907837,29.62064422607422,27.446310920715334,SALASAR.NS,2023-11-22 11:03:42.516683
285,2022-09-26 00:00:00+05:30,31.93846137709451,31.93846137709451,29.69278831151755,30.491249084472656,512850,0.0,0.0,2022-09-26,32.78931484222412,0.8960882667060243,33.685403108930146,31.8932265755181,34.58149137563617,30.997138308812072,-212.5397877036749,-1.251609615856391,48427337,619434.0976287951,733154.7417783972,26.447302811206537,56.903293954868126,30.70749959102824,31.722210870538927,29.476537804961968,32.9531726566052,28.46182652545128,33.96788393611588,27.23086473938501,-0.2667497253348448,-84.76191520905327,0.4949238334797563,0.9500914248032322,-0.45516759132347584,42.37223630394071,28.976056486210496,32.06821136474609,32.78931484222412,29.528272323608398,27.424454231262207,SALASAR.NS,2023-11-22 11:03:42.516683
286,2022-09-23 00:00:00+05:30,32.88663432524353,32.88663432524353,31.43942207158712,31.88855743408203,278513,0.0,0.0,2022-09-23,32.90162868499756,0.7154607396899091,33.61708942468747,32.18616794530765,34.33255016437738,31.470707205617742,-155.78882836780897,38.14536645705307,48940187,351811.3747446363,761584.9028157977,26.438339757729576,65.65011642126831,32.07153794363756,32.703653815688,31.25644156203159,33.51875019729397,30.624325689981152,34.1508660693444,29.809229308375183,-0.28478790740723575,-78.32043663460306,0.720119986174879,1.0638833226341011,-0.3437633364592221,50.32479427762874,29.853210004023623,32.58721160888672,32.90162868499756,29.43687442779541,27.390646286010742,SALASAR.NS,2023-11-22 11:03:42.516683
287,2022-09-22 00:00:00+05:30,32.53730628620087,33.28586398119654,32.03826782287042,32.68701934814453,221593,0.0,0.0,2022-09-22,32.94656486511231,0.6755961948087976,33.622161059921105,32.27096867030351,34.2977572547299,31.595372475494713,-111.17943719320705,55.87062221669616,49218700,286920.04460700107,864028.284833588,26.43177161426988,64.83350975708731,32.67038371740383,33.30249961193724,32.05490345361112,33.917979875729955,31.422787559077705,34.55009577026337,30.807307295284993,-0.2520398427448167,-57.77735269619285,0.859914692903704,1.1498241567489067,-0.28990946384520266,55.89079151095457,31.748319264956194,32.816768646240234,32.94656486511231,29.320515594482423,27.35147253036499,SALASAR.NS,2023-11-22 11:03:42.516683
288,2022-09-21 00:00:00+05:30,33.13615609831067,33.285865359090344,32.03826914911902,32.28778839111328,305917,0.0,0.0,2022-09-21,32.91426315307617,0.7035255937630613,33.61778874683923,32.21073755931311,34.32131434060229,31.50721196555005,-163.66911996064854,55.737905909761416,48997107,391265.3980910893,1008305.3448902348,26.425768170126208,56.9755824954792,32.53730763310755,33.03634611709609,31.78874990712476,33.78490384307888,31.289711423136225,34.283942327067415,30.541153697153433,-0.04682959369162941,-68.04889466539795,0.9472288684230321,1.2223015227102074,-0.2750726542871753,53.503145885330234,33.00801199918847,33.086248779296874,32.91426315307617,29.185202293395996,27.29988615036011,SALASAR.NS,2023-11-22 11:03:42.516683
289,2022-09-20 00:00:00+05:30,33.13615563195206,33.63519410891711,32.58721406876278,32.98644256591797,395747,0.0,0.0,2022-09-20,32.757638931274414,1.0918525456703871,33.8494914769448,31.665786385604026,34.94134402261519,30.57393383993364,-118.14390367213798,71.33663271603317,49303024,517109.6533340153,1162565.331590021,26.417990909514796,50.62024753005265,33.069616914532624,33.552019760302464,32.504039720148135,34.11759695468695,32.021636874378295,34.59999980045679,31.456059679993807,-0.0375600750541827,-50.073696219289026,1.0839837196906572,1.291069686282001,-0.20708596659134382,58.6632711707193,34.364602412941444,33.21599807739258,32.757638931274414,29.063844032287598,27.248908863067626,SALASAR.NS,2023-11-22 11:03:42.516683
290,2022-09-19 00:00:00+05:30,33.03634341496976,34.0843271915176,32.93653724928004,33.08625030517578,413452,0.0,0.0,2022-09-19,32.55115613937378,1.3947701487782154,33.945926288151995,31.156385990595567,35.34069643693021,29.76161584181735,-30.505726053623118,82.16524857827793,49698771,541878.8250817263,1323929.2511540223,26.406698089985046,56.2820791888308,33.36903824865781,33.801539248035574,32.653749305798016,34.51682819089537,32.22124830642025,34.94932919027313,31.505959363560457,-0.019643249696185267,-47.50581072698775,1.173840523875402,1.3428411779298368,-0.16900065405443487,59.423521451078905,35.09257960797261,33.29557342529297,32.55115613937378,28.9205521774292,27.196517372131346,SALASAR.NS,2023-11-22 11:03:42.516683
291,2022-09-16 00:00:00+05:30,34.333845587793824,34.333845587793824,32.58721107868085,33.03634262084961,925016,0.0,0.0,2022-09-16,32.31480646133423,1.6722308288753107,33.98703729020954,30.642575632458918,35.65926811908485,28.970344803583608,-7.47671567965025,85.77140843716579,49285319,1210516.5704666583,1519441.8576720962,26.39467890659186,51.459360070446124,33.31913309577476,34.05105511286867,32.304420603755695,35.06576760488773,31.572498586661787,35.79768962198164,30.557786094642722,-0.019764497820056307,-48.7898516188918,1.2612694500050878,1.3850913414434454,-0.12382189143835753,59.17789733538329,35.38361849295162,33.434791564941406,32.31480646133423,28.78819995880127,27.1386997795105,SALASAR.NS,2023-11-22 11:03:42.516683
292,2022-09-15 00:00:00+05:30,32.936536970682766,34.932690726481724,32.48740161415577,34.034420013427734,1868479,0.1,0.0,2022-09-15,32.11329164505005,1.8172546955268236,33.93054634057687,30.296036949523224,35.747801036103695,28.4787822539964,55.77518494508617,102.30165215261171,50210335,2519046.0551815946,1596673.1794734555,26.367832846841083,57.419333972882065,33.81817078468841,35.14893995522105,32.7036508428951,36.263459897014364,31.37288167236246,37.594229067547005,30.25836173056915,-0.006226391785941293,-23.11099669587904,1.3590099766122705,1.4160468143030347,-0.057036837690764175,66.67327948402686,35.697044984467475,33.59394226074219,32.11329164505005,28.663811340332032,27.09297372817993,SALASAR.NS,2023-11-22 11:03:42.516683
293,2022-09-14 00:00:00+05:30,32.837030247669524,34.08085715099033,32.3394994863412,32.9365348815918,539552,0.0,0.0,2022-09-14,31.869335842132568,1.8724392510779408,33.74177509321051,29.996896591054625,35.61421434428845,28.124457339976686,-0.9665199407752053,92.28866372381957,48341856,703948.2701077969,1366079.9605464207,26.304721829182725,58.868770188387224,33.11896383964111,33.898428192941026,32.15707052829189,34.86032150429025,31.377606174991975,35.63978585759016,30.415712863642753,-0.0459546577743458,-49.333473980825175,1.365260907974946,1.4303060237257257,-0.06504511575077965,61.72103026537513,36.034581206099936,33.54352645874023,31.869335842132568,28.518466072082518,27.044978618621826,SALASAR.NS,2023-11-22 11:03:42.516683
294,2022-09-13 00:00:00+05:30,34.230124028685125,34.230124028685125,33.18530620607169,33.38431930541992,555694,0.0,0.0,2022-09-13,31.69520034790039,1.9290556958607021,33.62425604376109,29.76614465203969,35.55331173962179,27.837088956178984,45.11901817824824,108.39007739688935,48881408,734865.3421288712,1531612.8831560765,26.28891975638372,68.84644130528098,33.599916513392245,34.0145268207128,32.969708998099364,34.64473433600568,32.555098690778806,35.05934464332624,31.924891175485925,-0.03239510218498645,-24.778728467524196,1.4607032738704717,1.4465673026634203,0.014135971207051456,65.4134594574055,36.98629954490295,33.66293487548828,31.69520034790039,28.424930381774903,26.99766347885132,SALASAR.NS,2023-11-22 11:03:42.516683
295,2022-09-12 00:00:00+05:30,34.32962410681871,34.57838949889711,33.68283256907142,33.78234100341797,574619,0.0,0.0,2022-09-12,31.48872489929199,1.9595058457400993,33.44823074503209,29.52921905355189,35.40773659077219,27.569713207811795,93.27128026736827,124.58343276134133,49437102,768952.0443120376,1730799.7684128776,26.271464423633805,71.213599159933,34.0145210237955,34.34620947851958,33.450652548693895,34.91007795362119,33.118964093969815,35.24176640834527,32.55509561886821,-0.04104772846651811,-16.26017977416277,1.5166665752252975,1.4430333098616575,0.07363326536364001,68.81128824643889,36.92319773676462,33.54352722167969,31.48872489929199,28.317463684082032,26.929650993347167,SALASAR.NS,2023-11-22 11:03:42.516683
296,2022-09-09 00:00:00+05:30,34.230122278195374,34.42913157150735,33.73259145319753,33.832096099853516,1170713,0.0,0.0,2022-09-09,31.277274417877198,1.9268797680349308,33.20415418591213,29.35039464984227,35.13103395394706,27.423514881807336,117.83799248781347,132.8584989651973,50011721,1568949.1893284612,1971261.6994380874,26.252308972963323,68.95957561358667,33.99793970818613,34.26328796317473,33.56674784486491,34.69447982649595,33.30139958987631,34.95982808148455,32.870207726555094,0.0009940482590883963,-13.2867014336107,1.526137656320305,1.4246249935207473,0.10151266279955773,69.22868182742606,36.14884140187636,33.13555221557617,31.277274417877198,28.263730354309082,26.856016426086427,SALASAR.NS,2023-11-22 11:03:42.516683
297,2022-09-08 00:00:00+05:30,34.130611033984266,34.32962410681871,33.08579714642673,33.78234100341797,1348589,0.0,0.0,2022-09-08,31.00860776901245,1.926514495139678,32.93512226415213,29.082093273872772,34.861636759291805,27.155578778733094,127.01602882593163,135.17560441817258,48841008,1804674.5208333284,2071839.8269654938,26.212718407066014,65.93779708950731,33.7325874188878,34.37937769134888,33.13555073095689,34.97641437927979,32.48876045849582,35.62320465174086,31.89172377056491,0.03958927097540116,-13.98603032725333,1.5102400891896437,1.3992468278208579,0.11099326136878584,69.05438054818599,35.39204763885638,32.74747772216797,31.00860776901245,28.27766124725342,26.776361751556397,SALASAR.NS,2023-11-22 11:03:42.516683
298,2022-09-07 00:00:00+05:30,33.18530312484476,34.777403975946285,32.8867854014691,33.53357696533203,2029038,0.0,0.0,2022-09-07,30.725015258789064,1.9141398450135771,32.63915510380264,28.810875413775488,34.553294948816216,26.89673556876191,152.72495558961305,144.72069137808916,47492419,2695253.348972287,2138631.153498535,26.166897989224978,66.68406080594205,33.732588780915805,34.57839216036251,32.687773585885324,35.62320735539299,31.841970206438617,36.4690107348397,30.797155011408137,0.0446189120837188,-17.482513943923042,1.4719040833578312,1.3714985124786614,0.10040557087916979,68.21855936396167,34.626265732043656,32.39920654296875,30.725015258789064,28.209997062683104,26.69864742279053,SALASAR.NS,2023-11-22 11:03:42.516683
299,2022-09-06 00:00:00+05:30,32.09073714536775,33.881847296635115,31.045923206783357,32.78728103637695,1988773,0.0,0.0,2022-09-06,30.406595516204835,1.9516695429344904,32.35826505913933,28.454925973270345,34.30993460207382,26.503256430335853,40.835698062737215,123.96269743782597,45463381,2582974.691852923,1999475.6046300968,26.099189900555974,65.01903748798198,32.571683846598475,34.09744448641359,31.261520396561835,35.40760793645023,29.735759756746717,36.93336857626535,28.425596306710077,0.050088900927767875,-17.599975145088344,1.4250202905004485,1.3463971197588689,0.07862317074157965,65.63275615907403,33.80157752470687,32.369355010986325,30.406595516204835,28.063026466369628,26.626555213928224,SALASAR.NS,2023-11-22 11:03:42.516683
300,2022-09-05 00:00:00+05:30,31.84197251660066,32.23999869140174,31.642959429200122,31.74246597290039,446832,0.0,0.0,2022-09-05,30.180218982696534,1.923369028077318,32.103588010773855,28.256849954619216,34.02695703885117,26.3334809265419,11.125976090060485,113.04124344491498,43474608,561842.3382241451,1853600.8328243901,26.038390933550236,60.00705749815177,31.87514136450075,32.10732329980138,31.51028403759976,32.47218062670237,31.278102102299133,32.70436256200299,30.913244775398145,0.023971208380118427,-33.87092560436348,1.4169024533983112,1.326741327073474,0.09016112632483719,61.61099642140023,33.33911995859929,32.24994735717773,30.180218982696534,27.892074851989747,26.554313735961912,SALASAR.NS,2023-11-22 11:03:42.516683
301,2022-09-02 00:00:00+05:30,32.43900675556247,32.737528273297706,31.642958231938987,31.8917236328125,1664479,0.0,0.0,2022-09-02,30.02349672317505,1.9170642870775714,31.940561010252623,28.106432436097478,33.857625297330195,26.189368149019906,31.466082048613774,127.02100879885509,43921440,2102741.299070737,2176540.4564744513,26.026716757564447,62.948761941166254,32.09073671268306,32.53851519342713,31.443945152068416,33.185306754041775,30.996166671324342,33.63308523478585,30.349375110709698,0.09909237659693006,-31.451595652830818,1.4879393961872296,1.3042010454922648,0.1837383506949648,62.59198368686568,33.80530855732565,32.44895935058594,30.02349672317505,27.731073875427246,26.47212163925171,SALASAR.NS,2023-11-22 11:03:42.516683
302,2022-09-01 00:00:00+05:30,33.43406910591743,33.633082190233615,31.991232785307545,32.040985107421875,2130289,0.0,0.0,2022-09-01,29.794632720947266,1.9551375857707856,31.74977030671805,27.83949513517648,33.70490789248884,25.884357549405696,57.21393748253986,150.57162583116101,45585919,2703795.976099133,2194990.24582538,25.981659238919008,71.24937265189132,32.55510002765434,33.118967270001136,31.477117865075066,34.19694943258041,30.91325062272827,34.760816674927206,29.835268460148995,0.16323808711519844,-26.4705467584471,1.54164405497583,1.2582664578185234,0.2833775971573065,63.53129194548118,34.30735781749251,32.62807083129883,29.794632720947266,27.57226203918457,26.379929180145265,SALASAR.NS,2023-11-22 11:03:42.516683
303,2022-08-30 00:00:00+05:30,32.3892576045379,33.732593178244116,32.3892576045379,33.38431930541992,1571217,0.0,0.0,2022-08-30,29.493626499176024,2.052108775829547,31.54573527500557,27.44151772334648,33.59784405083512,25.38940894751693,91.4128201972766,183.7329519575942,47716208,2077821.459766883,2067788.8132569413,25.921489996652546,79.83740046091108,33.16872336273398,33.94818912093005,32.60485354722384,34.51205893644019,31.825387789027765,35.291524694636266,31.261517973517627,0.27834047029242315,-6.617578342692806,1.5723440553955257,1.1874220585291966,0.3849219968663291,72.56451128853122,34.46030576757528,32.62807083129883,29.493626499176024,27.40718132019043,26.28843324661255,SALASAR.NS,2023-11-22 11:03:42.516683
304,2022-08-29 00:00:00+05:30,31.792220385984713,33.732591357121606,31.294689562403914,32.190242767333984,1251299,0.0,0.0,2022-08-29,29.06574993133545,2.0899783746962486,31.155728306031698,26.975771556639202,33.24570668072795,24.88579318194295,86.24235102819883,177.1392252303599,46144991,1595566.3989177314,2065280.6516294559,25.866429026332156,76.60998188831647,32.40584122895317,33.516992895502426,31.079091100784737,34.84374302367087,29.96793943423548,35.95489469022012,28.641189306067044,0.2612875497471644,-22.44895575139566,1.4555278992300913,1.0911915593126142,0.36433633991747705,68.9204367134307,34.17850491740627,31.782267761230468,29.06574993133545,27.23314498901367,26.182061138153077,SALASAR.NS,2023-11-22 11:03:42.516683
305,2022-08-26 00:00:00+05:30,33.284809023683955,33.832092107426504,32.43900444348319,32.737525939941406,1278072,0.0,0.0,2022-08-26,28.682651233673095,2.1870813246428664,30.86973255831596,26.49556990903023,33.05681388295883,24.308488584387362,144.8710575313259,213.77908050893086,47396290,1657412.8758876624,2182709.214807387,25.829052090587865,79.2194455754337,33.00287416361704,33.56674388375088,32.17365621980757,34.39596182756035,31.609786499673724,34.95983154769419,30.780568555864257,0.27385457105143285,-14.965969690899316,1.4015128144171989,1.000107474333245,0.4014053400839539,73.08667193833398,33.87502796588077,31.115576553344727,28.682651233673095,27.083288688659668,26.079619541168213,SALASAR.NS,2023-11-22 11:03:42.516683
306,2022-08-25 00:00:00+05:30,32.04098482369398,33.533577249059924,32.04098482369398,32.78728103637695,2582464,0.0,0.0,2022-08-25,28.287114334106445,2.1297374894156813,30.416851823522126,26.157376844690763,32.546589312937805,24.02763935527508,225.67952498089744,210.77865528599366,48674362,3354047.5230814503,2314033.299537318,25.78709254921553,78.97792410193964,32.78728103637695,33.533577249059924,32.04098482369398,34.279873461742895,31.29468861101101,35.026169674425866,30.54839239832804,0.33300262137573955,-10.638296318873763,1.2572229946739455,0.8997561393122565,0.357466855361689,73.46153998702948,32.251783685170615,30.239922714233398,28.287114334106445,26.936218605041503,25.96966526031494,SALASAR.NS,2023-11-22 11:03:42.516683
307,2022-08-24 00:00:00+05:30,29.35431795880056,32.23999819173806,29.15530487448438,32.040985107421875,5222079,0.0,0.0,2022-08-24,27.84182424545288,2.069481354685313,29.911305600138192,25.77234289076757,31.980786954823508,23.702861536082253,248.42782921740428,149.21872541574947,46091898,6627943.995895291,2054029.7436512844,25.700116417007113,77.84054445165363,31.145429391214773,33.135553907945166,30.050860590691485,34.23012270846846,28.060736073961092,36.22024722519885,26.966167273437804,0.3672809697136041,-3.4782729110566146,1.0485393448283418,0.8103894254718342,0.23814991935650753,71.419741045585,30.609156024287426,29.48367576599121,27.84182424545288,26.783974113464357,25.853093795776367,SALASAR.NS,2023-11-22 11:03:42.516683
308,2022-08-23 00:00:00+05:30,29.105551634532723,29.55333011115882,28.657773157906625,29.155303955078125,604820,0.0,0.0,2022-08-23,27.463700771331787,1.9492461993577928,29.41294697068958,25.514454571973996,31.362193170047373,23.5652083726162,39.14976854914767,77.83506957765043,40869819,698511.0000989016,910551.1805902824,25.536698686123827,69.53455867129291,29.12213574138119,29.586498324855754,28.690941371603557,30.017692694633386,28.226578788128993,30.48205527810795,27.79538441835136,0.18891074877294073,-32.63163530458526,0.8389729172741944,0.7508519456327073,0.08812097164148713,60.563222702916,29.33863054755423,28.906539535522462,27.463700771331787,26.618395805358887,25.746323661804198,SALASAR.NS,2023-11-22 11:03:42.516683
309,2022-08-22 00:00:00+05:30,28.657773646472094,29.05579980933845,27.66271203516502,28.856786727905273,579448,0.0,0.0,2022-08-22,27.247274971008302,1.9913845954243437,29.238659566432645,25.25589037558396,31.230044161856988,23.264505780159617,-19.15712644442758,59.06127623190213,40264999,662356.755865608,963561.2257131275,25.52586509083018,69.67498707252699,28.525099524136248,29.387487013107478,27.994399238934047,29.91818729830968,27.132011749962818,30.78057478728091,26.601311464760617,0.19048792813843227,-29.133871016905903,0.8421485452232069,0.7288217027223355,0.11332684250087144,59.06434971354993,29.469871831359047,28.966243743896484,27.247274971008302,26.54197509765625,25.66900737762451,SALASAR.NS,2023-11-22 11:03:42.516683
310,2022-08-19 00:00:00+05:30,28.757281020860415,29.155305297336064,28.160243657182214,28.359256744384766,518597,0.0,0.0,2022-08-19,27.035824394226076,2.0355222218571654,29.07134661608324,25.00030217236891,31.106868837940407,22.964779950511744,-14.393950530940284,63.76546344997363,39685551,582578.3980180281,1038862.3431750074,25.516283632848268,71.04821146236795,28.558268566301013,28.956293475419812,27.961231835265963,29.553330206454863,27.563206926147164,29.951355115573662,26.966170195112113,0.17100825972100175,-37.007872198581076,0.8628539087549001,0.7004899920971176,0.1623639166577825,56.506019266498235,29.98801035488882,29.04584846496582,27.035824394226076,26.474808464050295,25.597561950683595,SALASAR.NS,2023-11-22 11:03:42.516683
311,2022-08-18 00:00:00+05:30,29.354318247176028,29.553331333447307,28.50851547741727,29.006046295166016,1279468,0.0,0.0,2022-08-18,26.841787338256836,2.087040349290203,28.928827687547038,24.754746988966634,31.01586803683724,22.66770663967643,40.355600736327204,85.01984927245418,40204148,1470102.095742052,1152933.329464252,25.508945679024826,74.51345187957355,29.022631035343533,29.536746593269797,28.49193073723976,30.06744689137357,27.977815179313495,30.581562449299835,27.44711488120972,0.18507851092804053,-26.771661606588093,0.9252886693996913,0.659899012932672,0.2653896564670194,61.11679715085735,29.912802036306953,29.28466339111328,26.841787338256836,26.404159088134765,25.537310962677,SALASAR.NS,2023-11-22 11:03:42.516683
312,2022-08-17 00:00:00+05:30,29.105551634532723,29.851847830289973,28.95629277496715,29.155303955078125,1135516,0.0,0.0,2022-08-17,26.627849102020264,2.072764965004522,28.700614067024787,24.55508413701574,30.773379032029307,22.48231917201122,81.92211440464887,101.40684784025225,41483616,1311415.655547608,1073641.137894802,25.48653349396636,83.91227219429732,29.321148186778416,29.686003598589682,28.79044854326686,30.21670324210124,28.425593131455592,30.581558653912506,27.894893487944035,0.2002219013640328,-22.14288941441242,0.9275055864452497,0.593551598815917,0.3339539876293327,62.204459838793554,29.372603121067677,29.1752067565918,26.627849102020264,26.303458824157715,25.46825366973877,SALASAR.NS,2023-11-22 11:03:42.516683
313,2022-08-16 00:00:00+05:30,29.155305365447028,29.851849274353732,28.508515677421922,29.453824996948242,531979,0.0,0.0,2022-08-16,26.408935642242433,2.022371732209605,28.43130737445204,24.386563910032827,30.453679106661642,22.364192177823224,91.43781519418974,106.26545011970579,42619132,620677.1013785583,1014197.5084816004,25.46554710833293,81.3144222874702,29.27139664957463,30.034277621727338,28.690944024795527,30.61473024650644,27.92806305264282,31.377611218659148,27.347610427863717,0.2458955091479868,-17.73049116633782,0.9015911790888289,0.5100631019085837,0.3915280771802452,64.33062362812801,28.18463725748363,28.96624412536621,26.408935642242433,26.206937866210936,25.400589485168457,SALASAR.NS,2023-11-22 11:03:42.516683
314,2022-08-12 00:00:00+05:30,29.652834589214894,30.64789617808693,28.956292615762088,29.254810333251953,936416,0.0,0.0,2022-08-12,26.17758378982544,1.917662057809817,28.09524584763526,24.259921732015624,30.012907905445076,22.342259674205806,119.3487700355309,127.6779310944626,42087153,1085164.6674754524,1112577.6102573609,25.45483020836197,84.00003093502444,29.619666375700323,30.283040135638558,28.591436573313715,31.311269938025166,27.92806281337548,31.9746436979634,26.89983301098887,0.20123300683815717,-20.567403433207726,0.8253526128333313,0.41218108261352243,0.41317153021980885,63.559573337725304,26.90528940439312,28.508515548706054,26.17758378982544,26.106337127685546,25.331382942199706,SALASAR.NS,2023-11-22 11:03:42.516683
315,2022-08-11 00:00:00+05:30,28.60802206089464,30.697651877971968,27.065677282870364,29.55333137512207,2074417,0.0,0.0,2022-08-11,25.99100971221924,1.7790248109191018,27.77003452313834,24.211984901300138,29.549059334057443,22.432960090381034,102.16165789050059,117.04799545611857,43023569,2428466.063095688,1119430.8459528377,25.436771008664188,82.77895660382924,29.105553511988134,31.145429741105904,27.5134551460043,32.73752810708974,25.47357891688653,34.77740433620751,23.881480550902698,0.24700345526970838,-16.312048627330114,0.7348387318121716,0.3088882000585702,0.4259505317536014,65.53268529530469,24.94588103762603,28.30950355529785,25.99100971221924,26.004840850830078,25.264216289520263,SALASAR.NS,2023-11-22 11:03:42.516683
316,2022-08-10 00:00:00+05:30,28.11049117094332,28.707528531151013,27.16518185912035,28.458763122558594,452437,0.0,0.0,2022-08-10,25.809410858154298,1.5692574450964183,27.378668303250716,24.24015341305788,28.947925748347135,22.67089596796146,68.96002740714063,83.31835214161623,40949152,510039.33080855856,792172.0416671253,25.39297088100542,76.55339334904951,28.11049117094332,29.05580048276629,27.513453810735626,29.652837842973984,26.568144498912655,30.598147154796955,25.971107138704962,0.1821195905596112,-23.199986139612722,0.5784198158991956,0.20240056712016982,0.3760192487790257,61.50043857494248,22.835748950338395,28.120441436767578,25.809410858154298,25.889015617370607,25.194611721038818,SALASAR.NS,2023-11-22 11:03:42.516683
317,2022-08-08 00:00:00+05:30,27.015922636042358,28.35925620425064,26.51839182544147,28.110490798950195,365881,0.0,0.0,2022-08-08,25.690003490448,1.4428190214740353,27.132822511922036,24.247184468973963,28.57564153339607,22.80436544749993,61.65744058103892,68.8377955894045,40496715,407415.75379980006,862705.2193817669,25.385839811638853,73.65380458005728,27.66271294288077,28.80703406032007,26.966169681510898,29.503577321689942,25.821848564071598,30.647898439129243,25.125305302701726,0.15154410906706126,-28.799997944751503,0.47719065576460906,0.10839575492541338,0.3687949008391957,60.10897544996983,21.47965848730696,27.891577529907227,25.690003490448,25.78901191711426,25.135853328704833,SALASAR.NS,2023-11-22 11:03:42.516683
318,2022-08-05 00:00:00+05:30,28.45876338920606,29.155305401033488,26.81691205669848,27.16518211364746,778630,0.0,0.0,2022-08-05,25.58054666519165,1.327997231637823,26.908543896829475,24.252549433553828,28.236541128467298,22.924552201916004,79.17422848328255,75.58744014398314,40130834,837863.5278536123,976527.5857772585,25.38070502680959,75.46358118407731,27.712466523793143,28.608020990887805,26.2696276465528,30.05085986812815,25.374073179458136,30.946414335222812,23.931234302217792,-0.1727775512371368,-43.99999931823957,0.3746560408603301,0.016197029715614444,0.3584590111447157,56.11097610003433,20.21329921597124,27.473651504516603,25.58054666519165,25.701048431396483,25.08052791595459,SALASAR.NS,2023-11-22 11:03:42.516683
319,2022-08-04 00:00:00+05:30,28.85678773338409,29.90160170249,27.214936397105024,28.259750366210938,1257291,0.0,0.0,2022-08-04,25.533281326293945,1.2847475217193685,26.818028848013313,24.248533804574578,28.10277636973268,22.96378628285521,143.39590105311362,115.06388941693339,40909464,1407452.2199173288,1011193.6002581699,25.373519495637577,80.21962306719186,28.458762821935323,29.702589246765623,27.015923941380645,31.1454281273203,25.772097516550346,32.389254552150604,24.329258635995668,-0.14714196048299216,-26.39999288540631,0.3308026386511713,-0.07341772307056448,0.4042203617217358,62.81869142807565,18.47918982609302,27.00597267150879,25.533281326293945,25.618060264587402,25.038486576080324,SALASAR.NS,2023-11-22 11:03:42.516683
320,2022-08-03 00:00:00+05:30,27.86172458814538,28.657773102920643,27.264687253099247,28.608020782470703,2002082,0.0,0.0,2022-08-03,25.4113862991333,1.1171726082404203,26.52855890737372,24.29421369089288,27.64573151561414,23.17704108265246,207.45243637929764,110.63549735271216,42166755,2268815.6337296213,912128.9453433801,25.354630160021376,71.03352730951374,28.176827046163528,29.08896683922781,27.69588098940641,29.569912895984924,26.78374119634213,30.482052689049205,26.302795139585015,-0.15911340651313316,-0.9999849494738572,0.16184644521196034,-0.1744728135009984,0.33631925871295876,65.14054623512693,16.115743941836342,26.259676361083983,25.4113862991333,25.515270385742188,24.991221141815185,SALASAR.NS,2023-11-22 11:03:42.516683
321,2022-08-02 00:00:00+05:30,26.568147336096043,27.314443588256836,25.971109954781504,27.314443588256836,753364,0.0,0.0,2022-08-02,25.304417228698732,0.8700841610425499,26.17450138974128,24.434333067656183,27.044585550783832,23.56424890661363,261.38939383639956,52.743648366217755,40164673,815129.768502153,572957.2732468196,25.32036777079926,54.2216877673495,26.86666571043172,27.76222146608194,26.418887832606607,28.209999343907054,25.52333207695639,29.10555509955727,25.075554199131275,-0.293732829965192,-0.0,-0.0912202592806679,-0.2585526281792381,0.16733236889857017,60.092308990785575,14.159796513634195,25.503429794311522,25.304417228698732,25.407903213500976,24.949776821136474,SALASAR.NS,2023-11-22 11:03:42.516683
322,2022-08-01 00:00:00+05:30,24.876540202278154,26.02086067199707,24.379009398232593,26.02086067199707,760512,0.0,0.0,2022-08-01,25.279540634155275,0.8149568652201604,26.094497499375436,24.464583768935114,26.909454364595597,23.649626903714953,220.89530563996044,-14.621662800217912,39411309,783893.8565000308,512414.1494329863,25.31243416617846,41.8886339121463,25.47357691407558,26.568144429918565,24.926293156154088,27.115428187840056,23.831725640311102,28.20999570368304,23.28444188238961,-0.35917438647851874,-17.54386623107151,-0.28644244879516023,-0.3003857204038806,0.013943271608720387,53.89204210904829,12.854701937362947,24.81683692932129,25.279540634155275,25.33038787841797,24.928780994415284,SALASAR.NS,2023-11-22 11:03:42.516683
323,2022-07-29 00:00:00+05:30,24.478516005242845,25.17505799404455,24.478516005242845,24.8267879486084,368624,0.0,0.0,2022-07-29,25.316855430603027,0.8661632621328704,26.1830186927359,24.450692168470155,27.049181954868768,23.584528906337287,55.01604298516924,-48.08251388857212,38650797,362521.42185535753,444544.22266622505,25.30957741325045,28.65611076877066,24.826787315965266,25.175058626687687,24.47851663788598,25.52332930476697,24.13024532716356,25.871600615489392,23.781974649084276,-0.4347277649918086,-59.64908860380389,-0.4046476549995681,-0.30387153830606073,-0.10077611669350739,46.813801896482595,12.45343441132992,24.508367919921874,25.316855430603027,25.293670082092284,24.898929138183593,SALASAR.NS,2023-11-22 11:03:42.516683
324,2022-07-28 00:00:00+05:30,25.274565037018135,25.722343529948645,24.47851649172994,24.528268814086914,304751,0.0,0.0,2022-07-28,25.488503551483156,1.0781499762333895,26.566653527716547,24.410353575249765,27.644803503949934,23.332203599016378,62.33066203998797,-43.34877525592332,38282173,296102.15553056926,465049.9228689419,25.31052291622126,10.357857541363671,24.90970961192183,25.34090273211372,24.097075693895015,26.153536650140534,23.665882573703126,26.584729770332423,22.85324865567631,-0.3443372739394489,-72.5806353646025,-0.43225704238208706,-0.2786775091326839,-0.15357953324940316,44.83121401893228,12.840890718094283,24.508367919921874,25.488503551483156,25.294068069458007,24.88445098876953,SALASAR.NS,2023-11-22 11:03:42.516683
325,2022-07-27 00:00:00+05:30,23.73221979714355,25.075553351308166,23.73221979714355,24.8267879486084,846256,0.0,0.0,2022-07-27,25.662639331817626,1.1903147226233264,26.852954054440954,24.4723246091943,28.043268777064277,23.282009886570975,-59.52368369158917,-60.43531748563651,38586924,832246.2139568432,507286.8647035351,25.311791497270022,10.564754052833507,24.544853699020038,25.357487600896526,24.01415404673191,25.888187253184654,23.201520144855422,26.700821155061142,22.670820492567294,-0.4401937041007297,-66.17646820663708,-0.4316564638525655,-0.2402826258203331,-0.1913738380322324,46.438629744434415,13.2581507822315,24.52826919555664,25.662639331817626,25.276953048706055,24.879127407073973,SALASAR.NS,2023-11-22 11:03:42.516683
326,2022-07-26 00:00:00+05:30,24.329257758664426,24.777034356093736,23.68246617693967,23.881479263305664,147381,0.0,0.0,2022-07-26,25.97608366012573,1.68232937610489,27.65841303623062,24.293754284020842,29.340742412335512,22.61142490791595,-134.3482956736302,-80.82912226755018,37740668,139422.3041132332,426047.027390208,25.313985474244568,4.264413830715171,24.113659932113023,24.544853687286377,23.45028550813231,25.20822811126709,23.019091752958957,25.639421866440443,22.355717328978244,-0.5260814963306968,-94.1176287818247,-0.45374690362214665,-0.19243916631227498,-0.26130773730987167,40.12610827870455,14.180544864221863,24.45861473083496,25.97608366012573,25.2646142578125,24.87952543258667,SALASAR.NS,2023-11-22 11:03:42.516683
327,2022-07-25 00:00:00+05:30,25.224811821506528,25.27456414210188,24.279502546759844,24.478515625,215161,0.0,0.0,2022-07-25,26.508441734313966,2.480080359771943,28.98852209408591,24.028361374542023,31.46860245385785,21.54828101477008,-64.73840052309541,-51.599420277350085,37888049,208630.67597607398,497703.20820945164,25.315114920790197,4.233993624982887,24.67752743795391,25.075552329147975,24.080490733805938,25.672589033295946,23.682465842611872,26.07061392449001,23.0854291384639,-0.3019492899504598,-91.22808958387958,-0.38205582487123735,-0.12711223198480703,-0.2549435928864303,43.10549433294652,14.847658246163139,24.627775192260742,26.508441734313966,25.277848587036132,24.889824295043944,SALASAR.NS,2023-11-22 11:03:42.516683
328,2022-07-22 00:00:00+05:30,24.727281407942613,25.32431875400793,24.22975060254308,24.8267879486084,230091,0.0,0.0,2022-07-22,26.804472541809083,2.5765067888880604,29.380979330697144,24.227965752921023,31.957486119585205,21.65145896403296,-59.184450581758945,-43.98596972150095,38103210,226281.83861094518,569971.341267796,25.316078991518697,4.227414846069422,24.793619101719802,25.357487600896523,24.262919449431674,25.88818725318465,23.699050950254954,26.45205575236137,23.168351297966826,-0.19498685838514743,-83.09857978260325,-0.34327983050289745,-0.06337633376319944,-0.279903496739698,44.911804625091214,15.800478625114158,24.68747901916504,26.804472541809083,25.267599411010742,24.902163066864013,SALASAR.NS,2023-11-22 11:03:42.516683
329,2022-07-21 00:00:00+05:30,24.82678827621846,24.876540598243174,24.229750922274736,24.627775192260742,202803,0.0,0.0,2022-07-21,26.872385501861572,2.539266009716558,29.41165151157813,24.333119492145016,31.950917521294688,21.793853482428457,-94.58217186163395,-51.85037147916232,37873119,197846.82633026154,655893.7169320086,25.31668270416023,2.4674723213172314,24.578022237592887,24.926293552911037,24.2795038769426,25.224811913561325,23.931232561624448,25.573083228879476,23.63271420097416,-0.14430864207303448,-90.00000767486253,-0.32273314487907,0.006599540421725059,-0.32933268530079507,43.65906432207359,16.8265928793691,24.68747901916504,26.872385501861572,25.243518905639647,24.90882999420166,SALASAR.NS,2023-11-22 11:03:42.516683
330,2022-07-20 00:00:00+05:30,25.075552961791097,25.075552961791097,24.428761406475274,24.478515625,187941,0.0,0.0,2022-07-20,26.852981758117675,2.558729035109312,29.411710793226987,24.294252723008363,31.9704398283363,21.73552368789905,-111.37826793024779,-44.805060298623474,37670316,182236.82671868653,770405.4395824454,25.317432721371695,2.24939990451486,24.660943331088788,24.8931252557023,24.24633370038648,25.30773488640461,24.014151775772966,25.539916811018124,23.599542145070657,-0.14073260448390393,-98.8235028901946,-0.2719375237222188,0.08893271174692383,-0.36087023546914265,42.752421547014805,17.87744402794886,24.866589736938476,26.852981758117675,25.218841361999512,24.892212467193602,SALASAR.NS,2023-11-22 11:03:42.516683
331,2022-07-19 00:00:00+05:30,24.72728157043457,25.17505815947901,24.47851616610008,24.72728157043457,190384,0.0,0.0,2022-07-19,26.813676834106445,2.602781638978568,29.416458473085015,24.210895195127875,32.019240112063585,21.60811355614931,-129.87582210029458,-36.69580932233611,37858257,186481.75760993126,917447.5927983851,25.318279977859213,1.8471332035963428,24.793618632004552,25.108721097909026,24.412179104530093,25.490160625383485,24.09707663862562,25.80526309128796,23.71563711115116,-0.13906507781947586,-94.31818168962151,-0.18808366465144033,0.17915027061420946,-0.3672339352656498,43.84433883334585,19.190782052650846,25.155157470703124,26.813676834106445,25.198442611694336,24.906939373016357,SALASAR.NS,2023-11-22 11:03:42.516683
332,2022-07-18 00:00:00+05:30,25.02580017256473,25.523330998651225,24.578023567844575,24.777034759521484,342392,0.0,0.0,2022-07-18,26.77486934661865,2.641032207298786,29.415901553917436,24.133837139319866,32.05693376121622,21.49280493202108,-156.56543785203453,-27.299187367730195,38048641,336048.8947402901,1100189.0515954983,25.31888522900863,1.7031035874731373,24.959463108672427,25.34090264950028,24.39559521869363,25.904770539479077,24.014155677865777,26.28621008030693,23.450287787886978,-0.1484773697328896,-97.70116218056123,-0.10237523873011867,0.2709587544306219,-0.37333399316074056,44.05329381072654,20.648591525891078,25.423824310302734,26.77486934661865,25.191178665161132,24.914651107788085,SALASAR.NS,2023-11-22 11:03:42.516683
333,2022-07-15 00:00:00+05:30,25.5233299374101,25.971108421441443,24.677527188645016,24.8267879486084,482909,0.0,0.0,2022-07-15,26.72536506652832,2.6892894955116082,29.414654562039928,24.03607557101671,32.10394405755154,21.3467860755051,-171.56052833756945,-17.458426697784653,38391033,474914.4312544728,1291224.0908093005,25.31988505068709,22.466733213418877,25.15847451956495,25.639421850484887,24.34584061768846,26.452055752361378,23.864893286768524,26.933003083281314,23.052259384892032,-0.1667520717244158,-98.5781847748102,0.0040087233913510545,0.364292252720807,-0.36028352932945595,44.24911473602814,22.17334003865227,25.652688217163085,26.72536506652832,25.226005783081053,24.92106924057007,SALASAR.NS,2023-11-22 11:03:42.516683
334,2022-07-14 00:00:00+05:30,25.971107244873583,26.170118419259957,25.27456338969797,25.52332878112793,356916,0.0,0.0,2022-07-14,26.718150806427,2.6948384611024516,29.412989267529454,24.02331234532455,32.107827728631904,21.3284738842221,-109.86991899167239,5.824778815107691,38873942,360855.11403761787,1495301.5056980075,25.321171666678644,30.767077202378275,25.656003530028617,26.037443670359263,25.141888640797276,26.551558559590603,24.76044850046663,26.93299869992125,24.24633361123529,-0.15028943788789367,-97.48743784248188,0.13525175894903896,0.454363135053171,-0.31911137610413204,46.96292316090384,23.737643244267318,25.93130569458008,26.718150806427,25.271977615356445,24.889476013183593,SALASAR.NS,2023-11-22 11:03:42.516683
335,2022-07-13 00:00:00+05:30,26.418885100982454,26.51839164200018,25.821849650734926,25.921354293823242,457297,0.0,0.0,2022-07-13,26.676855754852294,2.7203187571711664,29.39717451202346,23.956536997681127,32.117493269194625,21.236218240509963,-65.57094438050939,26.830791751199012,39230858,469554.0305376432,1778913.1036131047,25.320781055576116,34.80098576978793,26.08719852885278,26.352547406970636,25.656005415705383,26.783740520118034,25.390656537587528,27.04908939823589,24.95946342444013,-0.16193323950218552,-85.16484692773038,0.23263462765054044,0.534140979079204,-0.30150635142866355,48.54262500645388,24.958967010878514,25.9910099029541,26.676855754852294,25.320636138916015,24.846688385009767,SALASAR.NS,2023-11-22 11:03:42.516683
336,2022-07-12 00:00:00+05:30,26.269626957989907,26.46864004547666,25.72234381429553,26.070615768432617,409363,0.0,0.0,2022-07-12,26.649989128112793,2.7308062202851144,29.380795348397907,23.91918290782768,32.11160156868302,21.188376687542565,-68.54294162116302,28.657259063028945,39688155,422755.63792356674,2106252.8718819697,25.319290561153284,36.24405924036739,26.08719987606827,26.452055937841006,25.705759706659876,26.8334961072494,25.34090364488714,27.198352169022137,24.959463475478746,-0.1579320641175176,-78.8792903835753,0.3145899601521549,0.6095175669363698,-0.2949276067842149,49.11794139445149,25.83440425087809,26.100466918945312,26.649989128112793,25.344418144226076,24.80404998779297,SALASAR.NS,2023-11-22 11:03:42.516683
337,2022-07-11 00:00:00+05:30,26.219873916876416,26.767157045579786,25.672588890243635,25.921354293823242,8390823,0.0,0.0,2022-07-11,26.605211162567137,2.748094087977087,29.353305250544224,23.85711707459005,32.10139933852131,21.109022986612963,-67.005974404809,31.966169728276952,39278792,8615724.046249937,2527127.1803715704,25.317617666877975,36.44715344194309,26.120366743215556,26.568144596187476,25.473576440851325,27.214934898551707,25.025798587879404,27.662712751523628,24.379008285515173,-0.16188507201562324,-79.04802928492235,0.4000511124441779,0.6832494686324234,-0.2831983561882455,48.55174189715354,26.807064536372298,26.24972610473633,26.605211162567137,25.382429466247558,24.760018482208253,SALASAR.NS,2023-11-22 11:03:42.516683
338,2022-07-08 00:00:00+05:30,25.374072538168505,27.065678133218213,25.374072538168505,26.21987533569336,318542,0.0,0.0,2022-07-08,26.497246932983398,2.8179039322905193,29.315150865273917,23.679343000692878,32.133054797564434,20.86143906840236,-74.46290563738238,38.72513369679555,47669615,330846.7382664248,1004977.9639019782,25.288746032621088,49.24217326941989,26.21987533569336,27.065678133218213,25.374072538168505,27.911480930743068,24.52826974064365,28.75728372826792,23.682466943118797,-0.058100580600337626,-76.49807135375313,0.5181058979167936,0.7540490576794847,-0.2359431597626911,49.576270218369615,27.8545448438276,26.418886566162108,26.497246932983398,25.41457000732422,24.716186027526856,SALASAR.NS,2023-11-22 11:03:42.516683
339,2022-07-07 00:00:00+05:30,26.866663765830808,26.96617030751236,25.473577876077318,25.821849822998047,795054,0.0,0.0,2022-07-07,26.452966594696044,2.829426551194479,29.282393145890524,23.623540043501563,32.111819697085004,20.794113492307083,-75.2147208815191,35.62342350651992,47351073,813230.2227655764,1173510.7703108666,25.287052532859512,46.090113330183435,26.087199335529238,26.70082079498116,25.208228363546116,27.57979176696428,24.594606904094196,28.1934132264162,23.715635932111073,-0.05599950702444483,-79.89799353862443,0.6320019085586637,0.8130348476201574,-0.18103293906149376,48.223558013107144,28.982600559548693,26.826861572265624,26.452966594696044,25.433973693847655,24.680115032196046,SALASAR.NS,2023-11-22 11:03:42.516683
340,2022-07-06 00:00:00+05:30,26.468639373779297,27.065676723159015,25.921354346043966,26.468639373779297,223605,0.0,0.0,2022-07-06,26.436796855926513,2.834143259281188,29.2709401152077,23.602653596645325,32.10508337448889,20.768510337364138,-50.04998142982875,55.76093454280077,48146127,234445.90952393893,1263580.907197189,25.284613766348876,46.06496535363075,26.485223480994094,27.04909261594422,25.904770238829173,27.629545858109143,25.340901103879045,28.19341499305927,24.760447861714123,-0.05570256578269601,-74.37313628072431,0.8074470119404644,0.8582930823855308,-0.050846070445066394,50.25799519374923,30.24584557288395,27.26468849182129,26.436796855926513,25.472482566833495,24.647775535583495,SALASAR.NS,2023-11-22 11:03:42.516683
341,2022-07-05 00:00:00+05:30,27.513453699882394,27.76221910747252,26.46863974717563,26.816911697387695,215662,0.0,0.0,2022-07-05,26.354704284667967,2.856859917710855,29.211564202378824,23.49784436695711,32.068424120089674,20.640984449246258,-21.638427953213487,82.7561797849619,48369732,229093.05455607636,1520864.6566155013,25.283093273595977,44.82733782489942,27.015923517345282,27.563207287514935,26.269627927218043,28.309502877642174,25.72234415704839,28.856786647811827,24.97604856692115,0.011498359263327403,-71.39820436896193,0.9561368929062759,0.8710045999967974,0.08513229290947855,51.34097192205431,31.335754142309924,28.190095520019533,26.354704284667967,25.489199600219727,24.610958251953125,SALASAR.NS,2023-11-22 11:03:42.516683
342,2022-07-04 00:00:00+05:30,28.2099966769187,28.2099966769187,26.41888466213994,26.76715660095215,430342,0.0,0.0,2022-07-04,26.212410354614256,2.9031255805302245,29.115535935144482,23.30928477408403,32.01866151567471,20.40615919355381,-8.520654538134497,93.90831896827865,48154070,456294.78589877376,1843807.5571303575,25.281191198941965,46.735777803729256,27.132012646670262,27.845140631200582,26.054028616421824,28.92312466144902,25.340900631891504,29.63625264597934,24.262916601643067,0.01256870126540786,-71.82321093458658,1.0977185284403745,0.8497215267694277,0.24799700167094685,51.201483597112514,32.18126366692638,29.732441329956053,26.212410354614256,25.52213611602783,24.569265155792237,SALASAR.NS,2023-11-22 11:03:42.516683
343,2022-07-01 00:00:00+05:30,28.65777464501655,28.65777464501655,25.573085060825964,28.259750366210938,1374702,0.0,0.0,2022-07-01,26.090515327453613,2.9296666178696222,29.020181945323234,23.16084870958399,31.94984856319286,20.231182091714366,8.077813456428474,112.60562685066655,48584412,1538885.891670895,2190685.7499382533,25.27750500296639,53.34007127562457,27.496870024017813,29.420654987209662,26.335965403019078,30.581559608208398,24.412180439827228,32.505344571400244,23.251275818828493,-0.0065881834871643966,-59.073519033834955,1.2672539496679782,0.7877222763516909,0.4795316733162873,55.61293859850973,33.0918123857441,30.458836364746094,26.090515327453613,25.571491165161135,24.529761219024657,SALASAR.NS,2023-11-22 11:03:42.516683
344,2022-06-30 00:00:00+05:30,28.359256369816134,28.856787183321682,28.010984420776367,28.010984420776367,3021858,0.0,0.0,2022-06-30,25.898717212677003,2.905644707007013,28.804361919684016,22.99307250566999,31.71000662669103,20.087427798662976,32.096900578268496,151.982400134854,47209710,3352987.6745227887,2353635.7145050927,25.253683830003812,53.411791704882276,28.29291867495814,28.574852929139915,27.7290501665946,29.138721437503456,27.447115912412826,29.42065569168523,26.883247404049285,-0.04124365586439566,-60.2006636222043,1.3181119749692236,0.667839358022619,0.6502726169466047,55.00899827368791,34.07240331370164,30.043895721435547,25.898717212677003,25.570396575927735,24.482396278381348,SALASAR.NS,2023-11-22 11:03:42.516683
345,2022-06-29 00:00:00+05:30,33.2350584397302,33.2350584397302,31.095674514770508,31.095674514770508,1350557,0.0,0.0,2022-06-29,25.70716781616211,2.8852725570440407,28.59244037320615,22.82189525911807,31.477712930250192,19.936622702074025,122.75551431645506,321.21640704299415,50231568,1663575.1809148006,2103797.7245006687,25.204404745115923,61.08136370255885,31.808802489757074,32.52193046474364,30.382546539783945,33.94818641471677,29.66941856479738,34.661314389703335,28.24316261482425,0.049513657206682826,-34.28094295330958,1.3877539417618117,0.5052712037859677,0.882482737975844,65.14992317720376,33.73157206573769,29.289638900756835,25.70716781616211,25.541838302612305,24.433837280273437,SALASAR.NS,2023-11-22 11:03:42.516683
346,2022-06-28 00:00:00+05:30,29.85185013362983,35.17542855578354,28.95629500920684,34.52864074707031,3918167,0.0,0.0,2022-06-28,25.340487575531007,2.6180494054182257,27.958536980949233,22.72243817011278,30.57658638636746,20.104388764694555,226.0016984412308,422.02828776275675,51582125,5359101.1877060095,2213853.360397136,25.156968620182372,75.38908177102283,32.88678810402023,36.817281198833626,30.598147652256927,39.10592165059693,26.667654557443534,43.036414745410326,24.379014105680227,0.08934165091217552,-5.434762917199949,1.152094951477725,0.28465051929200663,0.8674444321857184,80.49510425503337,31.068645137459146,27.808987426757813,25.340487575531007,25.448302497863768,24.36075002670288,SALASAR.NS,2023-11-22 11:03:42.516683
347,2022-06-27 00:00:00+05:30,27.065676861522533,30.747403721981712,26.568146050817557,30.399131774902344,2319558,0.0,10.0,2022-06-27,24.78698444366455,1.5082506647916645,26.295235108456215,23.278733778872887,27.80348577324788,21.770483114081223,268.1193126038636,269.6123657320308,47663958,2793160.866989473,1427541.4035699172,24.93281134609602,74.92128984111457,29.238227182567204,31.90830831431685,27.729050643152696,33.41748485373136,25.05896951140305,36.08756598548101,23.54979297198854,-0.013617449295100762,-4.660457067273279,0.49482888874390696,0.06778941124557702,0.42703947749832993,73.52225332559453,28.200877676236104,25.69348564147949,24.78698444366455,25.275062255859375,24.24800952911377,SALASAR.NS,2023-11-22 11:03:42.516683
348,2022-06-24 00:00:00+05:30,24.777034041623512,26.398985550511032,24.309355761907486,26.185047149658203,1417890,0.0,0.0,2022-06-24,24.45264368057251,0.748493921688679,25.20113760226119,23.70414975888383,25.94963152394987,22.955655837195152,105.50544369785968,55.21503664875501,45344400,1470704.537164103,1086136.537715028,24.8542974335351,71.53319999349085,25.63112948735891,26.95290321281033,24.863273424206785,27.720759275962454,23.541499698755363,29.042533001413876,22.77364363560324,-0.08795174484878912,-18.975001305175606,0.052525814946029925,-0.03897045812900547,0.0914962730750354,59.97998780015773,25.998095740692968,24.37104911804199,24.45264368057251,25.18729778289795,24.187957553863527,SALASAR.NS,2023-11-22 11:03:42.516683
349,2022-06-23 00:00:00+05:30,24.170046311539878,24.55314334367602,23.632712155729845,24.239700317382812,369350,0.0,0.0,2022-06-23,24.29418001174927,0.6960708724346284,24.990250884183897,23.59810913931464,25.686321756618526,22.902038266880012,-59.95297523861522,-41.299906479120374,43926510,354645.84985487175,989994.5378527594,24.842510112476916,71.17454084357948,24.14185193892956,24.650991722129273,23.7305605341831,25.062283126875734,23.221420750983384,25.571422910075448,22.810129346236923,-0.14314996344809738,-82.52250984481783,-0.09952851061123624,-0.06184452639776432,-0.037683984213471924,48.69377629758523,25.273724657552084,24.07054023742676,24.29418001174927,25.190083961486817,24.16790704727173,SALASAR.NS,2023-11-22 11:03:42.516683
350,2022-06-22 00:00:00+05:30,24.17999712119588,24.27950366489851,23.468527895926833,23.69241714477539,286860,0.0,0.0,2022-06-22,24.238207817077637,0.744037681238474,24.98224549831611,23.494170135839163,25.726283179554585,22.75013245460069,-107.75402236872435,-62.22471142009131,43557160,269220.9776569851,1148831.7098522312,24.843904224986183,71.12704666149921,23.81348290186691,24.158437907806984,23.347462138835308,24.624458670838585,23.002507132895232,24.96941367677866,22.53648636986363,-0.1159691455377614,-92.43240581951154,-0.10110892862923393,-0.05242353034439633,-0.0486853982848376,44.602034930230964,25.701895901056172,24.162085723876952,24.238207817077637,25.21655261993408,24.13905025482178,SALASAR.NS,2023-11-22 11:03:42.516683
351,2022-06-21 00:00:00+05:30,24.647675682760426,24.6725518425642,23.573009257045058,23.95113182067871,1692760,0.0,0.0,2022-06-21,24.215570068359376,0.7680188439340323,24.98358891229341,23.447551224425343,25.75160775622744,22.679532380491313,-99.68969540461471,-50.52944827468341,43844020,1606020.045116541,1368734.3929010425,24.845976222621527,72.36417620929933,24.065564306762656,24.558119356480255,23.458576770961113,25.1651068922818,22.966021721243514,25.657661941999397,22.35903418544197,-0.115690930240434,-87.74774593290546,-0.047701288810191755,-0.040252180773186916,-0.00744910803700484,46.22009613023775,26.376943816554693,24.500406646728514,24.215570068359376,25.213169403076172,24.12412431716919,SALASAR.NS,2023-11-22 11:03:42.516683
352,2022-06-20 00:00:00+05:30,24.647677247487177,25.239738239292347,23.62773944734825,23.786949157714844,1031930,0.0,0.0,2022-06-20,24.18994731903076,0.7856512870842618,24.97559860611502,23.4042960319465,25.761249893199285,22.618644744862237,-80.15240883902557,-45.18872852033088,42151260,972340.8127248082,1309412.9798471676,24.85557993707135,78.24817493535605,24.218142281451815,24.80854511555538,23.196546323611283,25.83014107339591,22.60614348950772,26.420543907499475,21.584547531667187,-0.1051349371398034,-90.72067328067763,-0.004080054565534397,-0.0383899037639357,0.034309849198401306,45.08163068062542,26.99208506162497,24.74519157409668,24.18994731903076,25.187596321105957,24.116561851501466,SALASAR.NS,2023-11-22 11:03:42.516683
353,2022-06-17 00:00:00+05:30,24.67255190305026,25.473576777029184,23.796898549477056,24.68250274658203,853000,0.0,0.0,2022-06-17,24.209848403930664,0.7799260132455641,24.98977441717623,23.4299223906851,25.769700430421793,22.649996377439535,-45.559865464569114,-27.43132438298997,43183190,834003.2780020953,1393681.0216277575,24.862617543375638,81.51635918637578,24.650992691029426,25.505086832581796,23.82840860502967,26.327670918581553,22.9743144634773,27.181765060133923,22.15173037747754,-0.0761002328748426,-74.50449242652306,0.06799966751786712,-0.04696736606353602,0.11496703358140314,50.68598475497734,27.599136377267204,24.740215682983397,24.209848403930664,25.16968517303467,24.117905178070068,SALASAR.NS,2023-11-22 11:03:42.516683
354,2022-06-16 00:00:00+05:30,25.89150238728912,26.45868717590014,24.393933668517185,24.69742774963379,810950,0.0,0.0,2022-06-16,24.21805763244629,0.7860032469929802,25.00406087943927,23.43205438545331,25.79006412643225,22.64605113846033,22.756243672617252,-6.064236166282926,44036190,793369.1959790573,1533600.457534173,24.86360340534158,85.17222263181147,25.18334953135037,25.972765394183554,23.9080118868006,27.248103038733323,23.118596023967417,28.037518901566507,21.843258379417648,-0.05906063073799376,-73.04963706144653,0.07105479662230252,-0.0757091244588868,0.14676392108118932,50.75107921635397,28.090049696119273,24.87056884765625,24.21805763244629,25.13097728729248,24.112730865478515,SALASAR.NS,2023-11-22 11:03:42.516683
355,2022-06-15 00:00:00+05:30,25.55318230771862,26.269625979717777,25.005897286475495,25.384021759033203,556690,0.0,0.0,2022-06-15,24.166812133789062,0.7865151982310233,24.953327332020084,23.38029693555804,25.73984253025111,22.593781737327014,72.61049507261065,8.827215745788653,44847140,559761.9628618521,1718658.272922952,24.86447265595108,88.89103207364572,25.553181675075493,26.10046606367549,24.83673737043321,26.816910368317775,24.28945298183321,27.364194756917772,23.573008677190927,-0.035208797804377204,-55.54654266489718,0.07241981318087554,-0.11240010472918413,0.18481991791005967,55.30156747030365,28.041984174984925,25.030774307250976,24.166812133789062,25.07595039367676,24.111686058044434,SALASAR.NS,2023-11-22 11:03:42.516683
356,2022-06-14 00:00:00+05:30,24.120291745868872,26.86666185180489,24.030736054528514,25.17505645751953,2533030,0.0,0.0,2022-06-14,24.108103466033935,0.7328687568039646,24.840972222837898,23.37523470922997,25.573840979641865,22.642365952426005,69.11086551905473,-0.9737514462103076,44290450,2526040.556334062,2008382.350438227,24.86260031112086,83.28974156150491,25.357484787950977,26.68423352137344,23.848307724097065,28.19341058522735,22.521558990674603,29.520159318649814,21.01238192682069,-0.03323381280980657,-55.65751339486932,0.005451071134245922,-0.15860508420669903,0.16405615534094495,54.13948441308256,27.37086958767608,24.919327545166016,24.108103466033935,25.003111915588377,24.107357540130614,SALASAR.NS,2023-11-22 11:03:42.516683
357,2022-06-13 00:00:00+05:30,25.52332915475827,25.52332915475827,23.274489755559664,23.762069702148438,1529500,0.0,0.0,2022-06-13,24.076510429382324,0.6972045636274894,24.773714993009815,23.379305865754834,25.470919556637302,22.682101302127347,-42.788267069093465,-51.33407732203938,41757420,1439671.0752392383,1878967.7989642683,24.857391294537717,80.04723436304664,24.186629537488788,25.09876931941791,22.849929920219306,26.435468936687393,21.937790138290183,27.347608718616517,20.6010905210207,-0.0016868852432388641,-77.37003933596257,-0.05979188817235581,-0.19961912304193524,0.13982723486957943,45.2678772594003,26.648130801343477,24.678522872924805,24.076510429382324,24.92221347808838,24.112332859039306,SALASAR.NS,2023-11-22 11:03:42.516683
358,2022-06-10 00:00:00+05:30,25.473578490834218,25.573085034917174,25.030776362491,25.33426856994629,402090,0.0,0.0,2022-06-10,24.086709785461426,0.6938465004704427,24.78055628593187,23.392863284990984,25.47440278640231,22.69901678452054,85.45298115574333,-5.489074278072682,43286920,403516.3857242733,1988791.9798955256,24.86852940232262,86.5153801459056,25.31270998911815,25.5946436157453,25.052334943319128,25.855018661544324,24.770401316691977,26.136952288171475,24.510026270892954,0.06814263853290932,-53.21099568473385,-0.0032589224651324855,-0.2345759317593301,0.2313170092941976,56.58579873283705,26.523034732992606,24.791960144042967,24.086709785461426,24.874251518249512,24.131736583709717,SALASAR.NS,2023-11-22 11:03:42.516683
359,2022-06-09 00:00:00+05:30,25.075554601111588,26.846763141938805,24.41881405708562,25.498455047607422,6774440,0.0,0.0,2022-06-09,24.0011344909668,0.6349230261428085,24.636057517109606,23.36621146482399,25.270980543252413,22.731288438681183,136.34599683669586,5.226571494126133,43689010,6842531.421436943,2385110.8784383386,24.867281016396912,88.09882618677092,25.58801074887728,26.757207440668942,24.329258355815757,28.015959833730466,23.160061664024095,29.185156525522128,21.90130927096257,0.04785830455020438,-50.68803986661097,-0.08566798482817006,-0.29240518408287947,0.2067371992547094,57.95705460367187,24.466169522114612,24.609864044189454,24.0011344909668,24.79603965759277,24.14084138870239,SALASAR.NS,2023-11-22 11:03:42.516683
360,2022-06-08 00:00:00+05:30,23.921282034615604,25.374071075376122,23.388922326743053,24.8267879486084,4755000,0.0,0.0,2022-06-08,23.89590663909912,0.5411842283556315,24.437090867454753,23.354722410743488,24.978275095810382,22.81353818238786,58.89463303278367,-39.242898537085296,36914570,4676280.874067408,1270755.7426886875,24.837428918575,80.38313048472415,24.529927116909192,25.67093190707533,23.685783158442263,26.51507586554226,22.544778368276123,27.6560806557084,21.700634409809194,0.12568422246052252,-61.00914815397425,-0.20604843770158965,-0.3440894838965568,0.13804104619496715,53.58328849774668,22.25108391039985,24.346172332763672,23.89590663909912,24.720315437316895,24.151886558532716,SALASAR.NS,2023-11-22 11:03:42.516683
361,2022-06-07 00:00:00+05:30,24.269550804694422,24.349155653457963,23.821774242123006,23.971033096313477,143540,0.0,0.0,2022-06-07,23.827496147155763,0.5024070133098055,24.32990316046557,23.325089133845957,24.832310173775376,22.82268212053615,12.220605694482186,-57.77436968936147,32159570,136297.9192476357,419374.45984400733,24.83779429979415,60.83429232261078,24.047320997298147,24.27286775247329,23.74548634113833,24.574702408633105,23.51993958596319,24.800249163808246,23.218104929803374,-0.10093190324539132,-74.15902330959103,-0.29090091780172855,-0.37859974544529856,0.08769882764357001,47.01323697485234,20.454978401302554,24.13322868347168,23.827496147155763,24.670462837219237,24.166016426086426,SALASAR.NS,2023-11-22 11:03:42.516683
362,2022-06-06 00:00:00+05:30,23.98098412991214,28.797082263139814,23.93122991283437,24.329256057739258,1134720,0.0,0.0,2022-06-06,23.84714870452881,0.5158254908329497,24.36297419536176,23.33132321369586,24.878799686194707,22.81549772286291,223.42416809334728,11.613351366507333,32303110,1093571.21763959,490143.59499310027,24.838693667494017,59.39269172970426,25.68585607790448,27.440482242974586,22.574629892669144,30.55170842820992,20.820003727599037,32.30633459328003,17.708777542363702,-0.11520341537894653,-68.65442440723983,-0.3108513285705605,-0.40052445235619105,0.08967312378563053,49.7504645951015,19.01655033738938,24.030737686157227,23.84714870452881,24.633048515319825,24.18343002319336,SALASAR.NS,2023-11-22 11:03:42.516683
363,2022-06-03 00:00:00+05:30,24.976047585473626,24.976047585473626,24.284480048182502,24.42378807067871,324790,0.0,0.0,2022-06-03,23.956605434417725,0.7853572217455954,24.74196265616332,23.17124821267213,25.527319877908916,22.385890990926534,134.96965172891376,-30.890658651052437,33437830,314228.23391498387,339286.6893314778,24.842906960336034,52.86283877168835,24.561438568111612,24.838397088040722,24.146829550749597,25.253006105402736,23.869871030820487,25.529964625331846,23.455262013458473,-0.032128840554963074,-28.2607689739322,-0.36696356539879105,-0.4229427333025987,0.055979167903807636,50.432101586311454,17.340199255883114,23.90734977722168,23.956605434417725,24.594241104125977,24.190246200561525,SALASAR.NS,2023-11-22 11:03:42.516683
364,2022-06-02 00:00:00+05:30,24.055613788577023,24.52826843538858,23.727243531474258,24.179996490478516,316330,0.0,0.0,2022-06-02,24.091685009002685,1.0557330548315804,25.147418063834266,23.035951954171104,26.203151118665847,21.980218899339523,62.57372511730465,-44.45262591033247,33113040,302988.50153537845,345551.30318560125,24.843901474835985,59.169486580154384,24.145169485780453,24.56309544008665,23.762070536172327,24.946194389694774,23.344144581866132,25.36412034400097,22.961045632258006,0.014094225488802143,-36.45480304085135,-0.44255414919716785,-0.43693752527855056,-0.005616623918617281,48.69137552758633,18.39042712589706,23.62574691772461,24.091685009002685,24.556428756713867,24.198107166290285,SALASAR.NS,2023-11-22 11:03:42.516683
365,2022-06-01 00:00:00+05:30,23.88147792687171,24.50836588736318,23.473502830788664,23.762069702148438,330980,0.0,0.0,2022-06-01,24.28049793243408,1.364801295708931,25.64529922814301,22.91569663672515,27.010100523851943,21.55089534101622,33.6457805969985,-50.01656248174086,32796710,311541.24385922396,356192.0035981569,24.84543935462346,65.73246156449133,23.914646140100093,24.35578944941152,23.320926392837006,24.949509196674608,22.879783083525577,25.390652505986036,22.28606333626249,0.03053959778844091,-50.50166363481713,-0.5086178599617845,-0.4355333692988962,-0.07308449066288836,45.58615305302134,19.546068434967268,23.413798904418947,24.28049793243408,24.523591728210448,24.21477445602417,SALASAR.NS,2023-11-22 11:03:42.516683
366,2022-05-31 00:00:00+05:30,24.070540769395844,24.12526946136916,23.299368404689407,23.45857810974121,144510,0.0,0.0,2022-05-31,24.447917175292968,1.4968435487833325,25.9447607240763,22.951073626509636,27.44160427285963,21.454230077726304,-27.590661493065664,-57.12999156313688,32465730,134285.4992803069,367354.6935328902,24.848071490899553,58.50574927155707,23.627738658599924,23.95610891251044,23.130207855830687,24.453639715279678,22.80183760192017,24.782009969190195,22.304306799150933,0.0014886498203583254,-60.70226385721302,-0.544333641408798,-0.417262246633174,-0.127071394775624,43.310575298512575,20.766495870686796,23.30931739807129,24.447917175292968,24.500207824707033,24.228804836273195,SALASAR.NS,2023-11-22 11:03:42.516683
367,2022-05-30 00:00:00+05:30,23.6824639834927,24.07551374880045,23.184933211587985,23.712316513061523,278500,0.0,0.0,2022-05-30,24.67354736328125,1.6699620901052628,26.343509453386513,23.00358527317599,28.013471543491775,21.333623183070728,-31.07202176230143,-52.40642842534284,32610240,261594.56415741285,425621.9920960359,24.849547011491083,54.25503851183145,23.65758782448332,24.13024243737865,23.239661900166187,24.548168361695783,22.767007287270854,25.020822974591116,22.349081362953722,-0.010949459482333184,-52.17390894362258,-0.5519238617151103,-0.38549439793926804,-0.16642946377584228,44.759002659970726,21.623804909282963,23.305337142944335,24.67354736328125,24.48269474029541,24.23014814376831,SALASAR.NS,2023-11-22 11:03:42.516683
368,2022-05-27 00:00:00+05:30,23.184934319642657,24.374034515585006,22.652576520096503,23.01577377319336,200830,0.0,0.0,2022-05-27,24.864350605010987,1.7693990810921163,26.633749686103105,23.09495152391887,28.40314876719522,21.325552442826755,-81.46213100758894,-60.04827475938779,32331740,183098.0423045566,466628.84908069164,24.851879149742068,48.92300269294674,23.34746160295829,24.04234668582008,22.320888690331575,25.068919598446794,21.626003607469787,25.76380468130858,20.599430694843072,-0.002542103765354821,-83.1797322687502,-0.5782685492264861,-0.34388703199530746,-0.23438151723117862,39.49830082619088,22.488382964642042,23.39986801147461,24.864350605010987,24.460007400512694,24.23129247665405,SALASAR.NS,2023-11-22 11:03:42.516683
369,2022-05-26 00:00:00+05:30,23.3839471353734,23.3839471353734,22.28937901753601,23.120256423950195,1302110,0.0,0.0,2022-05-26,25.07306489944458,1.785985534143186,26.85905043358777,23.287079365301395,28.645035967730955,21.501093831158208,-159.9670301565404,-71.52805486975106,32532570,1192531.4825657154,537511.5507747254,24.854598401980585,45.21931549904294,22.931194192286537,23.573009367037063,22.478441249199673,24.025762310123927,21.836626074449146,24.667577484874453,21.383873131362282,-0.01761303500507365,-83.53055117578815,-0.5346371815952935,-0.28529165268751283,-0.24934552890778067,40.00365885312597,23.419467024259514,23.766050720214842,25.07306489944458,24.45891288757324,24.238456935882567,SALASAR.NS,2023-11-22 11:03:42.516683
370,2022-05-25 00:00:00+05:30,24.518316117239845,24.637724338974405,22.886415773753086,23.239662170410156,183440,0.0,0.0,2022-05-25,25.304416751861574,1.81909037651602,27.123507128377593,23.485326375345554,28.942597504893612,21.666235998829535,-66.71344862478821,-47.78639485841463,33834680,168870.3426821547,373756.5678269778,24.87141337014972,48.27511145500752,23.587934094379218,24.28945241500535,22.53814384978403,25.339242659600536,21.8366255291579,26.04076098022667,20.786835284562713,-0.04959994062641541,-86.63269119781249,-0.48096520407239396,-0.22295527046056765,-0.25800993361182634,40.58222520762196,23.270934428071413,23.876502990722656,25.304416751861574,24.467171897888182,24.246566696166994,SALASAR.NS,2023-11-22 11:03:42.516683
371,2022-05-24 00:00:00+05:30,24.179996680422246,24.582997321003404,23.160058896403854,23.438676834106445,165890,0.0,0.0,2022-05-24,25.507658195495605,1.8032667748069928,27.310924970302597,23.704391420688612,29.11419174510959,21.90112464588162,-51.4935217510009,-41.42249755945447,34018120,154022.02562109294,424978.1241131835,24.873645169849336,53.09116957783757,23.727244350504566,24.29442980460528,22.87149138000573,25.150182775104117,22.304305925905016,25.71736822920483,21.44855295540618,-0.09818002900087085,-84.73213074568109,-0.41672111387894617,-0.15845278705761107,-0.2582683268213351,41.51137261553594,23.58273273912633,24.07054023742676,25.507658195495605,24.491650428771973,24.259850788116456,SALASAR.NS,2023-11-22 11:03:42.516683
372,2022-05-23 00:00:00+05:30,25.264611707676114,25.264611707676114,23.906352943305002,24.18497085571289,115530,0.0,0.0,2022-05-23,25.758911228179933,1.8493072577994643,27.608218485979396,23.90960397038047,29.457525743778863,22.060296712581003,54.80382705361245,-15.674221046341854,34184010,110680.18442973946,492717.1487362061,24.875422250998362,47.546431789002526,24.451978502231338,24.997604061157674,23.639345296786562,25.81023726660245,23.093719737860226,26.355862825528785,22.28108653241545,-0.10910556067989055,-73.64535227000043,-0.3477551832547121,-0.09388570535227728,-0.25386947790243486,45.107581322251136,24.14366090292215,24.29144401550293,25.758911228179933,24.5271741104126,24.250546951293945,SALASAR.NS,2023-11-22 11:03:42.516683
373,2022-05-20 00:00:00+05:30,24.219799347814693,25.02579870746859,23.737193867426743,24.84668731689453,624690,0.0,0.0,2022-05-20,26.011408138275147,1.9642728420630695,27.97568098033822,24.047135296212076,29.939953822401286,22.08286245414901,21.964028021877617,-11.032970209950657,34299540,614840.66117331,588226.3898128227,24.87601825248566,57.994357063505355,24.536559963929957,25.33592606043317,24.047321220391325,25.825164803971802,23.24795512388811,26.624530900475015,22.75871638034948,0.06662807695204018,-62.72580568653731,-0.32768752900379283,-0.030418335876668576,-0.29726919312712424,48.54404488682182,25.398252953096545,24.247661209106447,26.011408138275147,24.504188194274903,24.239302768707276,SALASAR.NS,2023-11-22 11:03:42.516683
374,2022-05-19 00:00:00+05:30,23.96605914385557,23.99093720367193,23.393899828739674,23.672517776489258,136340,0.0,0.0,2022-05-19,26.17932481765747,2.0026355045228654,28.181960322180334,24.176689313134606,30.1845958267032,22.17405380861174,-62.591058929549526,-35.995728812615376,33674850,127848.98174840538,581572.8219727008,24.876155796514777,57.98143692735219,23.68578493630029,23.977670043860908,23.38063266892865,24.282822311232547,23.088747561368034,24.574707418793164,22.783595293996395,0.09604321955837873,-82.10177673377925,-0.362198933314005,0.043898962405112485,-0.4060978957191175,41.16587318060713,26.49264415715229,24.00287628173828,26.17932481765747,24.474833908081056,24.22382957458496,SALASAR.NS,2023-11-22 11:03:42.516683
375,2022-05-18 00:00:00+05:30,24.672552195022277,24.77703320644829,24.08049123234551,24.209848403930664,271600,0.0,0.0,2022-05-18,26.324852466583252,1.9147047817486567,28.23955724833191,24.410147684834595,30.154262030080567,22.495442903085937,-32.69546255087133,-14.196648750685148,33811190,260466.1963910548,695003.7820287745,24.877388944431956,56.24405219856613,24.35579094757482,24.631090662804134,23.93454868870135,25.052332921677603,23.65924897347204,25.327632636906916,23.23800671459857,0.1011776833080188,-73.23482667092249,-0.2852582169240776,0.14542343633489185,-0.43068165325896945,43.86123574449752,26.4548284502199,23.94715232849121,26.324852466583252,24.481301765441895,24.222038440704345,SALASAR.NS,2023-11-22 11:03:42.516683
376,2022-05-17 00:00:00+05:30,23.985959851772996,24.752157753308108,23.985959851772996,24.543195724487305,436170,0.0,0.0,2022-05-17,26.435304260253908,1.8488602669250467,28.284164527178955,24.58644399332886,30.133024794104003,22.737583726403813,-37.80006967536676,-10.593675296056206,34082790,424049.3818488627,803638.1784382043,24.87875412677841,49.598389707720294,24.427104443189467,24.868249034605938,24.102051133070827,25.19330234472458,23.660906541654356,25.63444693614105,23.335853231535715,0.06300312973472856,-67.7339787869348,-0.2353476158103831,0.2530938496496342,-0.4884414654600173,45.553778963550975,26.95356263256666,23.79689826965332,26.435304260253908,24.49443660736084,24.214326725006103,SALASAR.NS,2023-11-22 11:03:42.516683
377,2022-05-16 00:00:00+05:30,23.881477501917246,24.21482221437544,23.334194401670036,23.96605682373047,1079750,0.0,0.0,2022-05-16,26.50147590637207,1.8006306636817415,28.302106570053812,24.70084524269033,30.102737233735553,22.90021457900859,-70.41246187020855,-26.797928443977373,33646620,1025060.1016916557,898535.3775855396,24.87985982306116,42.92518992048262,23.83835781325865,24.342521224847264,23.46189341214186,24.718985625964056,22.957730000553244,25.22314903755267,22.581265599436453,0.05962273146894694,-79.60238722837448,-0.20071070935130209,0.37520421601463855,-0.5759149253659406,41.89441009712836,27.460744359651233,23.761075973510742,26.50147590637207,24.50180000305176,24.194126968383788,SALASAR.NS,2023-11-22 11:03:42.516683
378,2022-05-13 00:00:00+05:30,24.025763320244323,24.369058896601896,23.13518271299376,23.62276268005371,1394570,0.0,0.0,2022-05-13,26.6037184715271,1.7045817658351996,28.3083002373623,24.899136705691898,30.012882003197497,23.1945549398567,-93.459127159269,-29.680035178398587,32566870,1304970.0301235302,866904.1965590105,24.887375097390773,33.977177145834105,23.70900142988312,24.28282014677248,23.048943963164344,24.942877613491255,22.475125246274985,25.516696330380615,21.81506777955621,0.027309429796110573,-84.68335775618984,-0.09648446450186654,0.5191829473561237,-0.6156674118579902,39.68788302828841,27.363056675093457,24.271542739868163,26.6037184715271,24.536726722717287,24.192534885406495,SALASAR.NS,2023-11-22 11:03:42.516683
379,2022-05-12 00:00:00+05:30,23.18493409120281,24.10039082215623,22.5878986606096,23.393898010253906,596100,0.0,0.0,2022-05-12,26.738798141479492,1.5565379347302715,28.295336076209765,25.18226020674922,29.851874010940037,23.625722272018947,-143.37484635354457,-39.501992575235256,31172300,552396.9175024055,757387.7381678806,24.900952121540282,44.48509068494152,23.36072916433991,24.133559668070223,22.621067506523595,24.87322132588654,21.848237002793283,25.64605182961685,21.108575344976966,0.062456341688394264,-88.08824291874619,0.07222787016749876,0.6730998003206212,-0.6008719301531225,38.214060344620066,27.257854553262003,24.972066116333007,26.738798141479492,24.57414108276367,24.204873638153074,SALASAR.NS,2023-11-22 11:03:42.516683
380,2022-05-11 00:00:00+05:30,24.388960179499453,24.8964418260756,23.38394773015407,23.45857810974121,680740,0.0,0.0,2022-05-11,26.8472599029541,1.3763404662571994,28.2236003692113,25.4709194366969,29.599940835468498,24.094578970439702,-190.9354965164392,-23.644245267416313,31768400,632575.6749019177,808635.4433342492,24.90790000297782,57.01121048231353,23.91298922199029,24.44203071382651,22.929536617904983,25.42548331791182,22.400495126068762,25.95452480974804,21.417042521983454,0.0936416842416399,-98.74998726794199,0.30967612415375356,0.8233177828589018,-0.5136416587051482,38.44161252002217,26.83848486789274,25.884537506103516,26.8472599029541,24.565583572387695,24.20711254119873,SALASAR.NS,2023-11-22 11:03:42.516683
381,2022-05-10 00:00:00+05:30,26.105442069535687,26.607947349880714,23.592909974022323,24.364084243774414,499640,0.0,0.0,2022-05-10,26.850493812561034,1.3680099834769508,28.218503796037986,25.48248382908408,29.586513779514934,24.114473845607133,-247.2198341846156,3.5421671909561594,32449140,482210.6796773318,852650.385442332,24.915570845866693,57.32768842785369,24.85498052255915,26.117051071095975,23.102013695237584,27.87001789841754,21.839943146700758,29.132088446954366,20.086976319379193,0.11292753430475863,-86.6148281466624,0.6026197709873529,0.9517281975351888,-0.3491084265478359,41.960487085331806,26.867956789142397,26.61491279602051,26.850493812561034,24.615436134338378,24.206216983795166,SALASAR.NS,2023-11-22 11:03:42.516683
382,2022-05-09 00:00:00+05:30,27.33434084523668,27.33434084523668,25.991009234222194,26.518390655517578,349400,0.0,0.0,2022-05-09,26.765913486480713,1.5675674124611394,28.33348089894185,25.198346074019575,29.90104831140299,23.630778661558434,-161.02669422736366,56.31216883812923,32948780,367028.33807348914,945260.311883582,24.91772154424126,62.21767165963796,26.61458024499215,27.23815125576211,25.89481964474762,27.95791185600664,25.271248633977663,28.581482866776597,24.551488033733133,0.1151449891002318,-84.31956236761445,0.8793671727333532,1.0390053041721476,-0.15963813143879446,52.50465710449337,27.03083421752969,27.336332321166992,26.765913486480713,24.638123550415038,24.193480186462402,SALASAR.NS,2023-11-22 11:03:42.516683
383,2022-05-06 00:00:00+05:30,27.46370065969185,27.46370065969185,26.389034202909226,27.12537956237793,666490,0.0,0.0,2022-05-06,26.584563541412354,1.7915147855570082,28.376078326969363,24.793048755855345,30.16759311252637,23.00153397029834,-128.55472578477625,70.62434225772135,33298180,716141.7513692915,1089818.3053361052,24.91334432989954,59.53167701660888,26.992704808326334,27.59637541374344,26.52170895696082,28.067371265108957,25.91803835154371,28.671041870526064,25.447042500178195,0.10717628584499986,-52.15367695802174,1.0081974242253615,1.0789148370318462,-0.07071741280648469,56.227065225013625,29.10519721670916,27.538330459594725,26.584563541412354,24.616132698059083,24.16128995895386,SALASAR.NS,2023-11-22 11:03:42.516683
384,2022-05-05 00:00:00+05:30,28.13536635071339,28.160242511118938,27.43384799887244,27.956254959106445,471610,0.0,0.0,2022-05-05,26.36564998626709,1.9795812416739882,28.345231227941078,24.386068744593103,30.32481246961507,22.406487502919113,-10.5416249373822,100.82622791929481,33964670,522265.7312095708,1183237.4438278086,24.901745067081322,59.32076016212981,27.85011515636594,28.26638231385944,27.539987801612945,28.576509668612438,27.123720644119445,28.99277682610594,26.813593289366448,0.1055443544071902,-32.71248459426282,1.0980842565322888,1.0965941902334673,0.0014900662988215352,61.759181029953275,30.939612523225765,27.551266479492188,26.36564998626709,24.50697441101074,24.118253536224366,SALASAR.NS,2023-11-22 11:03:42.516683
385,2022-05-04 00:00:00+05:30,28.458762593319953,28.647824831754505,26.55321868793269,27.110454559326172,927380,0.0,0.0,2022-05-04,26.06514139175415,2.1722233965488127,28.237364788302962,23.892917995205337,30.409588184851774,21.720694598656525,-46.40070371977363,94.75697129944609,33493060,995919.0908360786,1348480.371982368,24.89036922167242,63.542228948692916,27.437166026337792,28.321113364742892,26.22650722092108,29.531772170159606,25.342559882515978,30.415719508564706,24.131901077099265,0.08467377960766909,-52.5028988226977,1.1147003625121066,1.0962216736587618,0.018478688853344805,57.81196100539986,31.707366208343554,27.509474182128905,26.06514139175415,24.372740631103515,24.072032947540283,SALASAR.NS,2023-11-22 11:03:42.516683
386,2022-05-02 00:00:00+05:30,27.56320676991858,28.558268358754205,27.52837976614368,27.971181869506836,1688980,0.0,0.0,2022-05-02,25.796723556518554,2.3598349443398674,28.15655850085842,23.436888612178688,30.51639344519829,21.07705366783882,38.49430789247144,118.84601018542459,34420440,1871392.378414691,1436620.6922689402,24.873990546105627,71.2235144029724,28.019276664801577,28.510173563459475,27.48028497084895,29.049165257412103,26.98938807219105,29.54006215607,26.450396378238423,0.10876491022749224,-26.201691589545078,1.2023831381386856,1.0916020014454255,0.11078113669326006,64.02032018547638,32.534177869239635,27.548281478881837,25.796723556518554,24.263681831359865,24.03929540634155,SALASAR.NS,2023-11-22 11:03:42.516683
387,2022-04-29 00:00:00+05:30,27.62788599391289,27.83187355542616,26.996021620949975,27.52838134765625,555540,0.0,0.0,2022-04-29,25.45467119216919,2.5185248985134225,27.973196090682613,22.936146293655767,30.491720989196036,20.417621395142344,-2.211639854056572,106.70014287230926,32731460,605794.8023274681,1327927.7707325025,24.831809364287782,70.41344479917151,27.45209217467746,27.908162728404946,27.07231079392876,28.287944109153646,26.616240240201275,28.74401466288113,26.236458859452576,0.10792110834076772,-28.4055467090231,1.2116571364134217,1.0639067172721104,0.14775041914131126,62.08600038757201,32.15525925643604,27.646792602539062,25.45467119216919,24.137607498168947,24.000288982391357,SALASAR.NS,2023-11-22 11:03:42.516683
388,2022-04-28 00:00:00+05:30,27.74729364043615,28.010984363719547,27.080602275779555,27.190059661865234,399720,0.0,0.0,2022-04-28,25.14645071029663,2.6262835133568,27.77273422365343,22.52016719693983,30.39901773701023,19.89388368358303,6.268569576593149,109.72207666771963,32175920,430522.22064280027,1508461.012833761,24.81967538074599,68.92241054343376,27.42721543378811,27.773828591796665,26.843446503856672,28.357597521728103,26.496833345848117,28.704210679736658,25.91306441591668,0.08992176355411477,-32.03237256240071,1.248781365350247,1.0269691124867824,0.22181225286346473,60.56476298359842,32.248439184894124,27.98809814453125,25.14645071029663,24.017802047729493,23.97192970275879,SALASAR.NS,2023-11-22 11:03:42.516683
389,2022-04-27 00:00:00+05:30,27.06070042379139,28.637874076757132,26.473613916774045,27.74729347229004,1491620,0.0,0.0,2022-04-27,24.85813150405884,2.705453507148704,27.563585011207543,22.152677996910136,30.269038518356247,19.44722448976143,27.492273728019587,122.63130950130487,32575640,1639488.4363092878,1777945.710881501,24.81197594201175,71.12222664822748,27.619593821940402,28.76557372710676,26.601313567123672,29.78385398192349,25.455333661957315,30.929833887089845,24.437053407140585,0.058286876502029614,-23.576632519776474,1.3107102583419667,0.9715160492709161,0.3391942090710507,64.52430694374357,32.23402079298416,28.191090393066407,24.85813150405884,23.926256370544433,23.950237350463865,SALASAR.NS,2023-11-22 11:03:42.516683
390,2022-04-26 00:00:00+05:30,28.956293159819634,29.34436657943381,26.986071632337712,27.30449104309082,1123980,0.0,0.0,2022-04-26,24.55637903213501,2.7028090155677464,27.259188047702757,21.85357001656726,29.961997063270502,19.150761000999516,55.678363681682306,142.36222195631373,31084020,1215688.2009725217,1812560.0295245543,24.7759600633717,76.88059459192175,27.87830975162078,28.770547870903847,26.41225292380775,30.236604698716878,25.52001480452468,31.128842817999946,24.05395797671165,0.02265562538586727,-28.21917047529598,1.3152596739737383,0.8867174970031533,0.42854217697058505,62.74741281249994,32.2184932940042,27.958245849609376,24.55637903213501,23.823068504333495,23.92123128890991,SALASAR.NS,2023-11-22 11:03:42.516683
391,2022-04-25 00:00:00+05:30,29.055800372674458,29.224960925793535,28.065713215139095,28.46373748779297,1137320,0.0,0.0,2022-04-25,24.30786237716675,2.665069282234923,26.972931659401674,21.642793094931825,29.638000941636594,18.977723812696905,116.17034804444889,175.21305542052306,32208000,1282342.7896473291,1961777.9866625622,24.75236388773272,81.59999035260012,28.584803876241864,29.103894537344633,27.944646826690192,29.744051586896305,27.425556165587423,30.263142247999074,26.78539911603575,0.05354673657138705,-11.941286920035443,1.3447654578632218,0.7795819527605069,0.5651835051027149,71.51657266828299,31.55700363725361,27.78112449645996,24.30786237716675,23.732716903686523,23.897349796295167,SALASAR.NS,2023-11-22 11:03:42.516683
392,2022-04-22 00:00:00+05:30,28.309503361196573,29.354317285052094,27.90152825584884,29.234909057617188,3248650,0.0,0.0,2022-04-22,23.98969135284424,2.518631561822513,26.508322914666753,21.471059791021727,29.026954476489266,18.952428229199214,146.320446439208,197.9777275051397,33345320,3762133.5118935085,2131636.7859163703,24.716984320425766,86.84452345597754,28.830251532839373,29.758974809829905,28.306185780626652,30.283040562042626,27.37746250363612,31.211763839033157,26.8533967514234,0.06264373453466808,-1.5000107596439098,1.2479983577152503,0.6382860764848282,0.6097122812304221,78.25778093662015,29.313905430227113,27.261702728271484,23.98969135284424,23.61639419555664,23.869289054870606,SALASAR.NS,2023-11-22 11:03:42.516683
393,2022-04-21 00:00:00+05:30,26.866663710371544,28.816983572414617,26.866663710371544,28.205020904541016,3306890,0.0,0.0,2022-04-21,23.647390174865723,2.2151804325386704,25.862570607404393,21.432209742327053,28.077751039943063,19.217029309788384,122.69180989350816,181.09173215850987,30096670,3694670.450862422,1724012.6044220855,24.590520398298203,82.34000713794606,27.962889395775722,29.0591150811799,27.108795219136827,29.913209257818796,26.01256953373265,31.009434943222974,25.158475357093753,-0.06919788967332956,-7.925257006728175,1.0292493649262155,0.4858580061772225,0.543391358748993,75.37456794219982,26.898261207275503,26.616902542114257,23.647390174865723,23.488031272888183,23.84043228149414,SALASAR.NS,2023-11-22 11:03:42.516683
394,2022-04-20 00:00:00+05:30,26.86666315873496,26.86666315873496,26.100465272408723,26.583070755004883,518280,0.0,0.0,2022-04-20,23.363797664642334,1.9479335279668768,25.311731192609212,21.415864136675456,27.259664720576087,19.46793060870858,72.92355597976201,129.8183875887574,26789780,545756.7674846615,1231348.142812001,24.48451035299943,75.94391793894391,26.51673306204952,26.93300085169032,26.166802965364084,27.282930948375757,25.750535175723286,27.699198738016555,25.40060507903785,-0.15181655334182248,-13.557988213824483,0.8350180579473587,0.35001016648997424,0.4850078914573845,69.45979776355298,24.49187479441403,26.240769577026366,23.363797664642334,23.39439598083496,23.82107831954956,SALASAR.NS,2023-11-22 11:03:42.516683
395,2022-04-19 00:00:00+05:30,26.896515279752258,27.443798391393454,26.175095252276602,26.41888427734375,1449200,0.0,0.0,2022-04-19,23.16155138015747,1.8005023765439707,24.96205375670144,21.3610490036135,26.76255613324541,19.560546627069527,92.68322114777791,147.28111779696246,26271500,1516604.465278648,1402745.986643836,24.474819414968156,71.68623588201787,26.6792593070046,27.183423361732597,25.914720222615745,27.94796244612145,25.410556167887748,28.45212650084945,24.646017083498894,-0.18980368777675885,-16.144216696435983,0.7334288530128745,0.2287581936256281,0.5046706593872464,68.77190653643362,22.79494900687496,26.03678207397461,23.16155138015747,23.32583625793457,23.807495727539063,SALASAR.NS,2023-11-22 11:03:42.516683
396,2022-04-18 00:00:00+05:30,25.50840584246625,26.458689650381817,25.080529025658176,25.866628646850586,1204980,0.0,0.0,2022-04-18,22.97025089263916,1.6315253692662008,24.60177626190536,21.33872552337296,26.233301631171564,19.707200154106758,79.61677111920116,114.98066371852899,24822300,1234665.1769162354,1374281.366985133,24.449388423701617,65.28591494511346,25.801949107630193,26.52336918960221,25.14520856487857,27.180109732353834,24.423788482906552,27.90152981432585,23.767047940154928,-0.18281327318407267,-18.521596123881398,0.6084212080859182,0.1025905287788165,0.5058306793071017,66.35280107823519,20.854986157900758,25.457656478881837,22.97025089263916,23.27319755554199,23.794510192871094,SALASAR.NS,2023-11-22 11:03:42.516683
397,2022-04-13 00:00:00+05:30,26.866661661153305,26.951240981302735,25.573082414417634,26.010908126831055,755780,0.0,0.0,2022-04-13,22.80606565475464,1.4831954807171237,24.289261135471765,21.322870174037515,25.772456616188887,19.839674693320394,122.06109449088649,141.7585714437276,26027280,778718.4109207507,1409185.4145023574,24.433803769712384,73.28624886270238,26.178410507517142,26.78373860061665,25.40558003373155,27.556569074402244,24.80025194063204,28.161897167501753,24.027421466846448,-0.2097597330977267,-16.057779170783885,0.4935438504160956,-0.023867141047958923,0.5174109914640546,67.59038574123545,19.32312421283914,24.818826293945314,22.80606565475464,23.220956802368164,23.78829105377197,SALASAR.NS,2023-11-22 11:03:42.516683
398,2022-04-12 00:00:00+05:30,25.871603100755518,26.76715821311885,25.642739374982682,26.324356079101562,2735430,0.0,0.0,2022-04-12,22.634417724609374,1.2771116529153357,23.911529377524708,21.35730607169404,25.188641030440046,20.080194418778703,177.46742257036436,156.81665131666637,26783060,2852416.202750468,1566802.1653977588,24.422850710090174,75.83150439000082,26.24475122240103,26.84676306981938,25.722344231683213,27.3691700605372,25.120332384264863,27.97118190795555,24.597925393547044,-0.22464774893885478,-7.807013308627681,0.3247787414253551,-0.15321988891397256,0.47799863033932766,70.28584326140145,16.924268151688512,24.19492301940918,22.634417724609374,23.188617324829103,,SALASAR.NS,2023-11-22 11:03:42.516683
399,2022-04-11 00:00:00+05:30,24.08049167164688,26.359181766937148,24.07551530076665,25.563133239746094,3469790,0.0,0.0,2022-04-11,22.466252326965332,0.9435297570472533,23.409782084012587,21.522722569918077,24.35331184105984,20.579192812870826,202.2880696041722,120.19132506814377,24047630,3513555.4118246096,1245398.6560595813,24.373821038150957,66.01041366483872,25.332610102483297,26.589704904199944,24.306038438029447,27.616276568653795,23.0489436363128,28.873371370370442,22.02237197185895,-0.3427574024255276,-15.122863853651053,0.07291749686623561,-0.2727195464988045,0.3456370433650401,67.31888341975605,14.43453917233402,23.479473495483397,22.466252326965332,23.14573013305664,,SALASAR.NS,2023-11-22 11:03:42.516683
400,2022-04-08 00:00:00+05:30,23.085430551635458,24.150146190981236,22.92622084283213,23.523256301879883,1280670,0.0,0.0,2022-04-08,22.36475601196289,0.6592024832582072,23.023958495221095,21.705553528704684,23.683160978479304,21.046351045446475,140.2980318485901,23.53603195228888,20577840,1193340.0302617943,678359.467118324,24.33360708301483,48.77892339132667,23.533207778564417,24.140194714296705,22.9162693661476,24.757133126713523,22.309282430415312,25.36412006244581,21.692344017998494,-0.519558435719966,-20.521211372867064,-0.1756771123201446,-0.35912880734006447,0.18345169501991987,56.49047950858326,11.96130201962221,22.75606346130371,22.36475601196289,23.061547889709473,,SALASAR.NS,2023-11-22 11:03:42.516683
401,2022-04-07 00:00:00+05:30,22.786909574974285,23.20483551032007,22.597847345241128,22.67247772216797,277350,0.0,0.0,2022-04-07,22.411772632598876,0.7703442465049052,23.18211687910378,21.64142838609397,23.952461125608686,20.871084139589065,100.79688706931675,-17.408586705389787,19297170,249090.2258856693,549614.3263324563,24.34384807719905,45.872714974857146,22.825053525909723,23.05225970657832,22.445271541499377,23.432041690988665,22.21806536083078,23.65924787165726,21.838283376420435,-0.5843702918937077,-37.84320009013376,-0.2903947981958801,-0.40499173109504444,0.11459693289916434,50.09259114072066,10.802988480034442,22.399831771850586,22.411772632598876,23.035079231262205,,SALASAR.NS,2023-11-22 11:03:42.516683
402,2022-04-06 00:00:00+05:30,22.53814533422724,23.538183326091215,22.53814533422724,22.89139175415039,818870,0.0,0.0,2022-04-06,22.538891792297363,0.9931694632172459,23.53206125551461,21.545722329080117,24.525230718731855,20.55255286586287,156.60182401415113,-7.440262564801047,19574520,742534.5923316394,624745.3514441531,24.34843501600558,51.18654922893077,22.98924013815628,23.440334942085318,22.440296950221345,23.989278130020253,21.989202146292307,24.44037293394929,21.440258958357372,-0.4379791265537829,-29.21572529042623,-0.3490794783500668,-0.43364096431983545,0.08456148596976865,51.9277380566107,10.512004897243266,22.091363143920898,22.538891792297363,23.045527381896974,,SALASAR.NS,2023-11-22 11:03:42.516683
403,2022-04-05 00:00:00+05:30,22.15007112838717,23.095378496170614,22.090367964657432,22.747108459472656,653360,0.0,0.0,2022-04-05,22.54610595703125,0.9963835281468303,23.54248948517808,21.549722428884422,24.538873013324913,20.55333890073759,122.2648142357544,-28.209164434479085,18755650,588719.29978019,595298.0412222815,24.360337643446794,44.02096970343774,22.644284973433567,23.198201982209703,22.19319145069652,23.64929550494675,21.639274441920385,24.203212513722885,21.18818091918334,-0.4326371881545083,-34.90197791470243,-0.4404842844495285,-0.4547813358122776,0.014297051362749114,50.86404227210712,10.198637961929691,21.785879135131836,22.54610595703125,23.06612518310547,,SALASAR.NS,2023-11-22 11:03:42.516683
404,2022-04-04 00:00:00+05:30,22.27942778134351,22.319231154857274,21.896328851955456,21.946083068847656,479720,0.0,0.0,2022-04-04,22.577699184417725,1.012971798979382,23.590670983397107,21.564727385438342,24.60364278237649,20.55175558645896,14.967314353445794,-64.54596446043917,18102290,417036.79679069214,596942.7265828043,24.37092150134898,36.67617701067266,22.053881025220125,22.211433198484794,21.788530895582976,22.476783328121943,21.630978722318307,22.634335501386612,21.36562859268116,-0.4605245345802453,-67.7359325215227,-0.5366264119578581,-0.4583555986529648,-0.07827081330489327,44.327622808693086,10.346685589860439,21.52119255065918,22.577699184417725,23.09448444366455,,SALASAR.NS,2023-11-22 11:03:42.516683
405,2022-04-01 00:00:00+05:30,21.692343632389665,21.891356725429006,21.393825890760166,21.742097854614258,440380,0.0,0.0,2022-04-01,22.680190563201904,1.0487692189737878,23.728959782175693,21.631421344228116,24.77772900114948,20.582652125254327,-58.22183525443701,-90.16106024384257,17622570,379278.79768057156,641919.2090308324,24.38265866345369,29.46257783345166,21.675760156934476,21.957694423108787,21.460163588439947,22.173290991603317,21.178229322265636,22.455225257777627,20.962632753771107,-0.4600535105991391,-76.53427585638958,-0.5726979017068494,-0.43878789532674145,-0.13391000638010797,42.55360239005278,10.81440114141736,21.474424743652342,22.680190563201904,23.14742172241211,,SALASAR.NS,2023-11-22 11:03:42.516683
406,2022-03-31 00:00:00+05:30,21.742097264809765,21.742097264809765,21.095307576871836,21.13013458251953,441610,0.0,0.0,2022-03-31,22.836415195465086,1.1311527575500184,23.967567953015106,21.705262437915067,25.098720710565125,20.574109680365048,-125.39595612733719,-116.22190343051287,17182190,369632.96397771436,707579.3118683976,24.394444225435407,23.143718228493512,21.32251314140038,21.54971870592892,20.902929017990992,21.969302829338307,20.67572345346245,22.19650839386685,20.256139330053063,-0.5064785476312827,-99.02642950060475,-0.5901136454881453,-0.4053103937317144,-0.18480325175643086,36.85493342364254,10.71453863265554,21.592836761474608,22.836415195465086,23.21160316467285,,SALASAR.NS,2023-11-22 11:03:42.516683
407,2022-03-30 00:00:00+05:30,21.607762635484853,21.906280354097824,21.294317702390675,21.363971710205078,419850,0.0,0.0,2022-03-30,23.025476741790772,1.1468438283308036,24.172320570121578,21.878632913459967,25.31916439845238,20.731789085129165,-133.71662467392008,-110.8268873720072,17623800,355308.5711602456,792065.8988410684,24.409120131989106,30.214372029450686,21.521523255564528,21.74872880873838,21.136766157031232,22.133485907271677,20.90956060385738,22.36069146044553,20.524803505324083,-0.5048907274264337,-98.6152146043229,-0.5432008490550508,-0.3591095807926067,-0.18409126826244415,38.18101871888138,10.391524733692338,21.786873245239256,23.025476741790772,23.302452239990235,,SALASAR.NS,2023-11-22 11:03:42.516683
408,2022-03-29 00:00:00+05:30,21.88637930283329,21.99086030853114,21.29431647468696,21.423675537109375,1660480,0.0,0.0,2022-03-29,23.24289779663086,1.224814598962564,24.467712395593423,22.018083197668297,25.692526994555987,20.793268598705733,-172.03783062090292,-113.39828064337154,18043650,1409149.8013169286,901255.230761274,24.422191998774288,42.23496552626852,21.56961744010916,21.84491840553136,21.148374571687178,22.26616127395334,20.873073606264978,22.54146223937554,20.451830737842997,-0.4894986512349212,-97.42826882848676,-0.49793735181723875,-0.3130867637269956,-0.18485058809024313,38.51672846620465,10.252586515996544,21.991856002807616,23.24289779663086,23.389221649169922,,SALASAR.NS,2023-11-22 11:03:42.516683
409,2022-03-28 00:00:00+05:30,22.587899313747634,22.687403956437485,21.64259002475882,21.712244033813477,819440,0.0,0.0,2022-03-28,23.446388053894044,1.2445805303677977,24.690968584261842,22.201807523526245,25.935549114629637,20.95722699315845,-134.74855085864317,-91.39001154175779,19704130,704776.4823832513,774281.5881223603,24.473977899050393,45.18361160404193,22.014079338336597,22.385568651914372,21.340754720235708,23.05889327001526,20.969265406657932,23.430382583593037,20.295940788557044,-0.3728091989328196,-98.51222748148332,-0.43832177615763257,-0.26687411670443484,-0.17144765945319773,40.09911770410208,10.102960743093382,22.21375503540039,23.446388053894044,23.48564311981201,,SALASAR.NS,2023-11-22 11:03:42.516683
410,2022-03-25 00:00:00+05:30,22.373961319864076,22.78193643563639,21.891355822796815,22.334157943725586,1183710,0.0,0.0,2022-03-25,23.50907697677612,1.1826716144523448,24.691748591228468,22.326405362323776,25.87442020568081,21.143733747871433,-90.6132245357131,-68.90106499861449,20523570,1047235.6837878677,791657.8645571375,24.49771828373811,40.91355333752035,22.33581673405293,22.780277645309045,21.88969703246947,23.226397346892504,21.445236121213355,23.67085825814862,20.999116419629896,-0.3718296706774808,-90.01122879590274,-0.383774159630093,-0.2240122018411354,-0.15976195778895758,43.65999151746847,10.283605813424616,22.378935241699217,23.50907697677612,23.583457679748534,,SALASAR.NS,2023-11-22 11:03:42.516683
411,2022-03-24 00:00:00+05:30,22.289379234849726,22.39883661707944,22.000812360693246,22.100317001342773,334680,0.0,0.0,2022-03-24,23.689929389953612,1.2670923893990547,24.957021779352665,22.42283700055456,26.224114168751722,21.1557446111555,-102.16729133297869,-80.17464953927262,19339860,292993.3719229821,727763.4097494548,24.524922092209206,34.32704601789217,22.16665532637182,22.332498292050396,21.934474035664202,22.564679582758014,21.768631069985627,22.73052254843659,21.53644977927801,-0.4389456655200974,-97.69853903236849,-0.369371018087989,-0.18407171239389597,-0.18529930569409303,41.88219338550335,10.724579527658397,22.43067855834961,23.689929389953612,23.661570014953615,,SALASAR.NS,2023-11-22 11:03:42.516683
412,2022-03-23 00:00:00+05:30,22.587898572756806,22.682428739382885,22.329182334805633,22.388885498046875,712620,0.0,0.0,2022-03-23,23.859836292266845,1.2705462923996746,25.13038258466652,22.58928999986717,26.400928877066193,21.318743707467497,-78.39491683786493,-63.99770872740461,19674540,632004.2729685868,836455.9192060729,24.533572425495827,28.710246342462213,22.466832190745134,22.604482046684634,22.251235642107382,22.820078595322386,22.11358578616788,22.957728451261886,21.89798923753013,-0.37060075770341144,-97.65437832221204,-0.32230431196853715,-0.13774688597037268,-0.18455742599816446,43.488872561329025,10.779192320897272,22.527199935913085,23.859836292266845,23.733811531066895,,SALASAR.NS,2023-11-22 11:03:42.516683
413,2022-03-22 00:00:00+05:30,22.88641711747027,22.88641711747027,22.38888631056874,22.533170700073242,609630,0.0,0.0,2022-03-22,24.01133441925049,1.2665588995661325,25.27789331881662,22.744775519684357,26.54445221838275,21.478216620118225,-75.27091226412414,-57.85423149482903,20387160,544149.4188795727,887568.8307654443,24.54998949896832,28.718198546281315,22.60282470937075,22.81676310817276,22.31923230127123,23.10035551627228,22.10529390246922,23.31429391507429,21.8217014943697,-0.005803568202384792,-94.07409836548013,-0.28558089150663335,-0.09160752947083156,-0.1939733620358018,44.249823477070976,11.138407344116922,22.565012741088868,24.01133441925049,23.78625129699707,,SALASAR.NS,2023-11-22 11:03:42.516683
414,2022-03-21 00:00:00+05:30,23.165034941847107,23.632713214844177,22.463516583386802,22.538145065307617,786550,0.0,0.0,2022-03-21,23.968049144744874,1.3327956384808206,25.300844783225696,22.635253506264053,26.633640421706517,21.302457867783232,-61.66772593362091,-42.02195608908858,20996790,702221.3633960666,973423.6837369122,24.563283642421883,34.93355092544661,22.878124954512867,23.29273332563893,22.123536694181556,24.04732158597024,21.708928323055492,24.461929957096306,20.95434006272418,-0.014469728365925917,-94.64485160456591,-0.24844670806169233,-0.04311418896188111,-0.20533251909981123,44.249823477070976,11.578563325317408,22.65058822631836,23.968049144744874,23.8397855758667,,SALASAR.NS,2023-11-22 11:03:42.516683
415,2022-03-17 00:00:00+05:30,23.08543087532054,23.30434375351217,22.53317135982154,22.59287452697754,730400,0.0,0.0,2022-03-17,23.90337018966675,1.4334281264693238,25.336798316136072,22.469942063197426,26.770226442605395,21.036513936728102,-79.97163086763119,-48.87412134447466,21783340,653674.867252853,1041224.2638221235,24.580654350601744,40.76540185573342,22.810129880103748,23.087088400385955,22.315916006695325,23.58130227379438,22.038957486413118,23.858260794076585,21.544743613004695,-0.0008482953659322542,-93.442641870214,-0.1976292560141779,0.008218940813071701,-0.2058481968272496,44.48954612837645,12.115449637626854,22.84960060119629,23.90337018966675,23.90595718383789,,SALASAR.NS,2023-11-22 11:03:42.516683
416,2022-03-16 00:00:00+05:30,23.274491433652535,23.274491433652535,22.294356996994686,22.582923889160156,553800,0.0,0.0,2022-03-16,23.85660219192505,1.492478181836323,25.34908037376137,22.364124010088727,26.841558555597693,20.871645828252404,-101.27984644006598,-57.51610519903256,21052940,495407.58848493925,1138111.612964441,24.596614559887378,35.84385410359336,22.717257439935793,23.1401578828769,22.16002344621905,23.69739187659364,21.737123003277944,24.120292319534748,21.1798890095612,0.010974916423534865,-93.66122164940526,-0.13496315823881133,0.0596809900198841,-0.19464414825869542,44.43364059623822,12.399163058534997,23.223743438720703,23.85660219192505,23.957401847839357,,SALASAR.NS,2023-11-22 11:03:42.516683
417,2022-03-15 00:00:00+05:30,22.995875495693657,23.732220893964776,22.388887277715924,22.57794952392578,791920,0.0,0.0,2022-03-15,23.81082925796509,1.5466516026411192,25.35748086060621,22.26417765532397,26.90413246324733,20.71752605268285,-104.0401018991834,-48.79125002785823,20499140,708264.2831699384,1298787.6190843163,24.6089486534976,47.26662778644135,22.899685898535495,23.410484519355066,22.067150903106214,24.243019514784347,21.556352282286642,24.753818135603918,20.72381728685736,0.020165095662819547,-96.15772263071491,-0.05170667996501521,0.10834202708455794,-0.16004870704957314,44.43364059623821,12.678852485172806,23.75013084411621,23.81082925796509,23.97760154724121,,SALASAR.NS,2023-11-22 11:03:42.516683
418,2022-03-14 00:00:00+05:30,23.851626852527087,23.851626852527087,22.93617006685108,22.961048126220703,1242630,0.0,0.0,2022-03-14,23.75883722305298,1.6065932362728124,25.36543045932579,22.152243986780167,26.972023695598605,20.545650750507352,-94.7195667279543,-30.32833729380764,21291060,1130220.2274972443,1446418.4530629106,24.626894883063766,60.008685932317846,23.249615015199623,23.563059963548167,22.64760317787216,24.16507180087563,22.334158229523617,24.478516749224173,21.732146392196153,0.029591430202905108,-90.56994281817913,0.05616017561261799,0.14835420384695122,-0.09219402823433323,45.94991913729113,13.044598785484292,23.84167594909668,23.75883722305298,24.00257755279541,,SALASAR.NS,2023-11-22 11:03:42.516683
419,2022-03-11 00:00:00+05:30,24.11034260353418,24.67255295040452,23.344144700426547,23.533206939697266,1415610,0.0,0.0,2022-03-11,23.74142360687256,1.6175455637565577,25.358969170629116,22.123878043116,26.976514734385674,20.506332479359443,-67.52198741634561,1.0234256413323382,22533690,1319636.3445992717,1525468.009454327,24.65031681622509,76.32525443228732,23.849968196842777,24.355791693259008,23.027383443281035,25.17837644682075,22.521559946864805,25.68419994323698,21.698975193303063,0.07174731627700114,-67.828411462095,0.15568211812444943,0.17140271090553452,-0.01572059278108509,48.24293682320964,13.806859832838974,23.925260925292967,23.74142360687256,24.018000984191893,,SALASAR.NS,2023-11-22 11:03:42.516683
420,2022-03-10 00:00:00+05:30,25.573084077376638,26.324354756110456,24.379009388950177,24.46358871459961,904760,0.0,0.0,2022-03-10,23.694158267974853,1.6376363145912656,25.33179458256612,22.056521953383587,26.969430897157384,20.41888563879232,42.45347292384035,63.17335553415658,23949300,876764.7706089859,1576925.9256680906,24.66850117153168,80.0036178508591,25.05565095322008,25.732292517489984,23.786947150329706,27.00099632038036,23.110305586059802,27.677637884650263,21.841601783169427,0.09668209390030713,-44.89796591810283,0.2243925686778958,0.1753328591008058,0.04905970957709002,52.18861671251996,14.831818498598611,24.017801666259764,23.694158267974853,24.025961494445802,,SALASAR.NS,2023-11-22 11:03:42.516683
421,2022-03-09 00:00:00+05:30,23.861576542444634,25.712391712591984,23.21478688663993,25.214860916137695,2067000,0.0,0.0,2022-03-09,23.610324382781982,1.6390901398726254,25.249414522654607,21.971234242909357,26.888504662527232,20.332144103036732,1.1887090681065506,42.575433496170525,24854060,2064555.613195149,1751966.2144328668,24.67065545141768,79.3083535736607,24.714013171789873,26.213239456939814,23.71563463098776,27.211617997741925,22.21640834583782,28.710844282891866,21.21802980503571,0.11920808962764488,-33.04552058452739,0.2173343711964293,0.16306793170653328,0.05426643948989601,55.59352947138016,15.190104517251736,24.09840202331543,23.610324382781982,24.02805114746094,,SALASAR.NS,2023-11-22 11:03:42.516683
422,2022-03-08 00:00:00+05:30,23.29439128571086,23.5829600530556,22.602823795740342,23.035675048828125,649220,0.0,0.0,2022-03-08,23.48196144104004,1.6070317373568697,25.08899317839691,21.87492970368317,26.696024915753778,20.2678979663263,-122.25948506618941,-45.12241896596096,22787060,592409.9801103111,1673818.8647422963,24.657262939553235,78.23648979525538,23.07381963254136,23.544815469342375,22.564679212027116,24.053955889856617,22.0936833752261,24.524951726657633,21.584542954711857,0.09068792072611004,-67.42544481319922,0.13101586561494116,0.14950132183405926,-0.018485456219118096,46.102604795702554,15.9623696012007,24.03770294189453,23.48196144104004,23.973919792175295,,SALASAR.NS,2023-11-22 11:03:42.516683
423,2022-03-07 00:00:00+05:30,24.369058231284562,24.379009074985063,22.995874065415144,23.37897300720215,2085560,0.0,0.0,2022-03-07,23.471015834808348,1.6109720911300263,25.081987925938375,21.86004374367832,26.6929600170684,20.249071652548295,-114.46625660532125,-20.884230547125057,23436280,1931424.119978534,1944171.0859002925,24.66989461506863,78.86229295756934,23.584618715867453,24.173363366319762,22.790228356749843,24.967753725437372,22.201483706297534,25.55649837588968,21.407093347179924,0.08498510693921137,-58.60532021913564,0.23313372243708486,0.15412268588883876,0.0790110365482461,47.5751903818021,15.977283432841766,24.573046493530274,23.471015834808348,23.97441734313965,,SALASAR.NS,2023-11-22 11:03:42.516683
424,2022-03-04 00:00:00+05:30,24.47851613567779,24.70737985187803,23.88147878643113,23.99591064453125,523180,0.0,0.0,2022-03-04,23.478229999542236,1.610861273232871,25.089091272775107,21.867368726309365,26.699952546007978,20.256507453076495,-37.80126835475271,8.33267411900972,25521840,497299.3619387737,1947357.827380732,24.703027333624686,82.90810636462275,24.19492309428014,24.508367402129146,23.682466336682246,25.020824159727038,23.36902202883324,25.334268467576045,22.856565271235347,0.1181971845796272,-49.406515746138254,0.3265335474310689,0.13436992675177722,0.19216362067929166,50.2954600270343,16.247896156865565,24.995948028564452,23.478229999542236,23.972825241088866,,SALASAR.NS,2023-11-22 11:03:42.516683
425,2022-03-03 00:00:00+05:30,25.274565626087913,26.00593654894386,24.64270124819453,24.86659049987793,2749240,0.0,0.0,2022-03-03,23.43618869781494,1.607608342293218,25.04379704010816,21.828580355521723,26.65140538240138,20.220972013228504,35.766068263359266,55.258256410809324,26045020,2708060.914067402,2309872.4437412214,24.70760961744317,82.16166043590356,25.171742765672107,25.700784283149684,24.337548982400353,26.534978066421438,23.808507464922776,27.064019583899015,22.974313681651022,0.09397126981058926,-36.42430609754894,0.3804071386723038,0.0863290215819543,0.2940781170903495,54.34427670365962,17.142396455929426,24.78997039794922,23.43618869781494,23.962775115966796,,SALASAR.NS,2023-11-22 11:03:42.516683
426,2022-03-02 00:00:00+05:30,25.866625574623605,26.030809741846305,24.732254128114423,24.911365509033203,630560,0.0,0.0,2022-03-02,23.382206630706786,1.5748415020583562,24.95704813276514,21.80736512864843,26.5318896348235,20.232523626590073,46.86371755135064,59.1326428573278,28794260,622233.6357951242,2210325.326159676,24.702005026520386,89.50882115301143,25.224809792997977,25.71736545788153,24.41880984414965,26.52336540672986,23.926254179266095,27.015921071613413,23.120254230417768,0.15743666573322146,-35.75669152911515,0.35786914263380254,0.012809492309366913,0.34505965032443564,54.5316917067648,18.251554013144045,25.00689353942871,23.382206630706786,23.934216842651367,,SALASAR.NS,2023-11-22 11:03:42.516683
427,2022-02-28 00:00:00+05:30,26.170120248221263,26.8467624638682,25.110380973176337,25.712392807006836,1107040,0.0,0.0,2022-02-28,23.299367904663086,1.5331958909743233,24.83256379563741,21.766172013688763,26.36575968661173,20.23297612271444,83.23763817598507,96.06286411502491,29424820,1127548.7811878074,2607348.2487508142,24.700298420399076,91.48753338023195,25.88984541468379,26.669309856191244,24.932928365499382,27.626226905375653,24.15346392399193,28.405691346883106,23.19654687480752,0.16292365998373962,-23.813031350603158,0.3191817582793064,-0.073455420271742,0.3926371785510484,58.263253028802666,19.379015934595945,25.124311447143555,23.299367904663086,23.88645393371582,,SALASAR.NS,2023-11-22 11:03:42.516683
428,2022-02-25 00:00:00+05:30,24.77206059594558,25.871603279835508,24.16507237319661,25.493480682373047,2249110,0.0,0.0,2022-02-25,23.23344497680664,1.4500739149638475,24.68351889177049,21.783371061842793,26.133592806734335,20.333297146878948,73.28354960832586,64.39999989995397,28317780,2271273.133208936,2977298.115641566,24.685603857564786,90.31332921928737,25.176718778468388,26.188365183740164,24.481834277101267,26.883249685107284,23.47018787182949,27.89489609037906,22.77530337046237,0.17876245356757012,-27.07710491238595,0.18592504353593142,-0.17161471490950408,0.3575397584454355,57.520979249913076,20.319109625881243,25.065602493286132,23.23344497680664,23.848343048095703,,SALASAR.NS,2023-11-22 11:03:42.516683
429,2022-02-24 00:00:00+05:30,24.27950354779206,25.37407172738269,22.50829504973196,22.966022491455078,1243160,0.0,0.0,2022-02-24,23.167770767211913,1.3698541827853266,24.537624949997237,21.797916584426588,25.907479132782566,20.42806240164126,24.68687553268574,-17.195905131867512,26068670,1130947.2425411025,3153804.3612497235,24.661049336772955,88.2199055354357,23.61612975618991,24.72396446264786,21.858187784997128,26.481906433840642,20.750353078539177,27.589741140298592,18.992411107346395,0.1715334901424803,-64.76258931982817,0.03405854915363449,-0.26099965452086293,0.2950582036744974,47.56228387827328,21.791661158180833,24.300399398803712,23.167770767211913,23.835606193542482,,SALASAR.NS,2023-11-22 11:03:42.516683
430,2022-02-23 00:00:00+05:30,25.93130451996008,27.3094650507109,25.757169500774513,25.95120620727539,3220860,0.0,0.0,2022-02-23,23.087170696258546,1.4285172165155424,24.515687912774087,21.658653479743005,25.94420512928963,20.23013626322746,152.57790811293503,130.12260143830667,27311830,3310998.0800243234,3659518.640926878,24.690011916459618,90.67556309676141,26.339280252920265,26.921391005066017,25.369095455129628,27.891575802856654,24.786984702983876,28.473686555002406,23.81679990519324,0.17778419858946737,-20.252221243259633,0.08802371455528402,-0.33476420543948726,0.4227879199947713,64.03735614756677,23.03181584593884,23.95610809326172,23.087170696258546,23.848641510009767,,SALASAR.NS,2023-11-22 11:03:42.516683
431,2022-02-22 00:00:00+05:30,25.473578885683462,26.468640546077896,24.64767778347326,25.498455047607422,5371630,0.0,0.0,2022-02-22,22.899601554870607,1.2701763142403817,24.169777869110987,21.629425240630226,25.43995418335137,20.359248926389842,193.82727390510922,94.54836831474607,24090970,5425621.462339811,3746648.7811525166,24.631593191837883,84.06436446717015,25.53825779238619,26.42883780129912,24.607875038694484,27.359220554990827,23.717295029781553,28.249800563903758,22.786912276089847,0.2522024571954118,-16.539439852489245,-0.13821357924695477,-0.44046118543818,0.30224760619122526,62.20789871179291,22.565189359005142,23.097369766235353,22.899601554870607,23.796997833251954,,SALASAR.NS,2023-11-22 11:03:42.516683
432,2022-02-21 00:00:00+05:30,21.88140383096988,26.00095814873966,21.742095817651467,25.418848037719727,14126250,0.0,0.0,2022-02-21,22.784423065185546,1.1173615730199684,23.901784638205516,21.667061492165576,25.019146211225483,20.54969991914561,205.37294764786884,33.323317567389765,18719340,14223690.21930111,3326905.6108556925,24.55902093223217,80.80157325013494,24.387300668036954,27.03250551842244,22.773643187334248,28.646162999125146,20.12843833694876,31.29136784951063,18.514780856246055,0.3027589486422159,-10.783394341222774,-0.38118259756816997,-0.5160230869859863,0.13484048941781634,61.88784193418569,22.59270479122858,22.331171798706055,22.784423065185546,23.748836822509766,,SALASAR.NS,2023-11-22 11:03:42.516683
433,2022-02-18 00:00:00+05:30,21.1002804212741,23.13518139871243,20.970923252843313,21.667465209960938,1814730,0.0,0.0,2022-02-18,22.70954475402832,0.9722886311467823,23.681833385175104,21.73725612288154,24.654122016321885,20.764967491734758,-34.77486262192963,-107.52382367854885,4593090,1557577.4790965605,602709.4587443378,24.31627718139866,43.00034875047294,21.924523287172224,22.878123321501135,20.71386517563202,24.08878143304134,19.76026514130311,25.04238146737025,18.549607029762903,-0.16855001115781482,-71.12012678519989,-0.6786409897849133,-0.5497332093404403,-0.12890778044447293,39.636435778523776,22.93857234166763,21.55502395629883,22.70954475402832,23.706447219848634,,SALASAR.NS,2023-11-22 11:03:42.516683
434,2022-02-17 00:00:00+05:30,21.418700988050063,22.125195725078893,21.10028157336135,21.244565963745117,115030,0.0,0.0,2022-02-17,22.834425067901613,0.9916038285339466,23.82602889643556,21.842821239367666,24.817632724969506,20.85121741083372,-92.85768617878384,-139.22204030235474,2778360,96802.93274353576,363992.45365628216,24.41595920593278,33.713306319374595,21.490014420728453,21.879747268095556,20.854833116378014,22.514928572445996,20.46510026901091,22.9046614198131,19.82991896466047,-0.15551384901494636,-84.76974166444829,-0.6797410620894198,-0.517506264229322,-0.16223479786009776,35.73426054410109,23.38607748899005,21.744086074829102,22.834425067901613,23.72953266143799,,SALASAR.NS,2023-11-22 11:03:42.516683
435,2022-02-16 00:00:00+05:30,22.0903677237698,22.378934593591296,21.398798334896743,21.657514572143555,227570,0.0,0.0,2022-02-16,23.001844120025634,0.9917143465714139,23.993558466597047,22.01012977345422,24.98527281316846,21.018415426882807,-81.07118673388614,-128.50692818740788,2893390,195232.96826844715,430789.8338844687,24.42354239927598,51.22847300093576,21.811749166877195,22.22469999885765,21.244563740163095,22.79188542557175,20.83161290818264,23.204836257552202,20.26442748146854,-0.1566525410209082,-78.30093458182246,-0.6292012128051567,-0.47694756476429756,-0.15225364804085917,37.95855047429056,22.39264732090086,22.01275291442871,23.001844120025634,23.77132526397705,,SALASAR.NS,2023-11-22 11:03:42.516683
436,2022-02-15 00:00:00+05:30,21.592836731303326,22.07544029999636,20.60274963850609,21.667465209960938,369020,0.0,0.0,2022-02-15,23.166526889801027,1.029478421654968,24.196005311455995,22.13704846814606,25.225483733110963,21.10757004649109,-149.82171578850603,-158.47285474977633,3120960,316728.7923471881,489679.05028847407,24.436689251053537,44.71188852330429,21.44855171615446,22.294353793802827,20.82166313231256,22.921242377644727,19.97586105466419,23.767044455293096,19.34897247082229,-0.1602263818570505,-78.0962258983366,-0.5956307200364392,-0.43888415275408277,-0.15674656728235647,38.01213758586679,21.553388065250488,22.238632202148438,23.166526889801027,23.814908981323242,,SALASAR.NS,2023-11-22 11:03:42.516683
437,2022-02-14 00:00:00+05:30,22.314255660384664,22.314255660384664,21.368948277466547,21.538108825683594,279910,0.0,0.0,2022-02-14,23.36678304672241,1.1090014033251512,24.475784450047563,22.25778164339726,25.584785853372715,21.148780240072107,-158.34159065771865,-146.68725261186339,2751940,238811.6524278152,532916.6147737956,24.458198160781787,43.17543106032804,21.740437587844934,22.11192689822332,21.166619515305204,22.68574497076305,20.795130204926817,23.057234281141437,20.221312132387087,-0.1705445956883637,-85.94770414684837,-0.5446055955943123,-0.3996975109334936,-0.14490808466081873,36.93745328886274,20.1728364654393,22.434659576416017,23.36678304672241,23.86297046661377,,SALASAR.NS,2023-11-22 11:03:42.516683
438,2022-02-11 00:00:00+05:30,22.463516938481845,22.985923911903168,20.896294120288438,22.612775802612305,915460,0.0,0.0,2022-02-11,23.574999713897704,1.1381418064187796,24.713141520316483,22.436857907478924,25.851283326735263,21.298716101060144,-140.9738136466084,-127.56035315352587,3031850,820016.8610330657,606442.8553602906,24.47550394090834,41.66528817189421,22.164997944934637,23.433701769580836,21.344071977966106,24.254627736549367,20.075368153319907,25.523331561195565,19.254442186351376,-0.1563831031989785,-62.418285101709856,-0.45828673031011746,-0.3634704897682889,-0.09481624054182858,42.579408119648015,19.255348905829408,22.690390396118165,23.574999713897704,23.926057357788086,,SALASAR.NS,2023-11-22 11:03:42.516683
439,2022-02-10 00:00:00+05:30,22.393861546182787,23.36404703226679,22.393861546182787,22.587900161743164,144470,0.0,0.0,2022-02-10,23.756598377227782,1.25978473376547,25.016383110993253,22.49681364346231,26.27616784475872,21.237028909696843,-93.25218082215468,-91.63461505868068,2116390,129265.6292761415,553049.3539420968,24.512322429844556,40.19417579181201,22.78193624673091,23.170010947279035,22.199825461195033,23.752121732814913,21.81175076064691,24.140196433363037,21.22963997511103,-0.22265572294378932,-62.962927665957196,-0.4466671015709096,-0.33976642963283177,-0.10690067193807784,42.426776421127876,18.267285380095675,22.87248649597168,23.756598377227782,23.9742183303833,,SALASAR.NS,2023-11-22 11:03:42.516683
440,2022-02-09 00:00:00+05:30,22.687404467879755,23.279467354050023,22.199824495576234,22.786911010742188,474570,0.0,0.0,2022-02-09,23.957351970672608,1.3781001660081542,25.33545213668076,22.579251804664455,26.713552302688917,21.2011516386563,-58.17879984804145,-96.20729909987912,2260860,428366.2727447945,658995.2851085856,24.518344030685277,37.731513292449705,22.75540095345615,23.310977411336065,22.231334552862275,23.83504381192994,21.67575809498236,24.390620269809855,21.151691694388486,-0.09801114941452818,-58.60566186999012,-0.4225728986060133,-0.31304126164831225,-0.10953163695770107,43.50048516463073,18.559543168629286,22.98592338562012,23.957351970672608,24.01939407348633,,SALASAR.NS,2023-11-22 11:03:42.516683
441,2022-02-08 00:00:00+05:30,22.99089764758177,23.219761358437065,22.279428456850834,22.647602081298828,309260,0.0,0.0,2022-02-08,24.129995155334473,1.4387028037366054,25.56869795907108,22.691292351597866,27.007400762807684,21.252589547861263,-54.08433208114668,-101.4920703987001,1786290,277444.1102879294,716652.5381995334,24.536325572831977,34.76381679109403,22.715597298862246,23.151766140873658,22.211433239287427,23.655930200448477,21.775264397276015,24.09209904245989,21.271100337701196,-0.033416998436848526,-61.65577715963103,-0.4049219511719748,-0.28565835240888693,-0.1192635987630879,42.55553700209786,18.75271147807071,23.18593101501465,24.129995155334473,24.061982688903807,,SALASAR.NS,2023-11-22 11:03:42.516683
442,2022-02-07 00:00:00+05:30,23.085430013257874,23.88147853870978,22.627700687675986,22.816762924194336,448220,0.0,0.0,2022-02-07,24.283234691619874,1.4357153981380255,25.7189500897579,22.84751929348185,27.154665487895926,21.411803895343823,-16.78905190381429,-74.85655545966071,2095550,405111.70692367444,826454.6451774342,24.54919509086158,34.88544922440251,23.1086473835267,23.589594079377417,22.335816228343624,24.362425234560494,21.85486953249291,24.84337193041121,21.082038377309832,0.04638945201310216,-61.01009536709825,-0.3624683897972787,-0.25584245271811495,-0.10662593707916374,43.37348134024146,19.039612360780186,23.30732879638672,24.283234691619874,24.12218391418457,,SALASAR.NS,2023-11-22 11:03:42.516683
443,2022-02-04 00:00:00+05:30,23.16503540603712,23.78197255316765,22.990898482206994,23.523256301879883,433650,0.0,0.0,2022-02-04,24.39294023513794,1.4011744787565505,25.79411471389449,22.991765756381387,27.19528919265104,21.59059127762484,10.115733974509457,-51.31301045400197,2543770,404079.03997362853,931790.379740874,24.56647445810822,34.979632885085195,23.432042445751506,23.873186409296018,23.082112338335364,24.22311651671216,22.64096837479085,24.664260480256672,22.29103826737471,0.04871952338838783,-48.03149239045128,-0.31928280120427743,-0.229185968448324,-0.09009683275595343,46.8669696377516,19.689857724872788,23.622763061523436,24.39294023513794,24.192833290100097,,SALASAR.NS,2023-11-22 11:03:42.516683
444,2022-02-03 00:00:00+05:30,24.17502240222346,24.17502240222346,22.985924056790047,23.15508460998535,1627940,0.0,0.0,2022-02-03,24.47727165222168,1.3968257387260572,25.87409739094774,23.080445913495623,27.270923129673797,21.683620174769565,0.6685241145116174,-49.710514133981064,2110120,1493187.3397176277,1063718.2146826854,24.576639427438568,33.33802534749411,23.438677022999617,23.891429989209186,22.702331643775775,24.627775368433028,22.249578677566205,25.080528334642597,21.513233298342364,0.024629047323861918,-57.16979255902687,-0.328733436320082,-0.20666176025933564,-0.12207167606074637,44.71208556737311,20.756372126548488,23.754111099243165,24.47727165222168,24.24776065826416,,SALASAR.NS,2023-11-22 11:03:42.516683
445,2022-02-02 00:00:00+05:30,23.463553365947387,24.080492417065017,23.28444196730261,23.786949157714844,1176590,0.0,0.0,2022-02-02,24.611853694915773,1.3923909649505553,26.004244659866327,23.21946272996522,27.396635624816884,21.82707176501466,14.705981946563496,-29.33954006336079,3738060,1108647.3664336544,956350.9334239496,24.630612533534208,45.88569167799463,23.71729451402749,24.15014706075237,23.354096610989963,24.513344963789898,22.921244064265082,24.94619751051478,22.558046161227555,0.11780321876938643,-54.3955806966469,-0.29959297016327824,-0.17614384124414906,-0.12344912891912918,47.77559763352346,21.90492609758386,23.39389839172363,24.611853694915773,24.289155197143554,,SALASAR.NS,2023-11-22 11:03:42.516683
446,2022-02-01 00:00:00+05:30,24.095417377191463,24.289454090204345,22.92124435719315,23.25459098815918,533190,0.0,0.0,2022-02-01,24.68076162338257,1.3834920702930287,26.064253693675596,23.297269553089542,27.447745763968626,21.91377748279651,-17.8563838837512,-47.3208275903967,2561470,491156.8816752762,918276.8251715233,24.65441674589737,54.23365969220759,23.488429811852225,24.0556152665113,22.687405533500105,24.85663954486342,22.12022007884103,25.423824999522495,21.31919580048891,0.15516981738854588,-62.79432800111329,-0.3199741398576492,-0.14528155901436673,-0.17469258084328249,44.822287926255015,23.42593189282517,23.076473236083984,24.68076162338257,24.315822830200194,,SALASAR.NS,2023-11-22 11:03:42.516683
447,2022-01-31 00:00:00+05:30,24.81683656401048,24.81683656401048,23.682465061824573,24.39393424987793,474250,0.0,0.0,2022-01-31,24.697677516937254,1.3671078552389746,26.064785372176228,23.33056966169828,27.431893227415202,21.963461806459307,25.473283601699194,12.10410197347161,3094660,458267.14377869037,1025056.811045585,24.672547013939838,62.18563995434508,24.297745291904324,24.913025521984075,23.778654019798168,25.43211679409023,23.163373789718417,26.04739702416998,22.64428251761226,0.16127240351114008,-44.819481937965314,-0.2887909064819638,-0.10160841380354609,-0.18718249267841774,50.52951188900346,25.06393813385427,23.0645320892334,24.697677516937254,24.35562530517578,,SALASAR.NS,2023-11-22 11:03:42.516683
448,2022-01-28 00:00:00+05:30,21.095307001665013,25.46362688510804,21.095307001665013,24.179996490478516,2531910,0.0,0.0,2022-01-28,24.669318294525148,1.379566371085039,26.04888466561019,23.289751923440107,27.428451036695225,21.91018555235507,-30.477402218748605,-42.71610242008953,2620410,2425124.448906014,1166754.2278623085,24.675794062223986,66.50681881734437,23.579643459083854,26.063979916502696,21.695660033059667,27.947963342526883,19.211323575640826,30.432299799945724,17.32734014961664,0.15358795935625127,-48.194670453582766,-0.356699347003854,-0.05481279063394165,-0.30188655636991235,49.42804772022446,26.44550463019214,22.97000160217285,24.669318294525148,,,SALASAR.NS,2023-11-22 11:03:42.516683
449,2022-01-27 00:00:00+05:30,21.766972548310317,22.677454825337175,20.896293646377902,21.354021072387695,1269990,0.0,0.0,2022-01-27,24.646929454803466,1.3915072635327306,26.038436718336197,23.255422191270736,27.429943981868927,21.863914927738005,-151.3033920949463,-189.29436021213698,88500,1074260.2364224822,852161.6726013819,24.70868922215861,59.38273956309336,21.64258984803426,22.388886049690615,20.607724870731342,23.423751026993532,19.861428669074986,24.17004722864989,18.82656369177207,0.11281264106037782,-92.77866443077453,-0.4171685658068789,0.020658848458536425,-0.4378274142654153,29.895896640737988,27.933345472402156,22.9670166015625,24.646929454803466,,,SALASAR.NS,2023-11-22 11:03:42.516683
450,2022-01-25 00:00:00+05:30,22.786909865167743,23.065527791589602,21.90130566386624,22.1998233795166,756010,0.0,0.0,2022-01-25,24.77579002380371,1.1726360875852404,25.94842611138895,23.603153936218472,27.121062198974194,22.43051784863323,-156.6314277954615,-146.626353266834,1358490,664823.8511719352,796637.0316461067,24.82417496691507,61.579904376601775,22.388885611657482,22.876465559448725,21.712243431725362,23.553107739380845,21.22466348393412,24.04068768717209,20.548021304002,0.12958583513993727,-94.40299975472571,-0.20995099316231247,0.13011570202489026,-0.3400666951872027,33.50498570109778,27.597770094725714,23.614801788330077,24.77579002380371,,,SALASAR.NS,2023-11-22 11:03:42.516683
451,2022-01-24 00:00:00+05:30,23.78197174693934,24.423786931379993,22.249577877174378,23.19488525390625,669400,0.0,0.0,2022-01-24,24.894202423095702,1.0066501364401061,25.90085255953581,23.887552286655595,26.907502695975914,22.88090215021549,-150.86060715727598,-82.96415558339457,2114500,615045.8165505031,829590.3267646496,24.87908105937672,67.45921013565666,23.289416687486874,24.32925549779937,22.155046443593754,25.46362574169249,21.11520763328126,26.503464552004985,19.98083738938814,0.20433110243463912,-81.0379458649708,-0.024767343385185825,0.21513237582169095,-0.23989971920687678,38.59492506639367,28.0987320474651,24.165071105957033,24.894202423095702,,,SALASAR.NS,2023-11-22 11:03:42.516683
452,2022-01-21 00:00:00+05:30,23.921281814575195,24.87654004114922,23.85660227904798,23.921281814575195,1248520,0.0,0.0,2022-01-21,24.859872817993164,1.0769073463556582,25.93678016434882,23.782965471637507,27.01368751070448,22.70605812528185,-124.54403423065045,-14.512852191856314,2783900,1183067.389841911,883226.4543181862,24.910869556655832,72.86399646757079,24.218141378257467,24.579680477466955,23.559742715365715,25.238079140358707,23.198203616156228,25.599618239568194,22.539804953264476,0.19305663115523977,-86.04646583864783,0.11470058943329775,0.2751073056234101,-0.16040671619011238,43.02558175441168,28.97986942013306,24.660611724853517,24.859872817993164,,,SALASAR.NS,2023-11-22 11:03:42.516683
453,2022-01-20 00:00:00+05:30,24.573046603127796,24.652651457461427,23.980985617642002,24.165071487426758,533800,0.0,0.0,2022-01-20,24.8168363571167,1.1321711016909541,25.949007458807653,23.684665255425745,27.081178560498607,22.55249415373479,-155.58090014160604,-13.795874852687973,4032420,510970.9218109689,808266.2204372549,24.946977757562703,76.74590357829418,24.26623618751006,24.551486757378118,23.879820917558693,24.937902027329486,23.594570347690635,25.223152597197544,23.208155077739267,0.2543048667722657,-79.71572926671644,0.2199848635148136,0.31520898467093816,-0.09522412115612455,44.58823223700295,30.45185423648775,25.016843795776367,24.8168363571167,,,SALASAR.NS,2023-11-22 11:03:42.516683
454,2022-01-19 00:00:00+05:30,24.976045940792428,25.274563654463797,24.418811989572177,24.592947006225586,186030,0.0,0.0,2022-01-19,24.773551177978515,1.1741706499919442,25.947721827970458,23.599380527986572,27.121892477962405,22.425209877994625,-138.8024103740976,18.712237905927598,4566220,181227.0797765797,882590.0450938263,24.95936908571401,79.53787169563927,24.762107550087183,25.10540311060219,24.24965144571057,25.617859214978804,23.906355885195563,25.96115477549381,23.39389978081895,0.25969964717170246,-68.60464665435669,0.32743794567902995,0.3390150149599693,-0.011577069280939323,47.45568221756109,32.33438497660815,25.43277931213379,24.773551177978515,,,SALASAR.NS,2023-11-22 11:03:42.516683
455,2022-01-18 00:00:00+05:30,25.473576919449417,25.821848853291232,24.782009422524162,24.951169967651367,239460,0.0,0.0,2022-01-18,24.718574047088623,1.208316920528466,25.92689096761709,23.510257126560155,27.135207888145555,22.30194020603169,-99.55277676209649,47.642366440451724,4752250,236675.56645872342,1057930.7864231379,24.961404038931093,79.71930211904495,25.18500941448892,25.58800940645368,24.54816997568661,26.22484884525599,24.14516998372185,26.62784883722075,23.508330544919538,0.24924597506106577,-59.30230346533825,0.4179100157548632,0.34190928228020406,0.07600073347465913,49.95307701888234,33.67350572954409,25.834784317016602,24.718574047088623,,,SALASAR.NS,2023-11-22 11:03:42.516683
456,2022-01-17 00:00:00+05:30,25.573083707400535,25.951206277771806,25.37407062956553,25.672588348388672,373750,0.0,0.0,2022-01-17,24.642949390411378,1.239911288589432,25.88286067900081,23.403038101821945,27.122771967590243,22.163126813232513,7.099480361132249,81.7863178850603,4991710,380084.70268711407,1263244.5914142416,24.961477725270857,81.6459980445414,25.665955085242004,25.957839540918478,25.3807038927122,26.24309073344828,25.088819437035728,26.534975189124754,24.803568244505925,0.25992679789956613,-40.5684921714612,0.4921301772152482,0.3229090989115393,0.16922107830370892,55.36400555403373,34.50076575254259,26.092505264282227,24.642949390411378,,,SALASAR.NS,2023-11-22 11:03:42.516683
457,2022-01-14 00:00:00+05:30,26.070615812280334,26.170120458261604,25.30441789147598,25.702442169189453,937430,0.0,0.0,2022-01-14,24.485480976104736,1.3007566639749932,25.78623764007973,23.18472431212974,27.086994304054723,21.883967648154748,35.04682524122688,86.76883069683493,5365460,954427.1192499629,1484034.5635960232,24.95339547780946,84.98277042019333,25.72566017297568,26.14690245447538,25.281199887689755,26.591362739761305,24.859957606190054,27.012605021261006,24.41549732090413,0.24344217684284833,-29.22199573229316,0.5086491770848625,0.280603829335612,0.22804534774925045,55.597010461090896,34.27906522457885,26.100466156005858,24.485480976104736,,,SALASAR.NS,2023-11-22 11:03:42.516683
458,2022-01-13 00:00:00+05:30,27.234836172506295,27.234836172506295,25.801946971525208,26.244749069213867,1384660,0.0,0.0,2022-01-13,24.390701293945312,1.2762460118497725,25.666947305795084,23.11445528209554,26.94319331764486,21.838209270245766,108.90645208411254,,6302890,1439511.3838622358,1616436.424682538,24.93141577224684,87.13652786318394,26.427177404415122,27.052407837305037,25.61951863632395,27.86006660539621,24.994288203434035,28.485297038286124,24.186629435342862,0.23822080794410058,-18.88047136988678,0.5191515479438351,0.22359249239829937,0.29555905554553574,59.80383522452651,34.04031080984866,25.9621524810791,24.390701293945312,,,SALASAR.NS,2023-11-22 11:03:42.516683
459,2022-01-12 00:00:00+05:30,26.359181107699264,27.090551978591066,25.10540328528304,26.60297203063965,3116460,0.0,0.0,2022-01-12,24.321295738220215,1.205918190645059,25.527213928865272,23.115377547575157,26.733132119510334,21.909459356930096,110.6880774352746,,7687550,3284136.861063288,1660667.6848876134,24.87191317759006,84.06547335713641,26.266309098171252,27.427214911059465,25.44206621775144,28.25145779147928,24.281160404863225,29.412363604367492,23.456917524443412,0.3033554058700236,-9.560971727774186,0.4713228197541568,0.1497027285119154,0.3216200912422414,62.742775539592635,32.7981928026539,25.755179595947265,24.321295738220215,,,SALASAR.NS,2023-11-22 11:03:42.516683
460,2022-01-11 00:00:00+05:30,25.712391383238693,26.538292418856564,25.090477895637,26.239774703979492,2040010,0.0,0.0,2022-01-11,24.172036552429198,1.0875816936908016,25.25961824612,23.084454858738397,26.3471999398108,21.996873165047596,108.8454012304262,,4571090,2120420.189004557,1254800.3908436946,24.67535046553216,77.86959669915231,25.956181672824354,26.821885450011706,25.374070926792143,27.403996196043916,24.50836714960479,28.26969997323127,23.92625640357258,0.2775896576412369,-6.564535708503915,0.36766676519279784,0.06929770570135503,0.2983690594914428,60.9613321059242,31.55917638482432,25.603930282592774,24.172036552429198,,,SALASAR.NS,2023-11-22 11:03:42.516683
461,2022-01-10 00:00:00+05:30,24.976047424664422,25.871602516814416,24.876540881552323,25.712392807006836,2427170,0.0,0.0,2022-01-10,24.028498935699464,0.9849144936180885,25.013413429317552,23.043584442081375,25.99832792293564,22.058669948463287,91.13827320291702,,2531080,2472135.2211623876,1038395.4413034788,24.54973067637282,74.02478514900491,25.48684540179119,26.097149922030056,25.102088286767962,26.481907037053283,24.491783766529096,27.09221155729215,24.10702665150587,0.23222867664034189,-8.780479953176874,0.26515432955133633,-0.005294559171505675,0.270448888722842,58.23107516241338,30.620718425269114,25.388996887207032,24.028498935699464,,,SALASAR.NS,2023-11-22 11:03:42.516683
462,2022-01-07 00:00:00+05:30,25.46362675117861,25.46362675117861,24.87654024945707,25.010873794555664,478210,0.0,0.0,2022-01-07,23.897399520874025,0.9214364096760332,24.81883593055006,22.97596311119799,25.740272340226092,22.054526701521958,77.34767573410336,,103910,473780.3568757995,679960.4963387515,24.426920564628222,67.6838516126984,25.11701359839711,25.357486947337154,24.770400445615614,25.70410010011865,24.52992709667557,25.944573449058694,24.183313943894074,0.0934435173642802,-25.975614262639436,0.181828983931144,-0.07290678135221618,0.25473576528336017,54.31234968428243,30.160692394529807,24.96510009765625,23.897399520874025,,,SALASAR.NS,2023-11-22 11:03:42.516683
463,2022-01-06 00:00:00+05:30,26.05071290751324,26.05071290751324,25.080527471061497,25.209884643554688,529350,0.0,0.0,2022-01-06,23.811824226379393,0.8915749022386898,24.703399128618084,22.920249324140702,25.594974030856772,22.028674421902014,128.99807221924257,,582120,528619.6566340784,731505.5312044895,24.414509451735633,68.92261400658775,25.447041674043145,25.813555877024793,24.84337044057305,26.41722711049489,24.476856237591402,26.783741313476536,23.873185004121307,0.11726047957750672,-21.097602096409563,0.14148130047803775,-0.13659072267305622,0.27807202315109397,55.69873564984376,30.04547900590659,24.728275299072266,23.811824226379393,,,SALASAR.NS,2023-11-22 11:03:42.516683
464,2022-01-05 00:00:00+05:30,25.374070823837283,26.070614703663395,24.642699939812807,25.846725463867188,1306810,0.0,0.0,2022-01-05,23.692416858673095,0.8535913956286396,24.546008254301736,22.838825463044454,25.399599649930373,21.985234067415817,193.7321210857787,,1111470,1337973.4988256209,782226.9998470922,24.395346231329782,70.19283818496919,25.520013369114462,26.397326798416117,24.96941203456553,26.94792813296505,24.092098605263875,27.825241562266704,23.54149727071494,0.0795191565944505,-5.487813559446786,0.06808082970896123,-0.20610872846082967,0.2741895581697909,60.27017894827478,29.541062107711255,24.432742309570312,23.692416858673095,,,SALASAR.NS,2023-11-22 11:03:42.516683
465,2022-01-04 00:00:00+05:30,23.836699559446654,25.369095270638915,23.383946626217906,25.16510772705078,1495830,0.0,0.0,2022-01-04,23.56679039001465,0.6888351534055249,24.255625543420173,22.877955236609125,24.9444606968257,22.189120083203598,157.69746146538395,,-195340,1491113.0303356105,643290.37510246,24.30355978828181,69.62310283518369,24.6393832079692,25.894819789720493,23.909671145299484,26.62453185239021,22.65423456354819,27.879968434141503,21.924522500878474,-0.046843909942501295,-6.176465085952679,-0.0896447148626649,-0.2746561180032774,0.18501140314061248,56.769585676536906,28.99784390965474,24.04964370727539,23.56679039001465,,,SALASAR.NS,2023-11-22 11:03:42.516683
466,2022-01-03 00:00:00+05:30,23.9113301551788,24.070539854177074,23.393897684469746,23.59290885925293,387170,0.0,0.0,2022-01-03,23.500370025634766,0.5824351480324251,24.08280517366719,22.91793487760234,24.665240321699617,22.335499729569914,21.82051344814563,,-1691170,361836.78913476726,431334.71129417233,24.236327083824644,65.22048188189208,23.68578213263325,23.977666580796754,23.301024411089426,24.362424302340578,23.00913996292592,24.654308750504082,22.624382241382097,-0.20442380660339565,-52.6471082033449,-0.2230939347434635,-0.32090896878843045,0.09781503404496694,46.70152328881097,29.023972970592506,23.930236434936525,23.500370025634766,,,SALASAR.NS,2023-11-22 11:03:42.516683
467,2021-12-31 00:00:00+05:30,23.971034189703804,24.309355286863006,23.732219632520145,23.826749801635742,150390,0.0,0.0,2021-12-31,23.524251556396486,0.5960619248143537,24.12031348121084,22.928189631582132,24.716375406025193,22.33212770676778,78.12141177119328,,-1304000,141942.77653788854,448709.1918340236,24.249591125607648,71.16035098698562,23.95610824033963,24.179996848159117,23.602861193816256,24.533243894682492,23.37897258599677,24.757132502501978,23.025725539473395,-0.20775048795714873,-45.73529876098905,-0.23573139693283807,-0.34536272729967216,0.10963133036683409,48.229485557383946,30.558714411528577,23.71331329345703,23.524251556396486,,,SALASAR.NS,2023-11-22 11:03:42.516683
468,2021-12-30 00:00:00+05:30,24.160096490534478,24.160096490534478,23.682465476959276,23.732219696044922,156250,0.0,0.0,2021-12-30,23.567536735534667,0.6483267830171726,24.21586351855184,22.919209952517495,24.86419030156901,22.270883169500323,52.141519592354626,,-1454390,146888.54146888736,525400.7956580573,24.253004381450964,73.59734440129009,23.858260554512892,24.034055632066508,23.556424618491306,24.335891568088094,23.38062954093769,24.51168664564171,23.078793604916104,-0.2069234998386003,-48.529394909215796,-0.27136928001704064,-0.37277055989138064,0.10140127987434,47.6066291821908,31.614613236692374,23.560073852539062,23.567536735534667,,,SALASAR.NS,2023-11-22 11:03:42.516683
469,2021-12-29 00:00:00+05:30,24.57802405753523,25.16511059584872,23.692417878864475,23.931232452392578,560840,0.0,0.0,2021-12-29,23.631966972351073,0.7250453444239323,24.357012316775005,22.90692162792714,25.082057661198938,22.181876283503208,91.99851368933986,,-1298140,531659.4997590194,620028.8592053498,24.25740900055562,76.94748517557372,24.262920309035255,24.833422739206036,23.36073002222179,25.7356130260195,22.79022759205101,26.30611545619028,21.888037305237546,-0.18831775622748514,-42.64702788462029,-0.30357513083912124,-0.39812087985996564,0.0945457490208444,48.818603989570676,32.94378458298322,23.473503494262694,23.631966972351073,,,SALASAR.NS,2023-11-22 11:03:42.516683
470,2021-12-28 00:00:00+05:30,22.677454710334025,24.77703338975442,21.99086167687184,24.568071365356445,1387230,0.0,0.0,2021-12-28,23.677739715576173,0.7722900697686427,24.450029785344817,22.90544964580753,25.222319855113458,22.13315957603889,42.36837632236203,,-737300,1350047.5642251852,642121.1990669324,24.2676209885419,67.22924355970493,23.778655477327572,25.566449277783303,22.780277564900725,26.56482719021015,20.992483764444994,28.35262099066588,19.994105852018148,-0.16845062194668808,-23.82350978282693,-0.35980849720104047,-0.42175731711517667,0.0619488199141362,52.813807768067775,34.358822323903624,23.385937881469726,23.677739715576173,,,SALASAR.NS,2023-11-22 11:03:42.516683
471,2021-12-27 00:00:00+05:30,22.647601161863246,23.14513193809593,22.30928008219068,22.50829315185547,610470,0.0,0.0,2021-12-27,23.69515323638916,0.7969543043975523,24.492107540786712,22.898198931991608,25.289061845184264,22.101244627594056,-138.52292743635664,,-2124530,544297.6030268896,465139.6077773692,24.2424009741389,53.02528403258243,22.654235057380692,22.999190032570706,22.163338176665455,23.490086913285943,21.81838320147544,23.835041888475956,21.327486320760205,-0.30008650555617317,-93.50647036925409,-0.4890715865138695,-0.4372445220937107,-0.05182706442015883,37.534840720493726,36.35794657362154,23.160058975219727,23.69515323638916,,,SALASAR.NS,2023-11-22 11:03:42.516683
472,2021-12-24 00:00:00+05:30,23.065528968053858,23.378973914024634,22.911293731607724,23.0605525970459,341360,0.0,0.0,2021-12-24,23.85262174606323,0.8588385529104583,24.71146029897369,22.993783193152773,25.570298851884147,22.134944640242317,-79.64210083774424,,-1514060,311825.6758516357,445350.1089649891,24.308914636142877,48.93307735964393,23.11694008089275,23.322586430177775,22.854906247760866,23.58462026330966,22.64925989847584,23.790266612594685,22.387226065343956,-0.30407375153045746,-77.50001005703137,-0.44430039064513593,-0.4242877559886709,-0.020012634656465023,40.81101702622617,37.02601921127485,23.163044357299803,23.85262174606323,,,SALASAR.NS,2023-11-22 11:03:42.516683
473,2021-12-23 00:00:00+05:30,23.980984558408576,23.980984558408576,23.18493415230415,23.299367904663086,287240,0.0,0.0,2021-12-23,24.017055702209472,1.0020869498373564,25.019142652046828,23.014968752372116,26.021229601884183,22.01288180253476,-12.04514687353821,,-1172700,265105.40945597755,478731.21724332735,24.336276118880416,46.705372595484555,23.48842887179194,23.791923591279726,22.995873185175302,24.284479277896363,22.692378465687515,24.58797399738415,22.199822779070878,-0.24183360789152322,-69.49999015645619,-0.43463705658732366,-0.41928459732455464,-0.015352459262769014,42.307293330255185,38.61190057071408,23.31230354309082,24.017055702209472,,,SALASAR.NS,2023-11-22 11:03:42.516683
474,2021-12-22 00:00:00+05:30,23.443650170930002,23.84167442126519,23.443650170930002,23.493404388427734,349260,0.0,0.0,2021-12-22,24.165568542480468,1.1049471750086084,25.270515717489076,23.06062136747186,26.375462892497683,21.955674192463253,15.34811150990961,,-885460,325030.6649215621,532137.6691901648,24.35575913317546,46.31301147421005,23.592909660207642,23.74216914948528,23.344144899150095,23.99093391054283,23.194885409872455,24.14019339982047,22.946120648814908,-0.1665507638249612,-63.000005934158786,-0.4391993401485266,-0.41544648250886235,-0.023752857639664227,43.47914613278599,40.77214973631524,23.623757553100585,24.165568542480468,,,SALASAR.NS,2023-11-22 11:03:42.516683
475,2021-12-21 00:00:00+05:30,22.88144285663069,23.866553635677434,22.786910787768146,23.438676834106445,486410,0.0,0.0,2021-12-21,24.252138900756837,1.1172701576976518,25.369409058454487,23.134868743059187,26.48667921615214,22.017598585361533,-25.94581561594163,,-1234720,451611.63109503745,583914.4202573154,24.37592156599105,42.95547988570614,23.364047085850675,23.941183383933204,22.861540536023917,24.443689933759963,22.284404237941388,25.02082623184249,21.78189768811463,-0.12655104601482506,-64.83331188112066,-0.4574955638643381,-0.40950826809894625,-0.047987295765391846,43.09398030319408,43.5516517627273,23.648634338378905,24.252138900756837,,,SALASAR.NS,2023-11-22 11:03:42.516683
476,2021-12-20 00:00:00+05:30,23.980985491649253,23.980985491649253,22.38888651541186,22.52322006225586,361140,0.0,0.0,2021-12-20,24.336221599578856,1.1161069122972147,25.452328511876072,23.22011468728164,26.568435424173284,22.104007774984428,-96.67193466925818,,-1721130,322207.47107041883,616990.1175478848,24.407467288015436,38.81347933914781,22.964364023105656,23.539841530799453,21.94774255456206,24.55646299934305,21.37226504686826,25.13194050703685,20.355643578324663,-0.12351146484961739,-95.74131679872661,-0.46859868866787835,-0.3975114441575983,-0.07108724451028003,35.595204246748025,46.5449616373249,23.63470344543457,24.336221599578856,,,SALASAR.NS,2023-11-22 11:03:42.516683
477,2021-12-17 00:00:00+05:30,25.075553611265946,25.369096865412004,23.577984808647624,23.806848526000977,403870,0.0,0.0,2021-12-17,24.47229633331299,1.0472082358887793,25.519504569201768,23.42508809742421,26.56671280509055,22.37787986153543,83.95700953797797,,-1359990,380866.7285167369,690685.7791672513,24.455760849185026,38.444981566259294,24.25131006668687,24.924635324726115,23.133523267961735,26.04242212345125,22.46019800992249,26.715747381490495,21.342411211197355,-0.11067443042496,-70.09734829242187,-0.3855554513982149,-0.3797396330300283,-0.0058158183681866205,42.89835512982197,49.76852611766078,23.748140335083008,24.47229633331299,,,SALASAR.NS,2023-11-22 11:03:42.516683
478,2021-12-16 00:00:00+05:30,23.87152721264307,25.374070434767074,23.2943915688675,24.856637954711914,1208110,0.0,0.0,2021-12-16,,,,,,,101.34422614294449,,-956120,1189538.2139346292,768140.5418298799,24.474909285312464,37.95613796097174,24.50836665278216,25.722341736696823,23.64266287079725,26.588045518681735,22.428687786882588,27.802020602596397,21.562984004897675,,-51.70070316918356,-0.3998111485748588,-0.3782856784379816,-0.021525470136877167,50.844520217153566,51.608484335029736,23.64664421081543,,,,SALASAR.NS,2023-11-22 11:03:42.516683
479,2021-12-15 00:00:00+05:30,23.000849271234966,23.6973931690306,23.000849271234966,23.617788314819336,515420,0.0,0.0,2021-12-15,,,,,,,-41.68160517107821,,-2164230,482203.12964805786,662791.1238036924,24.437951953048586,36.714413231178376,23.438676918361637,23.876504565488307,23.179960667692672,24.135220816157272,22.742133020566,24.573048463283943,22.483416769897037,,-79.93194661377115,-0.5153933690214139,-0.3729043109037623,-0.14248905811765156,38.31464613509599,53.589977799888615,23.23966407775879,,,,SALASAR.NS,2023-11-22 11:03:42.516683
480,2021-12-14 00:00:00+05:30,23.12523144139817,23.573009922218695,23.010799584728346,23.369022369384766,539530,0.0,0.0,2021-12-14,,,,,,,-64.88514730284139,,-2679650,499442.7059421475,707938.122342601,24.47328821337863,43.286844174802354,23.317610625443933,23.62442166615952,23.06221132866917,23.879820962934282,22.755400287953584,24.18663200364987,22.500000991178823,,-85.60089282010439,-0.5335567265882375,-0.3372820463743494,-0.1962746802138881,35.22345254601052,56.07379388369237,23.18294563293457,,,,SALASAR.NS,2023-11-22 11:03:42.516683
481,2021-12-13 00:00:00+05:30,23.91133109530189,24.03073742528064,22.791886787621774,23.090404510498047,845160,0.0,0.0,2021-12-13,,,,,,,-80.56703665835563,,-3219180,773036.513957424,760061.9764427142,24.525442505041433,43.49554927017888,23.30434290780015,23.81679902797853,22.577948390319662,24.54319354545902,22.065492270141284,25.055649665637397,21.339097752660795,,-91.95011257119764,-0.5242274590501168,-0.28821337632087735,-0.23601408272923946,31.661891117478504,58.321249344448646,23.276481246948244,,,,SALASAR.NS,2023-11-22 11:03:42.516683
482,2021-12-10 00:00:00+05:30,23.135181832266717,23.772020638806776,22.737157578179183,23.299367904663086,654670,0.0,0.0,2021-12-10,,,,,,,-96.7331516269274,,-2374020,604221.4120893496,756818.3420640368,24.6400953439054,36.00515501406075,23.269515373883014,23.801873169586845,22.76701010895925,24.304378434510607,22.23465231325542,24.836736230214438,21.732147048331658,,-87.1881977578777,-0.4769006916442855,-0.22920985563856747,-0.24769083600571803,32.922535211267615,60.74158599449387,23.472508239746094,,,,SALASAR.NS,2023-11-22 11:03:42.516683
483,2021-12-09 00:00:00+05:30,23.65758918617316,23.65758918617316,22.75208328102157,22.82173728942871,977600,0.0,0.0,2021-12-09,,,,,,,-137.3489883511566,,-3028690,883770.3498190207,794967.5745577086,24.728543874806647,31.9732442799111,23.077136585541144,23.40218989006072,22.49668398490913,23.982642490692733,22.171630680389555,24.307695795212307,21.59117807975754,,-98.40728815432912,-0.429662048078157,-0.16728714663713795,-0.26237490144101905,,62.4746603709272,23.75112533569336,,,,SALASAR.NS,2023-11-22 11:03:42.516683
484,2021-12-08 00:00:00+05:30,24.105368477932522,24.105368477932522,23.16503553689793,23.334196090698242,1158850,0.0,0.0,2021-12-08,,,,,,,-136.72070776109328,,-2051090,1071148.2946622118,772766.8807423806,24.93691404381555,,23.534866701842898,23.904697866787867,22.964364925753273,24.47519964287749,22.594533760808304,24.84503080782246,22.02403198471868,,,-0.31563285976847055,-0.10169342127688315,-0.21393943849158742,,63.935290096139,24.190942764282227,,,,SALASAR.NS,2023-11-22 11:03:42.516683
485,2021-12-07 00:00:00+05:30,23.801873435452034,24.662601487633523,23.64266373203866,23.836700439453125,1288700,0.0,0.0,2021-12-07,,,,,,,-125.45209216318713,,-892240,1216823.250982339,698171.5272624228,25.175421457240365,,24.0473218863751,24.451980040711543,23.43204228511668,25.067259641969965,23.027384130780238,25.471917796306407,22.412104529521816,,,-0.21532805577324154,-0.048208561653986286,-0.16711949411925525,,66.14576593574284,24.493441009521483,,,,SALASAR.NS,2023-11-22 11:03:42.516683
486,2021-12-06 00:00:00+05:30,24.538217720676396,24.69245294449214,23.781970713399,24.070539474487305,764910,0.0,0.0,2021-12-06,,,,,,,-142.47929338934364,,396460,729332.7154332881,568508.5963324438,25.440898792944864,,24.18165437745948,24.58133804151996,23.670855810426822,25.092136608552618,23.271172146366343,25.491820272613097,22.760373579333685,,,-0.133134029614709,-0.006428688124172469,-0.12670534149053653,,69.4581057570357,24.709369277954103,,,,SALASAR.NS,2023-11-22 11:03:42.516683
487,2021-12-03 00:00:00+05:30,25.02082362649486,25.02082362649486,24.543194528524996,24.692453384399414,352310,0.0,0.0,2021-12-03,,,,,,,-95.38343751050617,,1161370,344602.7551711114,528302.5665572326,25.62371582205591,,24.75215717980642,24.961119831087846,24.483490733117982,25.229786277776284,24.274528081836557,25.43874892905771,24.00586163514812,,,-0.04891318851942472,0.02524764724846166,-0.07416083576788637,,73.3407600386077,25.026794052124025,,,,SALASAR.NS,2023-11-22 11:03:42.516683
488,2021-12-02 00:00:00+05:30,24.488466627252716,25.34421831419536,24.388960087488393,25.020824432373047,297790,0.0,0.0,2021-12-02,,,,,,,,,1513680,295148.9603015405,574227.5194037629,25.684684931641097,,24.9180009446856,25.447041801882804,24.491783575175837,25.873259171392565,23.96274271797863,26.40230002858977,23.53652534846887,,,-0.0015929787218169622,0.04378785619043325,-0.045380834912250215,,78.13070914395249,25.35814971923828,,,,SALASAR.NS,2023-11-22 11:03:42.516683
489,2021-12-01 00:00:00+05:30,24.981020859825076,25.543231191809344,24.413836054960136,24.84668731689453,283470,0.0,0.0,2021-12-01,,,,,,,,,1215890,279000.5958520195,643997.1591793185,25.72357361644294,,24.93458485455467,25.455333654149207,24.3259385173,26.06397999140388,23.805189717705463,26.584728790998415,23.19654338045079,,,0.026675792411378296,0.0551330649184958,-0.028457272507117506,,83.28911587278533,25.607909774780275,,,,SALASAR.NS,2023-11-22 11:03:42.516683
490,2021-11-30 00:00:00+05:30,26.170117647259897,26.314402025536022,24.58299518001031,24.91634178161621,415340,0.0,0.0,2021-11-30,,,,,,,,,1499360,409937.42664217995,735246.3000111432,25.77535880142744,,25.27124632905418,25.959497478098047,24.228090632572336,27.00265317457989,23.539839483528468,27.69090432362376,22.496683787046624,,,0.07961407451674063,0.06224738304527517,0.01736669147146546,,88.75406943908808,25.683534622192383,,,,SALASAR.NS,2023-11-22 11:03:42.516683
491,2021-11-29 00:00:00+05:30,27.125379592998325,27.125379592998325,25.37407093961091,25.657663345336914,490650,0.0,0.0,2021-11-29,,,,,,,,,1914700,498675.96649722586,816573.5183533839,25.85672905002105,,26.052371292648715,26.73067164568652,24.979362992299105,27.80367994603613,24.3010626392613,28.481980299073935,23.22805433891169,,,0.1393249342545495,0.0579057101774088,0.0814192240771407,,94.0223278643098,25.724332427978517,,,,SALASAR.NS,2023-11-22 11:03:42.516683
492,2021-11-26 00:00:00+05:30,26.170120321453606,26.727356205268904,25.224812904067015,26.349231719970703,957750,0.0,0.0,2021-11-26,,,,,,,,,2405350,999653.8658793496,896047.9063174232,25.881811313475104,,26.10046694310221,26.976120982137402,25.473577680935513,27.603010244304098,24.59792364190032,28.478664283339292,23.971034379733624,,,0.14065300318494423,0.03755090415812362,0.1031020990268206,,95.53262409609573,25.641742706298828,,,,SALASAR.NS,2023-11-22 11:03:42.516683
493,2021-11-25 00:00:00+05:30,25.563131916026006,26.861687550831736,24.990970761908848,26.269624710083008,1489250,0.0,0.0,2021-11-25,,,,,,,,,1447600,1549712.0489243288,870146.4164269415,25.729350088695227,,26.040761007607866,27.090551253306884,25.219834464383997,27.911477796530754,24.17004421868498,28.961268042229772,23.34911767546111,,,0.07211322115939467,0.011775379401418463,0.060337841757976206,,97.68358286464223,,,,,SALASAR.NS,2023-11-22 11:03:42.516683
494,2021-11-24 00:00:00+05:30,25.274563874022725,25.408897415720592,24.67752654356421,25.224811553955078,538970,0.0,0.0,2021-11-24,,,,,,,,,-41650,538545.0707170058,700255.0083025948,25.173319557682646,,25.10374517107996,25.529963798595713,24.79859292643933,25.835116043236344,24.372374298923578,26.261334670752095,24.067222054282947,,,-0.008891009720123577,-0.0033090810380755897,-0.005581928682047987,,100.0,,,,,SALASAR.NS,2023-11-22 11:03:42.516683
495,2021-11-23 00:00:00+05:30,25.095452752318785,25.374070682280756,24.777033345464748,25.120330810546875,744350,0.0,0.0,2021-11-23,,,,,,,,,-580620,740682.4926989919,740682.4926989919,25.14275766750672,,25.090478279430794,25.40392321339684,24.806885876580832,25.687515616246802,24.493440942614786,26.00096055021285,24.209848539764824,,,-0.009567994337817964,-0.0019135988675635929,-0.0076543954702543715,,100.0,,,,,SALASAR.NS,2023-11-22 11:03:42.516683
496,2021-11-22 00:00:00+05:30,26.040763292763916,26.180071315551,24.995949326001845,25.244714736938477,163730,0.0,0.0,2021-11-22,,,,,,,,,163730,,,25.244714736938477,,25.473578459497105,25.951207592992365,24.76708560344321,26.65770044904626,24.28945646994795,27.13532958254152,23.582963613894055,,,0.0,0.0,0.0,,,,,,,SALASAR.NS,2023-11-22 11:03:42.516683
