Trading Day,Date,Open,High,Low,Close,Volume,Dividends,Stock Splits,date_only,RollingMean,RollingStd,UpperBand1,LowerBand1,UpperBand2,LowerBand2,CCI_10,CCI_40,OBV,VPT,VPT_signal,VWAP,MFI_14,PP,R1,S1,R2,S2,R3,S3,CMF,%R,macd,macd_signal,macde_histogram,rsi,ADX,sma_5,sma_20,sma_50,sma_100,symbol,created_on
1,2025-07-29 00:00:00+05:30,374.8500061035156,374.8500061035156,374.8500061035156,374.8500061035156,300,0.0,0.0,2025-07-29,337.3524993896484,46.87679078483778,384.2292901744862,290.4757086048106,431.106080959324,243.59891781997285,66.56098655130974,91.90696094846999,-856200,214.86353353344114,13037.352220274355,389.74101070268745,1.744804378322101,374.8500061035156,374.8500061035156,374.8500061035156,374.8500061035156,374.8500061035156,374.8500061035156,374.8500061035156,,-37.81436760268525,6.205786313314434,3.436133876604285,2.7696524367101487,54.41776574496395,11.01291939332918,353.1700012207031,337.3524993896484,344.8779992675781,408.4236700439453,SUPERSHAKT.BO,2025-07-29 12:16:55.234866
2,2025-07-25 00:00:00+05:30,357.0,357.0,357.0,357.0,900,0.0,0.0,2025-07-25,334.5599990844727,46.183858444964564,380.74385752943726,288.3761406395081,426.9277159744018,242.19228219454357,-33.0278459298534,47.42749994978965,-856500,613.8958000997542,16242.974391959582,389.74332764754496,1.7102719052939221,357.0,357.0,357.0,357.0,357.0,357.0,357.0,,-48.50299401197605,4.656120957371627,2.7437207674267476,1.9124001899448793,51.81889312070448,10.828469756670252,349.2,334.5599990844727,344.57126953125,409.31888610839843,SUPERSHAKT.BO,2025-07-29 12:16:55.234866
3,2025-07-23 00:00:00+05:30,342.0,350.0,340.0,340.0,81000,0.0,0.0,2025-07-23,332.65999908447264,45.9933557940972,378.65335487856987,286.6666432903754,424.64671067266704,240.67328749627825,-83.19162651379538,12.217293173261993,-857400,52619.64000855036,20150.24403992454,389.7586187407801,1.2697509325316219,343.3333333333333,346.66666666666663,336.66666666666663,353.3333333333333,333.3333333333333,356.66666666666663,326.66666666666663,,-47.816541331663835,4.3594875655279,2.265620719940528,2.093866845587372,49.260535311954804,11.042876331812879,351.8,332.65999908447264,344.6964385986328,410.49246704101563,SUPERSHAKT.BO,2025-07-29 12:16:55.234866
4,2025-07-21 00:00:00+05:30,344.0,344.0,344.0,344.0,9600,0.0,0.0,2025-07-21,332.00999908447267,45.976021635448966,377.9860207199216,286.0339774490237,423.9620423553706,240.05795581357472,-62.9916713790903,13.16208002709784,-776400,6309.7712114828155,12032.895047768081,391.94172356041133,2.06433832212673,344.0,344.0,344.0,344.0,344.0,344.0,344.0,,-45.86484576710613,5.587896517401703,1.7421540085436846,3.845742508858018,49.83873507471199,11.43720161210513,358.6599975585938,332.00999908447267,345.26646545410154,412.085710144043,SUPERSHAKT.BO,2025-07-29 12:16:55.234866
5,2025-07-18 00:00:00+05:30,345.0,350.0,345.0,350.0,51300,0.0,0.0,2025-07-18,331.15999908447264,45.89976878276485,377.0597678672375,285.2602303017078,422.95953665000235,239.36046151894294,-29.78186960219879,20.869935007607285,-766800,34305.941770280384,13463.676006839396,392.1923173457647,2.2118607751627195,348.3333333333333,351.66666666666663,346.66666666666663,353.3333333333333,343.3333333333333,356.66666666666663,341.66666666666663,,-42.93730242026957,6.682027728249238,0.7807183813291801,5.901309346920058,50.667080034932695,11.997431304588106,368.6599975585938,331.15999908447264,345.6865869140625,414.37795318603514,SUPERSHAKT.BO,2025-07-29 12:16:55.234866
6,2025-07-17 00:00:00+05:30,355.0,355.0,355.0,355.0,49200,0.0,0.0,2025-07-17,327.3099990844727,47.4398103811129,374.7498094655856,279.87018870335976,422.18961984669846,232.4303783222469,-0.20881958028884964,34.96029486209138,-715500,33371.62790084752,8253.109565979146,393.4046995111362,3.47264676376777,355.0,355.0,355.0,355.0,355.0,355.0,355.0,,-40.497682964572434,7.390695297769867,-0.6946089554008346,8.085304253170701,51.32720461766101,12.577460838207529,368.7399963378906,327.3099990844727,345.91680297851565,416.36096832275393,SUPERSHAKT.BO,2025-07-29 12:16:55.234866
7,2025-07-16 00:00:00+05:30,370.0,370.0,370.0,370.0,6000,0.0,0.0,2025-07-16,328.3099990844727,48.25795631567377,376.56795540014645,280.0520427687989,424.8259117158202,231.79408645312515,37.32226416329781,71.7832139017942,-666300,4241.670327486631,1973.4799822620519,394.4930649370609,54.96132388973422,370.0,370.0,370.0,370.0,370.0,370.0,370.0,,-33.17882459748103,7.693600060296092,-2.71593501869351,10.409535078989602,53.26023961461321,12.979151202968083,385.3399963378906,328.3099990844727,346.19681640625,417.79552764892577,SUPERSHAKT.BO,2025-07-29 12:16:55.234866
8,2025-06-25 00:00:00+05:30,374.29998779296875,374.29998779296875,374.29998779296875,374.29998779296875,4200,0.0,0.0,2025-06-25,326.8099990844727,47.35163897158568,374.16163805605834,279.458360112887,421.51327702764405,232.1067211413013,51.9970396783348,81.89291911269028,-660300,3003.675692594678,1406.432395955907,394.5780070731353,62.77318357661584,374.29998779296875,374.29998779296875,374.29998779296875,374.29998779296875,374.29998779296875,374.29998779296875,374.29998779296875,,-31.080757821683683,6.487567520495645,-5.3183187884409096,11.805886308936554,53.799580704706614,13.07974574579907,385.2399963378906,326.8099990844727,345.7703796386719,419.3293148803711,SUPERSHAKT.BO,2025-07-29 12:16:55.234866
9,2025-05-14 00:00:00+05:30,394.0,394.0,394.0,394.0,300,0.0,0.0,2025-05-14,326.5949996948242,47.13392409396176,373.72892378878595,279.46107560086244,420.8628478827477,232.3271515069007,91.07612742625685,133.8400207974967,-656100,225.84028500401797,1007.1215717962141,394.6273538956492,67.94674647622418,394.0,394.0,394.0,394.0,394.0,394.0,394.0,,-21.468651210134784,4.421700281284586,-8.269790365675048,12.691490646959634,56.22159465052982,13.095157441784071,373.3799987792969,326.5949996948242,345.8551348876953,,SUPERSHAKT.BO,2025-07-29 12:16:55.234866
10,2025-05-13 00:00:00+05:30,350.3999938964844,353.0,350.3999938964844,350.3999938964844,2700,0.0,0.0,2025-05-13,325.3949996948242,45.60833787735423,371.00333757217845,279.78666181746996,416.61167544953264,234.17832394011575,54.55837973850144,28.967203217319966,-656400,1807.6393664540449,1202.441893494263,394.62746296273815,67.90203568731336,351.26666259765625,352.1333312988281,349.5333251953125,353.8666687011719,348.6666564941406,354.73333740234375,346.9333190917969,,-42.742135841864894,-0.2303839814476305,-11.442663027414957,11.212279045967326,51.75829576989839,12.692902784486902,348.7799987792969,325.3949996948242,345.7086700439453,,SUPERSHAKT.BO,2025-07-29 12:16:55.234866
11,2025-05-12 00:00:00+05:30,438.0,438.0,438.0,438.0,300,0.0,0.0,2025-05-12,325.025,45.42445289766987,370.44945289766986,279.6005471023301,415.87390579533974,234.17609420466022,220.9837418851709,242.16362109858937,-653700,251.0610274917763,1051.1425252543174,394.69677294386236,73.06190659723649,438.0,438.0,438.0,438.0,438.0,438.0,438.0,,-0.0,-1.8890308988199536,-14.245732788906787,12.356701890086834,63.91554989942354,12.905612197835584,336.7,325.025,346.61895568847655,,SUPERSHAKT.BO,2025-07-29 12:16:55.234866
12,2025-04-17 00:00:00+05:30,370.0,370.0,369.0,369.5,600,0.0,0.0,2025-04-17,320.175,37.15234461681136,357.3273446168114,283.02265538318863,394.4796892336227,245.8703107663773,179.02069842973728,81.08085009177077,-654000,423.59383405575954,1251.1628996949528,394.6892314553468,72.36163389654806,369.5,370.0,369.0,370.5,368.5,371.0,368.0,,-0.36509675877463954,-12.611253221425955,-17.334908261428495,4.723655040002541,56.49581587551377,10.968034520323666,298.1,320.175,345.8271734619141,,SUPERSHAKT.BO,2025-07-29 12:16:55.234866
13,2025-04-09 00:00:00+05:30,315.0,315.0,315.0,315.0,300,0.0,0.0,2025-04-09,318.7,35.64606717806544,354.3460671780654,283.05393282193455,389.99213435613086,247.40786564386912,58.37465328967942,-61.08596704014289,-654600,180.5575882646336,1458.0551661047512,394.6980081910456,79.48628247104229,315.0,315.0,315.0,315.0,315.0,315.0,315.0,,-42.26840527645605,-19.401655237165016,-18.51582202142913,-0.8858332157358859,48.70327408678955,9.960138411018109,280.6,318.7,346.359453125,,SUPERSHAKT.BO,2025-07-29 12:16:55.234866
14,2025-04-04 00:00:00+05:30,340.0,340.0,271.0,271.0,900,0.0,0.0,2025-04-04,320.8,36.63992645361495,357.43992645361493,284.1600735463851,394.0798529072299,247.52014709277012,-15.3260959667518,-121.38503025935499,-654900,466.01053733062577,1777.4295605647803,394.7118952808157,77.21946525627676,294.0,317.0,248.0,363.0,225.0,386.0,179.0,,-73.26523581252381,-22.43403879917696,-18.294363717495155,-4.139675081681805,40.74657230543729,10.072141439643108,274.0,320.8,348.327265625,,SUPERSHAKT.BO,2025-07-29 12:16:55.234866
15,2025-04-03 00:00:00+05:30,290.0,290.0,290.0,290.0,300,0.0,0.0,2025-04-03,324.3,34.93618242031119,359.2361824203112,289.3638175796888,394.1723648406224,254.42763515937764,-33.1562533972763,-142.62253154063617,-654000,166.22762094204364,2105.2843163733187,394.7765981549166,72.94838289674041,290.0,290.0,290.0,290.0,290.0,290.0,290.0,,-59.880240808312735,-21.6431656505531,-17.2594449470747,-4.383720703478399,43.44890298082658,10.192760085854646,282.2,324.3,350.90943725585936,,SUPERSHAKT.BO,2025-07-29 12:16:55.234866
16,2025-03-28 00:00:00+05:30,233.0500030517578,245.0,233.0500030517578,245.0,600,0.0,0.0,2025-03-28,326.8,34.132250531070866,360.93225053107085,292.6677494689292,395.06450106214174,258.5354989378583,-163.7224728887625,-296.508235862442,-654300,280.86735952276337,2590.0484902311377,394.79486783201423,74.0243429150463,241.01666768391928,248.98333231608075,237.03333536783856,252.96666463216147,229.0666707356771,260.93332926432294,225.08333841959637,,-91.69850836986203,-22.173893730715747,-16.1635147712051,-6.010378959510646,33.79214993362389,10.283370709031061,290.8,326.8,352.9598138427734,,SUPERSHAKT.BO,2025-07-29 12:16:55.234866
17,2025-03-26 00:00:00+05:30,282.0,282.0,282.0,282.0,300,0.0,0.0,2025-03-26,332.35,28.727897682621276,361.0778976826213,303.62210231737873,389.8057953652426,274.89420463475744,-100.61793167774273,-211.23427901011934,-653700,161.64203139881485,3167.343772908231,394.84712489387783,74.81342733252707,282.0,282.0,282.0,282.0,282.0,282.0,282.0,,-91.34615384615384,-18.08560023136772,-14.66092003132744,-3.4246802000402816,38.85830489529275,8.78347387220996,305.6,332.35,356.24873291015626,,SUPERSHAKT.BO,2025-07-29 12:16:55.234866
18,2025-03-25 00:00:00+05:30,282.0,282.0,282.0,282.0,1200,0.0,0.0,2025-03-25,335.23249969482424,26.190136071143744,361.422635765968,309.0423636236805,387.6127718371117,282.85222755253676,-134.08326868373413,-236.19240564754594,-653400,646.5681255952594,3918.769208285585,394.8668121103631,72.97826118232696,282.0,282.0,282.0,282.0,282.0,282.0,282.0,,-91.34615384615384,-16.22126082339389,-13.804749981317366,-2.4165108420765247,38.85830489529275,8.455165756014281,313.0,335.23249969482424,358.99738159179685,,SUPERSHAKT.BO,2025-07-29 12:16:55.234866
19,2025-03-24 00:00:00+05:30,313.0,313.0,312.0,312.0,9000,0.0,0.0,2025-03-24,339.0074996948242,23.40678193124133,362.41428162606553,315.6007177635829,385.8210635573069,292.19393583234154,-46.28314393939403,-147.5919797212669,-652200,5365.139765577685,4736.819478958167,394.9456297165855,73.08656561581465,312.3333333333333,312.66666666666663,311.66666666666663,313.3333333333333,311.3333333333333,313.66666666666663,310.66666666666663,,-62.5,-13.588564750709224,-13.200622270798235,-0.38794247991098985,43.40800342812688,8.101603169342011,322.0,339.0074996948242,361.7460302734375,,SUPERSHAKT.BO,2025-07-29 12:16:55.234866
20,2025-03-21 00:00:00+05:30,315.0,333.0,300.0,333.0,27600,0.0,0.0,2025-03-21,340.5074996948242,22.529771397755813,363.03727109258006,317.9777282970684,385.56704249033584,295.4479568993126,-27.10262345679015,-120.36179269582067,-643200,17560.515155794656,4579.7394073032865,395.3823388937525,85.02798507462687,322.0,344.0,311.0,355.0,289.0,377.0,278.0,,-42.30769230769231,-12.966574100821902,-13.103636650820485,0.1370625499985838,46.98368825991586,8.684281965452785,325.0,340.5074996948242,364.19427368164065,,SUPERSHAKT.BO,2025-07-29 12:16:55.234866
21,2025-03-20 00:00:00+05:30,319.0,319.0,319.0,319.0,300,0.0,0.0,2025-03-20,341.85749969482424,22.862709700280934,364.7202093951052,318.9947899945433,387.5829190953861,296.1320802942624,-41.451766953199716,-139.59291857885276,-670800,182.85038303624802,1334.5454701804445,396.4060947229043,71.69914571489375,319.0,319.0,319.0,319.0,319.0,319.0,319.0,,-55.76923076923077,-14.041956161180963,-13.13790228832013,-0.9040538728608318,44.13494224161021,9.311782207418233,313.0,341.85749969482424,366.502138671875,,SUPERSHAKT.BO,2025-07-29 12:16:55.234866
22,2025-03-19 00:00:00+05:30,319.0,319.0,319.0,319.0,1200,0.0,0.0,2025-03-19,343.9074996948242,22.541192032846403,366.4486917276706,321.36630766197777,388.989883760517,298.8251156291314,-50.20080321285146,-147.9064982341562,-670500,731.4015321449921,1622.4692419664934,396.41990490929555,70.96560647549123,319.0,319.0,319.0,319.0,319.0,319.0,319.0,,-55.76923076923077,-13.827226281471383,-12.91188882010492,-0.9153374613664624,44.13494224161022,9.415295210283874,324.2,343.9074996948242,369.7101641845703,,SUPERSHAKT.BO,2025-07-29 12:16:55.234866
23,2025-03-12 00:00:00+05:30,327.0,327.0,327.0,327.0,300,0.0,0.0,2025-03-12,345.63999938964844,21.846959291424355,367.4869586810728,323.7930400982241,389.33391797249715,301.9460808067997,-36.155202821869466,-125.09647361427504,-669300,187.43597257947684,1845.2361694218685,396.4751949681488,74.0878284281868,327.0,327.0,327.0,327.0,327.0,327.0,327.0,,-48.07692307692308,-13.342803537275415,-12.683054454763305,-0.6597490825121106,45.33519380723616,9.526770751831489,328.4,345.63999938964844,375.1142181396484,,SUPERSHAKT.BO,2025-07-29 12:16:55.234866
24,2025-03-10 00:00:00+05:30,285.0,327.0,285.0,327.0,600,0.0,0.0,2025-03-10,346.97249908447264,21.45951181737517,368.43201090184783,325.51298726709746,389.89152271922296,304.0534754497223,-96.18916437098245,-183.12193661766958,-669000,374.8719451589537,2259.686218632466,396.48760125296457,73.0472550573877,313.0,341.0,299.0,355.0,271.0,383.0,257.0,,-48.07692307692308,-13.308310727853666,-12.518117184135274,-0.7901935437183916,45.33519380723615,9.381155731760426,337.0,346.97249908447264,382.5153533935547,,SUPERSHAKT.BO,2025-07-29 12:16:55.234866
25,2025-03-06 00:00:00+05:30,273.0,273.0,273.0,273.0,300,0.0,0.0,2025-03-06,350.2674987792969,23.21863577933117,373.48613455862807,327.0488629999657,396.70477033795925,303.8302272206345,-284.98522696749944,-346.11354254052185,-669600,156.4832431626825,2730.889787000844,396.5124271197931,70.9630449266493,273.0,273.0,273.0,273.0,273.0,273.0,273.0,,-100.0,-13.062508407793189,-12.320568798205674,-0.741939609587515,35.0558845925914,9.224339556299283,345.6,350.2674987792969,387.7094744873047,,SUPERSHAKT.BO,2025-07-29 12:16:55.234866
26,2025-02-06 00:00:00+05:30,325.0,375.0,325.0,375.0,13800,0.0,0.0,2025-02-06,355.61749877929685,15.533158357868896,371.15065713716575,340.08434042142795,386.68381549503465,324.55118206355905,47.0798569725863,-33.64261061883526,-669300,9887.67745258708,3374.4914229603846,396.53449473228545,70.04832514849457,358.3333333333333,391.66666666666663,341.66666666666663,408.3333333333333,308.3333333333333,441.66666666666663,291.66666666666663,,-3.8387711433781257,-7.231708340324985,-12.135083895808792,4.903375555483807,52.308213781593295,9.253552556085992,359.6,355.61749877929685,392.2359606933594,,SUPERSHAKT.BO,2025-07-29 12:16:55.234866
27,2025-02-05 00:00:00+05:30,340.0,340.0,340.0,340.0,1500,0.0,0.0,2025-02-05,354.61749877929685,14.848358254124795,369.4658570334216,339.7691405251721,384.31421528754646,324.92078227104724,-62.347188264058644,-105.26433081906319,-683100,974.437777936118,1746.1949155537104,396.71294667926526,39.82019585011997,340.0,340.0,340.0,340.0,340.0,340.0,340.0,,-71.01726615249532,-9.70240055181904,-13.360927784679744,3.6585272328607044,43.43895274594379,8.842481544806432,352.8,354.61749877929685,395.7210961914063,,SUPERSHAKT.BO,2025-07-29 12:16:55.234866
28,2025-01-31 00:00:00+05:30,370.0,370.0,370.0,370.0,2700,0.0,0.0,2025-01-31,356.31499938964845,15.02882450220207,371.34382389185055,341.28617488744635,386.3726483940526,326.2573503852443,120.93037266571805,-0.13156832427354923,-681600,1908.7516473689839,1939.1341999581082,396.76407627417984,45.78041368003307,370.0,370.0,370.0,370.0,370.0,370.0,370.0,,-13.43569900182344,-9.271659511204405,-14.275559592894918,5.003900081690514,50.98571950554673,9.387447265847538,352.8,356.31499938964845,398.90758239746094,,SUPERSHAKT.BO,2025-07-29 12:16:55.234866
29,2025-01-22 00:00:00+05:30,370.0,377.0,370.0,370.0,2400,0.0,0.0,2025-01-22,355.36499938964846,14.715487239547523,370.080486629196,340.6495121501009,384.7959738687435,325.93402491055343,195.18897115930784,3.498558513760694,-678900,1696.6681309946523,1946.7298381053893,396.8075793781112,57.11995169837082,372.3333333333333,374.66666666666663,367.66666666666663,379.3333333333333,365.3333333333333,381.66666666666663,360.66666666666663,,-13.43569900182344,-11.534246216611336,-15.526534613317546,3.9922883967062095,50.98571950554673,8.885733222516365,350.2,355.36499938964846,401.49406860351564,,SUPERSHAKT.BO,2025-07-29 12:16:55.234866
30,2025-01-03 00:00:00+05:30,343.0,343.0,343.0,343.0,600,0.0,0.0,2025-01-03,355.36749877929685,14.718107797879673,370.0856065771765,340.6493909814172,384.8037143750562,325.9312831835375,-30.64226041431127,-90.8507090887468,-681300,393.2143033318688,2009.2452648830733,396.8463677005971,38.46604482517751,343.0,343.0,343.0,343.0,343.0,343.0,343.0,,-48.43304001105936,-14.256281525554868,-16.524606712494098,2.2683251869392294,43.3478726363026,8.345425791236638,344.4,355.36749877929685,404.57987915039064,,SUPERSHAKT.BO,2025-07-29 12:16:55.234866
31,2024-11-27 00:00:00+05:30,341.0,341.0,341.0,341.0,1500,0.0,0.0,2024-11-27,356.6924987792969,14.738941100555774,371.4314398798527,341.9535576787411,386.1703809804084,327.21461657818537,-62.282838524086245,-98.06799908371133,-681900,977.3037714006359,2413.2530052708744,396.8658525450699,43.337947656316324,341.0,341.0,341.0,341.0,341.0,341.0,341.0,,-76.32352043600643,-14.866216405557509,-17.091688009228907,2.225471603671398,42.73407366878372,8.832069008794479,343.8,356.6924987792969,408.7050146484375,,SUPERSHAKT.BO,2025-07-29 12:16:55.234866
32,2024-11-26 00:00:00+05:30,345.0,345.0,340.0,340.0,900,0.0,0.0,2024-11-26,357.61817474365233,14.275590926095074,371.8937656697474,343.3425838175573,386.1693565958425,329.0669928914622,-65.98534013274927,-95.10410165780412,-683400,584.6626667616708,2772.240313738434,396.91643734454937,63.296280101266575,341.6666666666667,343.33333333333337,338.33333333333337,346.6666666666667,336.6666666666667,348.33333333333337,333.33333333333337,,-77.79410867130055,-15.224902480628202,-17.648055910146756,2.4231534295185533,42.444551586561545,9.26367711626901,346.8,357.61817474365233,413.868798828125,,SUPERSHAKT.BO,2025-07-29 12:16:55.234866
33,2024-11-25 00:00:00+05:30,357.0,357.0,357.0,357.0,1800,0.0,0.0,2024-11-25,358.7810974121094,13.700599887968796,372.48169730007817,345.0804975241406,386.18229718804696,331.3798976361718,63.58400650889618,-58.88706248871462,-682500,1227.7916001995086,3319.1347254826246,396.94737579572416,64.96168182599277,357.0,357.0,357.0,357.0,357.0,357.0,357.0,,-52.79410867130055,-15.35496416036841,-18.253844267526393,2.898880107157982,46.125785518696986,9.728485847395428,346.72999877929686,358.7810974121094,419.0525830078125,,SUPERSHAKT.BO,2025-07-29 12:16:55.234866
34,2024-11-19 00:00:00+05:30,341.0,341.0,341.0,341.0,300,0.0,0.0,2024-11-19,359.3561645507813,13.862328972182878,373.21849352296414,345.4938355785984,387.080822495147,331.63150660641554,-86.69749187176335,-84.8244589434825,-684300,195.46075428012722,3841.970506803403,396.99085198922575,71.44003233721554,341.0,341.0,341.0,341.0,341.0,341.0,341.0,,-76.32352043600643,-16.9630739751816,-18.978564294315888,2.015490319134287,41.70731563025895,10.020940743806468,346.8299987792969,359.3561645507813,423.8963671875,,SUPERSHAKT.BO,2025-07-29 12:16:55.234866
35,2024-11-14 00:00:00+05:30,340.0,340.0,340.0,340.0,300,0.0,0.0,2024-11-14,360.5564682006836,13.21338483575042,373.76985303643403,347.34308336493314,386.9832378721844,334.12969852918275,-106.35183372276119,-85.84041991059316,-684600,194.88755558722363,4753.597944934222,397.0010099812412,69.07134323015002,340.0,340.0,340.0,340.0,340.0,340.0,340.0,,-77.79410867130055,-17.18916799603818,-19.48243687409946,2.29326887806128,41.42852869589456,10.59606206372062,347.0299987792969,360.5564682006836,428.56082641601563,,SUPERSHAKT.BO,2025-07-29 12:16:55.234866
36,2024-10-31 00:00:00+05:30,356.0,356.0,356.0,356.0,300,0.0,0.0,2024-10-31,361.6320083618164,12.295664351862108,373.92767271367853,349.3363440099543,386.22333706554065,337.0406796580922,-15.546977881254543,-65.52328404787643,-684300,204.05873467368122,5893.2755422709715,397.01135311497035,64.01848106472654,356.0,356.0,356.0,356.0,356.0,356.0,356.0,,-54.26469690659467,-17.119710068255586,-20.05575409361478,2.9360440253591946,44.59738899684299,11.173985014437203,351.0299987792969,361.6320083618164,432.7459619140625,,SUPERSHAKT.BO,2025-07-29 12:16:55.234866
37,2024-10-25 00:00:00+05:30,339.6499938964844,339.6499938964844,339.6499938964844,339.6499938964844,300,0.0,0.0,2024-10-25,362.2820419311523,12.325862154069045,374.6079040852214,349.95617977708326,386.93376623929043,337.6303176230142,-117.35559602191047,-87.13860538943717,-684600,194.6869325461802,7315.579744170293,397.0187961917607,66.44345030704929,339.6499938964844,339.6499938964844,339.6499938964844,339.6499938964844,339.6499938964844,339.6499938964844,339.6499938964844,,-78.30882352941177,-18.347150902105682,-20.78976509995458,2.442614197848897,40.2615771523474,11.639550326532097,351.8299987792969,362.2820419311523,435.61244812011716,,SUPERSHAKT.BO,2025-07-29 12:16:55.234866
38,2024-10-22 00:00:00+05:30,324.8999938964844,357.5,324.8999938964844,357.5,600,0.0,0.0,2024-10-22,362.7334503173828,11.597166735672571,374.33061705305533,351.13628358171025,385.92778378872794,339.53911684603764,-91.74525535688882,-80.5905675026895,-684300,409.83706542607325,9095.802947076321,397.02920984256764,61.18538946241377,346.6333312988281,368.3666687011719,335.76666259765625,379.23333740234375,314.0333251953125,400.9666748046875,303.1666564941406,,-52.05881455365349,-18.030432112490246,-21.4004186494168,3.369986536926554,43.731070712446986,12.291390316089817,354.6299987792969,362.7334503173828,440.3039074707031,,SUPERSHAKT.BO,2025-07-29 12:16:55.234866
39,2024-10-17 00:00:00+05:30,360.0,360.0,342.0,342.0,600,0.0,0.0,2024-10-17,363.7853378295898,12.04301238060451,375.82835021019434,351.7423254489853,387.87136259079887,339.6993130683808,-88.20757455622727,-80.62010968886581,-684900,392.06790594606167,11267.294417488883,397.0435658294362,62.29879755849287,348.0,354.0,336.0,366.0,330.0,372.0,318.0,,-100.0,-19.109702867609258,-22.242915283648436,3.1332124160391785,39.529333863179154,12.993371843305821,353.85999755859376,363.7853378295898,444.13904296875,,SUPERSHAKT.BO,2025-07-29 12:16:55.234866
40,2024-10-16 00:00:00+05:30,360.0,360.0,360.0,360.0,63000,0.0,0.0,2024-10-16,366.01917572021483,11.932406839847737,377.95158256006255,354.0867688803671,389.8839893999103,342.15436204051935,-29.341311273936736,-68.51862971048989,-684300,43333.82118351208,13986.101045374588,397.06356349186285,65.51389402684515,360.0,360.0,360.0,360.0,360.0,360.0,360.0,,-78.52028326726047,-18.67544038185099,-23.026218387658233,4.350778005807243,42.99107532679884,13.599473068496916,364.0399963378906,366.01917572021483,448.78350219726565,,SUPERSHAKT.BO,2025-07-29 12:16:55.234866
41,2024-10-09 00:00:00+05:30,360.0,360.0,360.0,360.0,300,0.0,0.0,2024-10-09,367.8148895263672,13.569042003793848,381.3839315301611,354.24584752257334,394.9529735339549,340.67680551877953,-36.73958924898004,-69.65149961988122,-621300,206.35152944529563,6649.171010840215,398.53350651986875,61.71543456127064,360.0,360.0,360.0,360.0,360.0,360.0,360.0,,-78.52028326726047,-19.60921886020816,-24.113912889110043,4.504694028901884,42.99107532679884,13.51480892417649,368.0399963378906,367.8148895263672,451.9694482421875,,SUPERSHAKT.BO,2025-07-29 12:16:55.234866
42,2024-10-08 00:00:00+05:30,353.6499938964844,353.6499938964844,353.6499938964844,353.6499938964844,300,0.0,0.0,2024-10-08,369.7354339599609,15.042976966167275,384.7784109261282,354.69245699379366,399.8213878922955,339.64948002762634,-73.12832915379155,-76.85487852389771,-621600,202.71171424683058,8259.875881188944,398.5407852328495,99.07591784875798,353.6499938964844,353.6499938964844,353.6499938964844,353.6499938964844,353.6499938964844,353.6499938964844,353.6499938964844,,-93.67543130666965,-20.507628899010854,-25.24008639633551,4.732457497324656,41.43089212918511,13.423632153369878,367.0399963378906,369.7354339599609,454.7559344482422,,SUPERSHAKT.BO,2025-07-29 12:16:55.234866
43,2024-10-07 00:00:00+05:30,354.95001220703125,354.95001220703125,353.6499938964844,353.6499938964844,900,0.0,0.0,2024-10-07,371.85863342285154,15.638109524434658,387.4967429472862,356.2205238984169,403.1348524717209,340.5824143739822,-82.95998098993276,-77.80160759129252,-621300,608.1351427404917,10274.16692292447,398.5492663950139,59.77598828393304,354.0833333333333,354.51667277018225,353.2166544596354,355.3833516438802,352.78331502278644,355.81669108072913,351.9166361490885,,-88.45744280049797,-20.721764955176923,-26.423200770666675,5.701435815489752,41.43089212918511,13.512653949411055,371.1,371.85863342285154,456.57090759277344,,SUPERSHAKT.BO,2025-07-29 12:16:55.234866
44,2024-09-30 00:00:00+05:30,380.0,392.8999938964844,380.0,392.8999938964844,1200,0.0,0.0,2024-09-30,374.84566497802734,17.563963617524692,392.409628595552,357.28170136050267,409.9735922130767,339.717737742978,141.7104382911731,-49.01229865333349,-620400,900.8390517731874,12690.674867970463,398.5747291204384,59.32524687424338,388.59999593098956,397.19999186197913,384.29999796549475,401.49998982747394,375.7000020345052,410.0999857584635,371.4000040690104,,-8.51741948673915,-20.68195786109891,-27.84855972453911,7.166601863440203,48.50584194325363,13.608523575916937,370.57000122070315,374.84566497802734,458.6854754638672,,SUPERSHAKT.BO,2025-07-29 12:16:55.234866
45,2024-09-27 00:00:00+05:30,379.5,380.0,373.95001220703125,380.0,2400,0.0,0.0,2024-09-27,375.2060943603516,18.021947898509744,393.2280422588613,357.18414646184186,411.2499901573711,339.1621985633321,100.50249839544993,-60.047290637527006,-621600,1742.524026426941,15638.133822019781,398.57902328254505,59.1037749568565,377.98333740234375,382.01666259765625,375.9666748046875,384.0333251953125,371.933349609375,388.066650390625,369.91668701171875,,-33.995618884396684,-24.18316002305818,-29.64021019039916,5.457050167340981,45.67466606836567,12.729934757293206,366.0,375.2060943603516,460.0150433349609,,SUPERSHAKT.BO,2025-07-29 12:16:55.234866
46,2024-09-26 00:00:00+05:30,355.0,355.0,355.0,355.0,600,0.0,0.0,2024-09-26,375.83203582763673,18.410429998776603,394.2424658264133,357.42160582886015,412.65289582518994,339.0111758300835,-107.35733117447765,-81.27729437212238,-624000,406.9710719615553,19112.03627091799,398.60718398475433,59.17060815337832,355.0,355.0,355.0,355.0,355.0,355.0,355.0,,-88.44359411783906,-27.02889430086657,-31.0044727322344,3.9755784313678326,39.70948705858529,12.0980629991307,363.9,375.83203582763673,461.60261108398436,,SUPERSHAKT.BO,2025-07-29 12:16:55.234866
47,2024-09-24 00:00:00+05:30,385.0,385.0,362.04998779296875,373.95001220703125,3900,0.0,0.0,2024-09-24,378.55433349609376,19.17734184684812,397.73167534294186,359.37699164924567,416.90901718979,340.1996498023975,86.97808056618535,-69.30433965870071,-623400,2786.519556708618,23788.302570657095,398.62371438050286,59.05976954222531,373.6666666666667,385.2833455403646,362.33333333333337,396.61667887369794,350.71665445963544,408.23335774739587,339.3833211263021,,-62.43173271409149,-27.800646606532382,-31.998367340076356,4.197720733543974,43.03557069166969,12.078871017843033,364.8027038574219,378.55433349609376,463.6901788330078,,SUPERSHAKT.BO,2025-07-29 12:16:55.234866
48,2024-09-23 00:00:00+05:30,351.0,351.0,351.0,351.0,300,0.0,0.0,2024-09-23,380.8284545898438,21.193376775610695,402.0218313654545,359.63507781423306,423.21520814106515,338.4417010386224,-188.40244996538547,-90.56662454315209,-627300,201.19274120916327,29038.74832414421,398.68466025324756,58.97029644381664,351.0,351.0,351.0,351.0,351.0,351.0,351.0,,-93.93422095640037,-30.233790584834367,-33.04779752346235,2.8140069386279833,37.11182099204331,11.804906458862858,362.6643920898438,380.8284545898438,465.0991516113281,,SUPERSHAKT.BO,2025-07-29 12:16:55.234866
49,2024-09-20 00:00:00+05:30,384.95001220703125,384.95001220703125,370.04998779296875,370.04998779296875,1200,0.5,0.0,2024-09-20,384.2500762939453,21.643530444091724,405.893606738037,362.6065458498536,427.53713718212873,340.9630154057619,78.90210393818046,-75.06222582104263,-627000,848.44867724769,36248.13721987797,398.69372233235305,58.878878997846186,375.01666259765625,379.98333740234375,365.08331298828125,389.91668701171875,360.11663818359375,394.88336181640625,350.18328857421875,,-67.78512739381547,-30.63063598234919,-33.75129925811934,3.1206632757701485,40.34565178024882,12.490289466494852,366.16466064453124,384.2500762939453,466.98709777832033,,SUPERSHAKT.BO,2025-07-29 12:16:55.234866
50,2024-09-19 00:00:00+05:30,387.0262715932485,387.4756756756757,369.5,369.5,1200,0.0,0.0,2024-09-19,387.4681854248047,24.069935863216546,411.5381212880212,363.39824956158816,435.6080571512378,339.3283136983716,37.05962328610535,-78.13195150117691,-628200,847.1876681115194,45098.059355535544,398.7155129253842,58.959099812206524,375.49189189189184,381.4837837837837,363.508108108108,393.4675675675675,357.51621621621615,399.45945945945937,345.5324324324323,,-68.5400718280543,-32.550752963590924,-34.531465077061874,1.9807121134709504,40.205968028166396,12.553154595202717,365.1558776855469,387.4681854248047,470.07190856933596,,SUPERSHAKT.BO,2025-07-29 12:16:55.234866
51,2024-09-18 00:00:00+05:30,361.5108166164822,361.5108166164822,359.5135192871094,359.5135192871094,1500,0.0,0.0,2024-09-18,391.4128479003906,27.22776731123105,418.64061521162165,364.18508058915955,445.8683825228527,336.9573132779285,-71.56667468181422,-94.94949096074964,-629400,1030.3633966827197,56160.77727739155,398.7377554171431,58.74955829588443,360.179285063567,360.84505084002467,358.84775351065184,362.17658239293985,358.1819877341942,362.8423481693975,356.850456181279,,-82.24808158429734,-34.46172586203096,-35.026643105429606,0.5649172433986465,37.74741669399441,12.620855503041955,363.55803833007815,391.4128479003906,471.9693408203125,,SUPERSHAKT.BO,2025-07-29 12:16:55.234866
52,2024-09-17 00:00:00+05:30,363.2584533691406,363.2584533691406,363.2584533691406,363.2584533691406,300,0.0,0.0,2024-09-17,397.40723571777346,32.51834905939283,429.9255847771663,364.8888866583806,462.44393383655915,332.37053759898777,-64.41186277791553,-98.25341300459603,-627900,208.21927065737438,69943.38074756875,398.77511894936833,58.90743884661843,363.2584533691406,363.2584533691406,363.2584533691406,363.2584533691406,363.2584533691406,363.2584533691406,363.2584533691406,,-83.92682947313865,-35.4026858532788,-35.167872416279266,-0.23481343699953072,38.29478865759293,13.450879925793302,365.45546875,397.40723571777346,474.0665026855469,,SUPERSHAKT.BO,2025-07-29 12:16:55.234866
53,2024-09-11 00:00:00+05:30,368.5013427734375,368.5013427734375,368.5013427734375,368.5013427734375,300,0.0,0.0,2024-09-11,408.7044479370117,52.89425266194657,461.59870059895826,355.81019527506515,514.4929532609049,302.91594261311855,-52.68854906666557,-98.3732535031277,-627600,211.2244880109555,87377.1711167966,398.7818866066816,58.90537096257263,368.5013427734375,368.5013427734375,368.5013427734375,368.5013427734375,368.5013427734375,368.5013427734375,368.5013427734375,,-78.8739104037504,-36.439814716011654,-35.109169057029376,-1.3306456589822773,39.03113389694264,14.226079674487998,362.53941040039064,408.7044479370117,476.28849548339844,,SUPERSHAKT.BO,2025-07-29 12:16:55.234866
54,2024-09-06 00:00:00+05:30,369.49999181744823,369.49999181744823,361.5108028051791,365.0060729980469,900,0.0,0.0,2024-09-06,425.1322189331055,82.4913302916149,507.62354922472036,342.6408886414906,590.1148795163353,260.1495583498757,-78.65245360074752,-106.47669310237407,-627900,627.6630118330684,109168.657773993,398.78765762704245,58.875084690784625,365.33895587355806,369.16710894193704,361.1779199296679,373.3281448858272,357.3497668612889,377.1562979542062,353.18873091739874,,-82.24253292061164,-37.73188070560019,-34.7765076422838,-2.9553730633163866,38.2952445503729,14.901152481227845,364.54669189453125,425.1322189331055,478.9049548339844,,SUPERSHAKT.BO,2025-07-29 12:16:55.234866
55,2024-09-04 00:00:00+05:30,370.49864087183835,384.6794635755273,354.520262828848,361.51080322265625,625200,0.0,0.0,2024-09-04,436.21721801757815,88.65218220179196,524.8694002193702,347.5650358157862,613.5215824211621,258.91285361399423,-92.34086855739783,-110.90471792999747,-628800,431841.3114252451,136303.90646453298,398.8069834763725,58.86777964430104,366.9035098756772,379.28675692250636,349.12755617582707,397.06271062235646,336.7443091289979,409.44595766918565,318.9683554291478,,-85.61115543747287,-38.47019043097282,-34.0376643764547,-4.432526054518121,37.59583217833825,15.628153965409217,368.8808288574219,436.21721801757815,483.06931945800784,,SUPERSHAKT.BO,2025-07-29 12:16:55.234866
56,2024-09-03 00:00:00+05:30,364.25709036077313,369.49999570523937,348.5283743273744,369.00067138671875,426600,0.0,0.0,2024-09-03,443.107893371582,87.89252028596164,531.0004136575436,355.2153730856204,618.8929339435053,267.32285279965873,-146.44677296843315,-121.4814329907685,-3600,300768.2189826119,62419.55522435494,423.4035783019247,1.8115399593446284,362.34301380644416,376.1576532855139,355.18603190764895,383.3146351843091,341.3713924285792,397.12927466337885,334.214410529784,,-78.39267441394063,-38.48833782223005,-32.92953286282517,-5.558804959404881,38.46215014992462,16.411078640681463,375.7615234375,443.107893371582,486.80513366699216,,SUPERSHAKT.BO,2025-07-29 12:16:55.234866
57,2024-09-02 00:00:00+05:30,397.21249093278726,397.21249093278726,346.5809934115362,348.67816162109375,9000,0.0,0.0,2024-09-02,452.1206985473633,89.12672789476775,541.2474264421311,362.9939706525955,630.3741543368988,273.8672427578278,-226.17318173584806,-126.76973802330753,-430200,5995.855994557223,2832.3892847906936,467.9150475961841,24.26517288906176,364.1572153218058,381.73343723207535,331.1019397108243,414.7887128430568,313.52571780055473,432.3649347533264,280.47044218957325,,-97.97882037543967,-38.66605387988773,-31.539831622973942,-7.126222256913785,34.66979645303482,17.60949823664299,381.64356689453126,452.1206985473633,489.39423889160156,,SUPERSHAKT.BO,2025-07-29 12:16:55.234866
58,2024-08-30 00:00:00+05:30,395.4149364380217,395.4149364380217,373.69432877952227,378.5377502441406,3000,0.0,0.0,2024-08-30,459.6530059814453,86.24353775660073,545.896543738046,373.40946822484455,632.1400814946468,287.1659304682438,-161.64170761987393,-113.80046094891023,-421200,2169.773436546104,2041.5226073490614,470.0093722912969,17.86763548647228,382.5490051538948,391.4036815282674,369.68307386976795,404.26961281239426,360.8283974953954,413.1242891867668,347.9624662112685,,-96.98759309547066,-36.30627569073056,-29.758276058745494,-6.547999631985064,37.85287059077124,18.900103955370795,391.1307312011719,459.6530059814453,492.8882501220703,,SUPERSHAKT.BO,2025-07-29 12:16:55.234866
59,2024-08-29 00:00:00+05:30,419.33254939714766,419.43242035440426,386.62680709570304,386.6767578125,3900,0.0,0.0,2024-08-29,465.692333984375,84.47536741852299,550.167701402898,381.21696656585203,634.643068821421,296.741599147329,-75.80033181499952,-102.32421615137122,-418200,2881.3539580062443,2009.4599000498006,470.54807442349454,39.390933897900084,397.5786617542024,408.5305164127018,375.7249031540006,430.38427501290363,364.7730484955012,441.336129671403,342.91928989529936,,-99.95575352893687,-35.675666499447175,-28.121276150749228,-7.554390348697947,38.75352162958834,19.65900329695782,398.10130615234374,465.692333984375,,,SUPERSHAKT.BO,2025-07-29 12:16:55.234866
60,2024-08-27 00:00:00+05:30,398.71048019940764,407.4486560334586,386.4770340317364,395.9142761230469,2400,0.0,0.0,2024-08-27,472.5730224609375,83.29689316831312,555.8699156292506,389.27612929262443,639.1668087975638,305.9792361243113,-96.7167675158737,-109.86562674077832,-414300,1815.5003646048401,1791.4863855606895,471.19515283058234,41.695127292062345,396.6133220627473,406.7496100937581,385.77798809203597,417.5849440644694,375.6417000610251,427.7212320954803,364.8063660903138,,-97.90928923179548,-35.129324166590266,-26.232678563574737,-8.896645603015529,39.750446966081306,20.16278051639872,400.7876708984375,472.5730224609375,,,SUPERSHAKT.BO,2025-07-29 12:16:55.234866
61,2024-08-26 00:00:00+05:30,398.410888671875,398.410888671875,397.4621602696409,398.410888671875,1500,0.0,0.0,2024-08-26,480.24014739990236,82.92584328948678,563.1659906893891,397.3143041104156,646.0918339788759,314.3884608209288,-95.62956614777349,-113.3877303949573,-411900,1141.8430031264002,1785.4828907996516,471.55427448452406,52.1206214185502,398.0946458711303,398.7271314726197,397.7784030703856,399.0433742733644,397.1459174688962,399.6758598748538,396.8296746681515,,-98.22544469788615,-34.807333526068305,-24.00851716282085,-10.798816363247454,40.00902569069572,20.92741926149961,400.10858154296875,480.24014739990236,,,SUPERSHAKT.BO,2025-07-29 12:16:55.234866
62,2024-08-23 00:00:00+05:30,391.47027300095624,407.3987312485458,390.4716243453416,396.1139831542969,1800,0.0,0.0,2024-08-23,490.27906341552733,84.63372140945471,574.912784824982,405.6453420060726,659.5465062344367,321.01162059661795,-87.72481981377878,-118.4267274699303,-413400,1362.3121043092872,1946.3928627179644,471.7730047052557,50.60992436856221,397.9947795827281,405.5179348201146,388.59082791691037,414.9218864859323,381.06767267952387,422.4450417233188,371.66372101370615,,-98.73884061179352,-34.11358260057153,-21.308813072008988,-12.804769528562545,39.67378246365575,21.504070555747592,402.3155944824219,490.27906341552733,,,SUPERSHAKT.BO,2025-07-29 12:16:55.234866
63,2024-08-22 00:00:00+05:30,413.390625,413.390625,413.390625,413.390625,300,0.0,0.0,2024-08-22,500.4328247070313,84.92313840439155,585.3559631114229,415.5096863026397,670.2791015158143,330.58654789824817,-50.90085059881094,-105.57880539025109,-411600,236.95496590860185,2092.4130523201334,472.0454861754272,69.81004860439215,413.390625,413.390625,413.390625,413.390625,413.390625,413.390625,413.390625,,-95.30268809245639,-32.48228833285475,-18.10762068986835,-14.374667642986399,41.28323833197013,22.1250796418608,406.9792846679687,500.4328247070313,,,SUPERSHAKT.BO,2025-07-29 12:16:55.234866
64,2024-08-21 00:00:00+05:30,392.46892535087215,416.7860264392537,392.46892535087215,400.10858154296875,2700,0.0,0.0,2024-08-21,509.72275390625,85.06260001587164,594.7853539221217,424.66015389037835,679.8479539379932,339.59755387450673,-63.287464991237194,-124.20581996602546,-411900,2064.0754436394845,2556.277573923016,472.0807143202773,69.15680168311663,403.1211777776982,413.7734302045243,389.45632911614274,427.43827886607977,378.8040766893167,438.09053129290584,365.1392280277612,,-98.28475465174883,-31.60306890925085,-14.513953779121751,-17.0891151301291,39.53272461362744,22.31169169486278,408.187646484375,509.72275390625,,,SUPERSHAKT.BO,2025-07-29 12:16:55.234866
65,2024-08-20 00:00:00+05:30,450.34060903767033,450.34060903767033,392.5188293457031,392.5188293457031,1800,0.0,0.0,2024-08-20,518.4284729003906,82.1124042269978,600.5408771273884,436.3160686733928,682.6532813543862,354.203664446395,-65.96361807502794,-119.11430566074546,-414600,1349.9476795260473,2679.3281064938983,472.4718672158062,70.94622201608713,411.7927559096922,431.0666824736812,373.244902781714,469.6145356016594,353.97097621772497,488.88846216564843,315.4231230897468,,-100.0,-28.69048720206183,-10.241674996589476,-18.448812205472358,38.56062850425376,22.512658521172604,415.0483642578125,518.4284729003906,,,SUPERSHAKT.BO,2025-07-29 12:16:55.234866
66,2024-08-19 00:00:00+05:30,409.4459533691406,409.4459533691406,409.4459533691406,409.4459533691406,300,0.0,0.0,2024-08-19,526.2653701782226,76.76872249480704,603.0340926730296,449.4966476834156,679.8028151678367,372.72792518860854,-80.21995882197423,-128.77782166394414,-412800,234.69388528585938,3011.673213235861,472.7626055353338,70.0302041969524,409.4459533691406,409.4459533691406,409.4459533691406,409.4459533691406,409.4459533691406,409.4459533691406,409.4459533691406,,-100.0,-23.77932006961089,-5.629471945221386,-18.149848124389504,39.88885099647098,22.72812896287195,426.22324829101564,526.2653701782226,,,SUPERSHAKT.BO,2025-07-29 12:16:55.234866
67,2024-08-13 00:00:00+05:30,419.43243408203125,419.43243408203125,419.43243408203125,419.43243408203125,300,0.0,0.0,2024-08-13,530.7592880249024,72.05642413654061,602.815712161443,458.7028638883618,674.8721362979836,386.64643975182116,-86.35722469573271,-123.52422288680813,-412500,240.41812297719528,3705.918045223361,472.80100253482817,69.30880608864217,419.43243408203125,419.43243408203125,419.43243408203125,419.43243408203125,419.43243408203125,419.43243408203125,419.43243408203125,,-100.0,-18.79831042401429,-1.0920099141240107,-17.70630050989028,40.6561719497704,23.48959277205765,440.2143127441406,530.7592880249024,,,SUPERSHAKT.BO,2025-07-29 12:16:55.234866
68,2024-08-12 00:00:00+05:30,419.43243408203125,420.4310827346075,419.43243408203125,419.43243408203125,900,0.0,0.0,2024-08-12,538.4988143920898,67.64763739464449,606.1464517867342,470.8511769974453,673.7940891813788,403.2035396028008,-100.27490142320323,-131.21287043646393,-412200,721.2543689315859,4572.293025784902,472.83338637490874,69.55148027069352,419.76531696622334,420.0981998504154,419.09955119783916,420.7639656187996,418.7666683136471,421.0968485029917,418.1009025452629,,-100.0,-13.119802835481948,3.334565213348559,-16.454368048830506,40.6561719497704,24.137581204733646,474.1683654785156,538.4988143920898,,,SUPERSHAKT.BO,2025-07-29 12:16:55.234866
69,2024-08-08 00:00:00+05:30,449.3919004242996,449.3919004242996,434.41217041015625,434.41217041015625,2100,0.0,0.0,2024-08-08,544.9900314331055,61.577536436079825,606.5675678691854,483.4124949970257,668.1451043052651,421.8349585609459,-97.99962741807428,,-411300,1743.0314178236197,5535.052689998231,472.93077412985014,70.43982809004518,439.405413748204,444.3986570862518,429.41892707210843,454.38514376234735,424.42568373406067,459.3783871003951,414.4391970579651,,-100.0,-5.650807470838572,7.448157225556185,-13.098964696394757,41.693144206345764,24.83541490146164,529.6932312011719,544.9900314331055,,,SUPERSHAKT.BO,2025-07-29 12:16:55.234866
70,2024-08-07 00:00:00+05:30,448.89257384302357,448.89257384302357,448.39324951171875,448.39324951171875,1500,0.0,0.0,2024-08-07,551.9805709838868,56.05158097236176,608.0321519562485,495.928990011525,664.0837329286103,439.87740903916324,-108.15257038537915,,-409200,1285.0921226345727,6483.058008041882,473.0953835474557,72.72730490170733,448.559690955487,448.7261323992552,448.2268080679504,449.0590152867918,448.06036662418217,449.22545673056004,447.7274837366456,,-100.0,2.5221111602279507,10.722898399654873,-8.200787239426923,42.63551726980862,25.354022078890402,560.1520080566406,551.9805709838868,,,SUPERSHAKT.BO,2025-07-29 12:16:55.234866
71,2024-08-05 00:00:00+05:30,534.4767734531144,534.4767734531144,471.3621661359068,479.4012756347656,15600,0.0,0.0,2024-08-05,555.5257736206055,51.18609418038616,606.7118678009916,504.33967944021936,657.8979619813779,453.15358525983316,-72.21848503910375,,-407700,14289.193597648615,7782.549479393709,473.1710177606698,74.26610543108647,495.0800717412623,518.7979773466178,455.6833700294102,558.19467905847,431.9654644240547,581.9125846638254,392.56876271220256,,-97.80654275131238,11.570785387572414,12.773095209511604,-1.2023098219391901,44.71734172554368,25.700524309437743,570.3382202148438,555.5257736206055,,,SUPERSHAKT.BO,2025-07-29 12:16:55.234866
72,2024-08-02 00:00:00+05:30,837.8662091788599,837.8662091788599,589.2026977539062,589.2026977539062,7800,0.0,0.0,2024-08-02,556.5219253540039,49.80177941831455,606.3237047723185,506.72014593568935,656.125484190633,456.9183665173748,146.51705135726195,,-392100,8780.98562140315,6155.888449829982,472.9661009931474,95.46307137303978,672.0905348955574,754.9783720372086,506.31486061225496,920.7540463205111,423.4270234706038,1003.6418834621622,257.6513491873013,,-68.40659164964458,19.92669473640933,13.0736726649964,6.853022071412932,53.26929710847769,25.73051114667624,584.3093200683594,556.5219253540039,,,SUPERSHAKT.BO,2025-07-29 12:16:55.234866
73,2024-07-31 00:00:00+05:30,599.189194293965,703.0486546382522,582.2121671223026,697.0567626953125,3600,0.0,0.0,2024-07-31,549.2817230224609,55.04988769765364,604.3316107201146,494.2318353248073,659.3814984177682,439.18194762715365,170.31534351469963,,-384300,4794.624303078809,5499.61415693669,471.0225951952183,93.76037392661208,660.7725281519557,739.3328891816088,618.4964016656593,781.6090156679053,539.9360406360062,860.1693766975584,497.6599141497097,,-2.62008713733206,19.509094758619767,11.360417147143167,8.1486776114766,64.52430830912178,23.70586092702142,566.333642578125,549.2817230224609,,,SUPERSHAKT.BO,2025-07-29 12:16:55.234866
74,2024-07-26 00:00:00+05:30,549.2567320478723,599.1891622340426,499.3243018617021,586.7060546875,6600,0.0,0.0,2024-07-26,537.3978042602539,46.45309432136184,583.8508985816158,490.94470993889206,630.3039929029776,444.4916156175302,30.24065275591771,,-387900,7398.581160641056,5675.8616204011605,469.2647144369544,93.07745953703281,561.7398395944149,624.1553773271277,524.2905169547872,661.6046999667553,461.87497922207444,724.0202376994681,424.4256565824468,,-10.000034348165155,8.056856652544525,9.323247744274017,-1.266391091729492,55.614263181618384,22.606731054161244,526.7871520996093,537.3978042602539,,,SUPERSHAKT.BO,2025-07-29 12:16:55.234866
75,2024-07-25 00:00:00+05:30,499.3243103027344,499.3243103027344,499.3243103027344,499.3243103027344,300,0.0,0.0,2024-07-25,531.0314208984375,48.037824222935015,579.0692451213725,482.99359667550254,627.1070693443075,434.95577245256754,-85.9336257915781,,-394500,286.21204200051847,5245.181735341186,467.56602312498075,90.61007500126883,499.3243103027344,499.3243103027344,499.3243103027344,499.3243103027344,499.3243103027344,499.3243103027344,499.3243103027344,,-80.00000586730225,4.140320674284908,9.639845517206389,-5.499524842921481,45.56079733189018,22.688684264155896,514.3040466308594,531.0314208984375,,,SUPERSHAKT.BO,2025-07-29 12:16:55.234866
76,2024-07-02 00:00:00+05:30,509.3108276367188,549.2567749023438,509.3108276367188,549.2567749023438,25500,0.0,0.0,2024-07-02,529.0341247558594,50.20696694559332,579.2410917014527,478.82715781026604,629.448058647046,428.62019086467274,-32.70961114728679,,-394200,26760.82756260993,6484.924158676352,467.5451295149954,91.52296998736074,535.9414591471354,562.572090657552,522.6261433919271,575.8874064127604,495.9955118815105,602.5180379231771,482.6801961263022,,-39.999990710104804,7.6690135176751255,11.01472672793676,-3.345713210261634,51.784307256883075,24.217163378400805,524.2905395507812,529.0341247558594,,,SUPERSHAKT.BO,2025-07-29 12:16:55.234866
77,2024-06-28 00:00:00+05:30,474.3580947875977,499.3243103027344,474.3580947875977,499.3243103027344,600,0.0,0.0,2024-06-28,524.5402053833008,52.281178560394636,576.8213839436954,472.2590268229061,629.10256250409,419.9778482625115,-106.6151276536272,,-419700,572.4240840010369,1415.948307692956,462.70506689623255,57.01035589406853,491.00223846435546,507.64638214111324,482.68016662597654,515.9684539794921,466.03602294921876,532.6125976562499,457.71395111083984,,-80.00000586730225,7.153021272998444,11.851155030502166,-4.698133757503722,44.780173612273884,26.074907239065176,534.2770263671875,524.5402053833008,,,SUPERSHAKT.BO,2025-07-29 12:16:55.234866
78,2024-06-25 00:00:00+05:30,499.3243103027344,499.3243103027344,499.3243103027344,499.3243103027344,300,0.0,0.0,2024-06-25,521.7939224243164,55.04500405377997,576.8389264780964,466.74891837053644,631.8839305318763,411.7039143167565,-118.35963095517765,,-419100,286.21204200051847,1626.8293636159356,462.65395839182713,64.41847698640868,499.3243103027344,499.3243103027344,499.3243103027344,499.3243103027344,499.3243103027344,499.3243103027344,499.3243103027344,,-100.0,11.301606938896725,13.025688469878094,-1.724081530981369,44.780173612273884,26.856895234903295,554.2500061035156,521.7939224243164,,,SUPERSHAKT.BO,2025-07-29 12:16:55.234866
79,2024-06-21 00:00:00+05:30,524.29052734375,524.29052734375,524.29052734375,524.29052734375,300,0.0,0.0,2024-06-21,519.0975723266602,57.47093089029086,576.5685032169511,461.6266414363693,634.0394341072418,404.15571054607847,-91.13902723032227,,-418800,300.52264497517615,1961.98369401979,462.62835060417984,12.722230751310306,524.29052734375,524.29052734375,524.29052734375,524.29052734375,524.29052734375,524.29052734375,524.29052734375,,-48.38711267370993,16.441817269646776,13.456708852623436,2.9851084170233406,47.772666343229595,28.217631549868727,574.2229858398438,519.0975723266602,,,SUPERSHAKT.BO,2025-07-29 12:16:55.234866
80,2024-06-14 00:00:00+05:30,549.2567749023438,549.2567749023438,549.2567749023438,549.2567749023438,900,0.0,0.0,2024-06-14,519.0975723266602,57.47093089029086,576.5685032169511,461.6266414363693,634.0394341072418,404.15571054607847,-48.30949033462599,,-418500,944.4997963274094,2377.348956280943,462.5852603339216,12.84949204110795,549.2567749023438,549.2567749023438,549.2567749023438,549.2567749023438,549.2567749023438,549.2567749023438,549.2567749023438,,-32.25806197220641,20.31493158649721,12.7104317483676,7.604499838129609,50.933224757540316,30.24503806161407,584.20947265625,519.0975723266602,,,SUPERSHAKT.BO,2025-07-29 12:16:55.234866
81,2024-05-31 00:00:00+05:30,599.189208984375,599.189208984375,599.189208984375,599.189208984375,300,0.0,0.0,2024-05-31,514.8533142089843,58.25548480378198,573.1087990127663,456.59782940520233,631.3642838165483,398.34234460142034,86.13151169822058,,-417600,343.45447139178526,2735.5612462693266,462.4031773201224,13.266569138938848,599.189208984375,599.189208984375,599.189208984375,599.189208984375,599.189208984375,599.189208984375,599.189208984375,,-0.0,22.507092481292716,10.809306788835197,11.697785692457519,58.066113296977434,32.105418659869876,584.20947265625,514.8533142089843,,,SUPERSHAKT.BO,2025-07-29 12:16:55.234866
82,2024-05-06 00:00:00+05:30,599.189208984375,599.189208984375,599.189208984375,599.189208984375,300,0.0,0.0,2024-05-06,508.11243438720703,55.72838194231211,563.8408163295192,452.3840524448949,619.5691982718313,396.6556705025828,100.13484877576924,,-417300,343.45447139178526,3333.5879399887117,462.30732165672765,13.266569138938848,599.189208984375,599.189208984375,599.189208984375,599.189208984375,599.189208984375,599.189208984375,599.189208984375,,-0.0,20.055117960015878,7.884860365720816,12.170257594295062,58.066113296977434,32.670277368552206,564.2364929199218,508.11243438720703,,,SUPERSHAKT.BO,2025-07-29 12:16:55.234866
83,2024-05-03 00:00:00+05:30,591.4496817016602,599.189208984375,591.4496817016602,599.189208984375,900,0.0,0.0,2024-05-03,501.8708786010742,51.84624780892284,553.717126409997,450.02463079215136,605.5633742189199,398.1783829832285,102.46283478750844,,-417000,1030.3634141753557,4081.121307137943,462.2113315534124,13.027039783621618,596.6093665568034,601.7690514119465,594.0295241292317,604.3488938395182,588.8698392740886,609.5085786946613,586.2899968465169,,-0.0,16.61198212656268,4.84229596714705,11.769686159415631,58.06611329697744,33.278586747133176,559.2432434082032,501.8708786010742,,,SUPERSHAKT.BO,2025-07-29 12:16:55.234866
84,2024-05-02 00:00:00+05:30,574.2229614257812,574.2229614257812,574.2229614257812,574.2229614257812,300,0.0,0.0,2024-05-02,496.8776336669922,46.51519984030721,543.3928335072994,450.362433826685,589.9080333476066,403.8472339863778,83.19557208495787,,-417900,329.14385092449163,4843.81078037859,461.9225517696507,9.750743005613842,574.2229614257812,574.2229614257812,574.2229614257812,574.2229614257812,574.2229614257812,574.2229614257812,574.2229614257812,,-0.0,11.95202818636028,1.8998744272931416,10.052153759067139,55.57499303176992,33.93368915483576,549.2567565917968,496.8776336669922,,,SUPERSHAKT.BO,2025-07-29 12:16:55.234866
85,2024-04-30 00:00:00+05:30,549.2567749023438,549.2567749023438,549.2567749023438,549.2567749023438,600,0.0,0.0,2024-04-30,496.82770080566405,46.42825649203842,543.2559572977025,450.3994443136256,589.6842137897409,403.9711878215872,62.16598827754838,,-418200,629.6665308849396,5972.4775127421135,461.8435782044916,6.626452593901931,549.2567749023438,549.2567749023438,549.2567749023438,549.2567749023438,549.2567749023438,549.2567749023438,549.2567749023438,,-19.230748436266992,8.26358080753289,-0.6131640124736435,8.876744820006532,52.98131936746266,35.078768643751694,549.2567565917968,496.82770080566405,,,SUPERSHAKT.BO,2025-07-29 12:16:55.234866
86,2024-04-23 00:00:00+05:30,499.3243103027344,499.3243103027344,499.3243103027344,499.3243103027344,300,0.0,0.0,2024-04-23,496.7799377441406,46.37193853765971,543.1518762818004,450.4079992064809,589.5238148194601,404.0360606688212,-7.062170987931762,,-418800,286.21204200051847,7308.180258206407,461.72046102604395,7.279052638338044,499.3243103027344,499.3243103027344,499.3243103027344,499.3243103027344,499.3243103027344,499.3243103027344,499.3243103027344,,-57.69231582928683,5.8748357785009375,-2.832350217475277,8.707185995976214,47.26457727529339,36.78444472340813,543.2648620605469,496.7799377441406,,,SUPERSHAKT.BO,2025-07-29 12:16:55.234866
87,2024-04-16 00:00:00+05:30,574.2229614257812,574.2229614257812,574.2229614257812,574.2229614257812,300,0.0,0.0,2024-04-16,496.7365188598633,46.36983730047426,543.1063561603376,450.366681559389,589.4761934608118,403.99684425891473,117.29360940560922,,-418500,329.14385092449163,9063.672312257879,461.69396077990115,73.11812273148813,574.2229614257812,574.2229614257812,574.2229614257812,574.2229614257812,574.2229614257812,574.2229614257812,574.2229614257812,,-0.0,7.6450968264671815,-5.00914671646933,12.654243542936513,56.90147510553705,39.507725222830025,543.2648620605469,496.7365188598633,,,SUPERSHAKT.BO,2025-07-29 12:16:55.234866
88,2024-04-12 00:00:00+05:30,549.2567749023438,549.2567749023438,549.2567749023438,549.2567749023438,300,0.0,0.0,2024-04-12,494.1943069458008,43.182279414667114,537.376586360468,451.0120275311337,580.558865775135,407.8297481164666,110.42768647802141,,-418800,314.8332654424698,11247.304427591225,461.61460323360643,35.41188355906819,549.2567749023438,549.2567749023438,549.2567749023438,549.2567749023438,549.2567749023438,549.2567749023438,549.2567749023438,,-19.230748436266992,2.4193503026319263,-8.172707602203458,10.592057904835384,53.9979134772084,40.406536343844905,517.3,494.1943069458008,,,SUPERSHAKT.BO,2025-07-29 12:16:55.234866
89,2024-01-17 00:00:00+05:30,574.2229614257812,574.2229614257812,574.2229614257812,574.2229614257812,300,0.0,0.0,2024-01-17,,,,,,,207.19961481446393,,-418500,329.14385092449163,13980.422218128415,461.55275272431305,35.41774636105683,574.2229614257812,574.2229614257812,574.2229614257812,574.2229614257812,574.2229614257812,574.2229614257812,574.2229614257812,,-0.0,-1.8490545331917474,-10.820722078412302,8.971667545220555,57.60134774276797,41.934761026035964,499.32432250976564,,,,SUPERSHAKT.BO,2025-07-29 12:16:55.234866
90,2024-01-11 00:00:00+05:30,499.32432908278247,519.2973022460938,499.32432908278247,519.2973022460938,600,0.0,0.0,2024-01-11,,,,,,,120.59161878401164,,-418800,595.3210697516523,17393.241809929394,461.47318336788544,35.29666058110983,512.63964452499,525.9549599671975,505.98198680388623,532.6126176883013,492.6666713616787,545.9279331305088,486.00901364057495,,-6.249978513287574,-9.74468129828665,-13.063638964717441,3.3189576664307907,50.90954632964911,42.62185115768649,476.35540771484375,,,,SUPERSHAKT.BO,2025-07-29 12:16:55.234866
91,2024-01-10 00:00:00+05:30,499.3243103027344,499.3243103027344,499.3243103027344,499.3243103027344,300,0.0,0.0,2024-01-10,,,,,,,133.0178787206137,,-419400,286.21204200051847,21592.72199497383,461.3913953638144,35.23193050039002,499.3243103027344,499.3243103027344,499.3243103027344,499.3243103027344,499.3243103027344,499.3243103027344,499.3243103027344,,-57.364346410717495,-14.296484263199602,-13.893378381325137,-0.40310588187446506,48.146737323607994,44.741821946916026,464.3716247558594,,,,SUPERSHAKT.BO,2025-07-29 12:16:55.234866
92,2024-01-09 00:00:00+05:30,454.3851376651378,454.3851376651378,444.3986511230469,444.3986511230469,28800,0.0,0.0,2024-01-09,,,,,,,-80.1343932520196,,-419700,24453.957691377887,26919.349483217156,461.36454970568354,35.23894983678245,447.7274799704105,451.05630881777415,441.06982227568324,457.71396651250143,437.7409934283196,461.04279535986507,431.0833357335923,,-100.0,-17.940520909261977,-13.79260191085652,-4.147918998405457,39.44161325241125,47.674356769052714,456.3824401855469,,,,SUPERSHAKT.BO,2025-07-29 12:16:55.234866
93,2023-12-28 00:00:00+05:30,459.3783874511719,459.3783874511719,459.3783874511719,459.3783874511719,42600,0.0,0.0,2023-12-28,,,,,,,-29.207051204300598,,-390900,37390.74295539482,27535.69743117697,462.60124390760694,38.895388738472,459.3783874511719,459.3783874511719,459.3783874511719,459.3783874511719,459.3783874511719,459.3783874511719,459.3783874511719,,-88.37208586144888,-16.9248207731261,-12.755622161255154,-4.1691986118709465,41.192822150052294,49.96784058371459,456.3824401855469,,,,SUPERSHAKT.BO,2025-07-29 12:16:55.234866
94,2023-12-27 00:00:00+05:30,459.3783874511719,459.3783874511719,459.3783874511719,459.3783874511719,44700,0.0,0.0,2023-12-27,,,,,,,-37.72714287632334,,-348300,39233.948594041045,25071.936050122506,462.99072953893784,38.895388738472,459.3783874511719,459.3783874511719,459.3783874511719,459.3783874511719,459.3783874511719,459.3783874511719,459.3783874511719,,-88.37208586144888,-16.84325719518995,-11.713322508287417,-5.129934686902532,,52.995669942124955,453.5862243652344,,,,SUPERSHAKT.BO,2025-07-29 12:16:55.234866
95,2023-12-26 00:00:00+05:30,459.3783874511719,459.3783874511719,459.3783874511719,459.3783874511719,43200,0.0,0.0,2023-12-26,,,,,,,-46.87445036389643,,-303600,37917.37313786517,21531.432914142868,463.5153289259526,,459.3783874511719,459.3783874511719,459.3783874511719,459.3783874511719,459.3783874511719,459.3783874511719,459.3783874511719,,,-16.483630232602138,-10.430838836561783,-6.052791396040355,,56.25640925118227,466.56865234375,,,,SUPERSHAKT.BO,2025-07-29 12:16:55.234866
96,2023-12-08 00:00:00+05:30,459.3783874511719,459.3783874511719,459.3783874511719,459.3783874511719,300,0.0,0.0,2023-12-08,,,,,,,-54.84349138224678,,-260400,263.3150912351748,17434.94785821229,464.1907479422433,,459.3783874511719,459.3783874511719,459.3783874511719,459.3783874511719,459.3783874511719,459.3783874511719,459.3783874511719,,,-15.773446769401005,-8.917640987551692,-6.8558057818493126,,59.767974660936304,467.5672973632812,,,,SUPERSHAKT.BO,2025-07-29 12:16:55.234866
97,2023-12-01 00:00:00+05:30,444.3986511230469,444.3986511230469,444.3986511230469,444.3986511230469,300,0.0,0.0,2023-12-01,,,,,,,-95.07323732697519,,-260700,254.72872595185297,21727.856049956565,464.1962103264556,,444.3986511230469,444.3986511230469,444.3986511230469,444.3986511230469,444.3986511230469,444.3986511230469,444.3986511230469,,,-14.62520511167537,-7.203689542089363,-7.421515569586007,,63.54966048682526,468.5659423828125,,,,SUPERSHAKT.BO,2025-07-29 12:16:55.234866
98,2023-11-16 00:00:00+05:30,445.3973083496094,445.3973083496094,445.3973083496094,445.3973083496094,10200,0.0,0.0,2023-11-16,,,,,,,-117.55019760353365,,-260400,8680.23926893843,27096.137880957744,464.21870755282316,,445.3973083496094,445.3973083496094,445.3973083496094,445.3973083496094,445.3973083496094,445.3973083496094,445.3973083496094,,,-11.458236758307066,-5.348310649692861,-6.109926108614205,,67.0244606055182,474.5578308105469,,,,SUPERSHAKT.BO,2025-07-29 12:16:55.234866
99,2023-11-02 00:00:00+05:30,499.32431175595235,524.29052734375,499.32431175595235,524.29052734375,900,0.0,0.0,2023-11-02,,,,,,,,,-250200,901.5679349255284,31700.112533962572,464.9751231236379,,515.9684554811507,532.6125992063492,507.64638361855145,540.9346710689483,491.0022398933531,557.5788147941468,482.6801680307538,,,-7.328300536409017,-3.820829122539309,-3.507471413869708,,70.79398126337553,485.3432312011719,,,,SUPERSHAKT.BO,2025-07-29 12:16:55.234866
100,2023-10-26 00:00:00+05:30,469.36485569451446,469.36485569451446,464.3716125488281,464.3716125488281,100500,0.0,0.0,2023-10-26,,,,,,,,,-251100,89169.36244706581,39399.74868372183,464.7640362758795,,466.0360269307236,467.7004413126191,462.70719816693276,471.02927007640994,461.0427837850373,472.6936844583054,457.7139550212464,,,-9.699482539062387,-2.943961269071882,-6.755521269990505,,75.85711336811723,495.12998657226564,,,,SUPERSHAKT.BO,2025-07-29 12:16:55.234866
101,2023-10-20 00:00:00+05:30,464.3716125488281,464.42153278974996,464.3716125488281,464.3716125488281,150600,0.0,0.0,2023-10-20,,,,,,,,,-150600,133620.95506993146,26957.34524288583,465.0228196391909,,464.3882526291354,464.4048927094427,464.3549724685209,464.43817287005726,464.3383323882136,464.45481295036456,464.30505222759905,,,-6.68724694085256,-1.2550809515742551,-5.432165989278305,,79.43564502633139,511.915966796875,,,,SUPERSHAKT.BO,2025-07-29 12:16:55.234866
102,2023-10-19 00:00:00+05:30,474.35809326171875,474.35809326171875,474.35809326171875,474.35809326171875,300,0.0,0.0,2023-10-19,,,,,,,,,0,271.9014390258607,291.44278612442145,519.5071461995443,,474.35809326171875,474.35809326171875,474.35809326171875,474.35809326171875,474.35809326171875,474.35809326171875,474.35809326171875,,,-2.7293506531316325,0.10296054574532121,-2.832311198876954,,82.97991331759913,518.7328308105468,,,,SUPERSHAKT.BO,2025-07-29 12:16:55.234866
103,2023-10-18 00:00:00+05:30,499.3243103027344,499.3243103027344,499.3243103027344,499.3243103027344,300,0.0,0.0,2023-10-18,,,,,,,,,300,286.21204200051847,296.3281228990616,528.5369567871094,,499.3243103027344,499.3243103027344,499.3243103027344,499.3243103027344,499.3243103027344,499.3243103027344,499.3243103027344,,,1.3957927155313428,0.8110383454645596,0.5847543700667832,,87.1145410469681,528.5369567871094,,,,SUPERSHAKT.BO,2025-07-29 12:16:55.234866
104,2023-08-22 00:00:00+05:30,573.2243041992188,573.2243041992188,573.2243041992188,573.2243041992188,300,0.0,0.0,2023-08-22,,,,,,,,,600,328.5714219075673,298.85714312369737,535.8401184082031,,573.2243041992188,573.2243041992188,573.2243041992188,573.2243041992188,573.2243041992188,573.2243041992188,573.2243041992188,,,4.197283793862994,0.6648497529478636,3.5324340409151302,,92.48214994117691,,,,,SUPERSHAKT.BO,2025-07-29 12:16:55.234866
105,2023-08-17 00:00:00+05:30,548.301513671875,548.301513671875,548.301513671875,548.301513671875,300,0.0,0.0,2023-08-17,,,,,,,,,300,314.2857109537836,291.4285734277299,523.3787231445312,,548.301513671875,548.301513671875,548.301513671875,548.301513671875,548.301513671875,548.301513671875,548.301513671875,,,0.44241639989354553,-0.2182587572809189,0.6606751571744645,,95.47038327526133,,,,,SUPERSHAKT.BO,2025-07-29 12:16:55.234866
106,2023-08-02 00:00:00+05:30,498.4559326171875,498.4559326171875,498.4559326171875,498.4559326171875,300,0.0,0.0,2023-08-02,,,,,,,,,0,285.7142890462164,285.7142890462164,510.9173278808594,,498.4559326171875,498.4559326171875,498.4559326171875,498.4559326171875,498.4559326171875,498.4559326171875,498.4559326171875,,,-1.9171377328726749,-0.383427546574535,-1.53371018629814,,100.0,,,,,SUPERSHAKT.BO,2025-07-29 12:16:55.234866
107,2023-07-31 00:00:00+05:30,523.3787231445312,523.3787231445312,523.3787231445312,523.3787231445312,300,0.0,0.0,2023-07-31,,,,,,,,,300,,,523.3787231445312,,523.3787231445312,523.3787231445312,523.3787231445312,523.3787231445312,523.3787231445312,523.3787231445312,523.3787231445312,,,0.0,0.0,0.0,,,,,,,SUPERSHAKT.BO,2025-07-29 12:16:55.234866
